FUNCTION SUMMARY (mean):
---------------------------------------------------------------------------------------
%Time    Exclusive    Inclusive       #Call      #Subrs  Inclusive Name
              msec   total msec                          usec/call 
---------------------------------------------------------------------------------------
100.0      0.00598     2:17.459           1           1  137459517 .TAU application
100.0        0.162     2:17.459           1          87  137459511 FT 
 92.7        0.134     2:07.431          27         108    4719667 FFT 
 52.9        1,618     1:12.648      138240 1.41005E+06        526 CFFTZ 
 51.7     1:11.030     1:11.030 1.41005E+06           0         50 FFTZ2 
 43.2       11,114       59,323          54       82998    1098587 CFFTS1 
 28.0       14,041       38,480          27       55323    1425215 CFFTS2 
 17.0       0.0739       23,391          25          75     935651 TRANSPOSE_X_YZ 
 10.1        0.102       13,871          27          27     513764 TRANSPOSE2_GLOBAL 
 10.1       13,871       13,871          27           0     513760 MPI_Alltoall() 
  8.2       11,230       11,230          27           0     415951 TRANSPOSE2_LOCAL 
  4.5       0.0208        6,235           2           6    3117543 TRANSPOSE_XY_Z 
  4.0        5,499        5,499          25           0     219994 EVOLVE 
  3.3        4,523        4,523          27           0     167554 TRANSPOSE2_FINISH 
  1.9        2,592        2,592           2           0    1296027 COMPUTE_INDEXMAP 
  0.4          593          593           1           0     593164 MPI_Finalize() 
  0.4       0.0687          573           1     11.0156     573712 SETUP 
  0.4          566          566           1           0     566007 MPI_Init() 
  0.3        0.164          373          25          25      14948 CHECKSUM 
  0.3          373          373          25           0      14941 MPI_Reduce() 
  0.2          304          304           2           4     152426 COMPUTE_INITIAL_CONDITIONS 
  0.1           90           90           1           0      90616 MPI_Barrier() 
  0.0            5            5           2           0       2568 MPI_Comm_split() 
  0.0            1            1           1           0       1660 ALLOC_SPACE 
  0.0        0.841        0.841           5           0        168 MPI_Bcast() 
  0.0        0.403        0.403           2           2        202 FFT_INIT 
  0.0       0.0221       0.0221          83           0          0 ILOG2 
  0.0      0.00162      0.00162           4           0          0 IPOW46 
  0.0       0.0005       0.0005           1           0          0 VERIFY 
  0.0     0.000484     0.000484           1           0          0 MPI_Comm_size() 
  0.0     0.000188     0.000188           1           0          0 MPI_Comm_rank() 
  0.0            0            0    0.015625           0          0 SET_CLASS 
