Reading Profile files in profile.*

FUNCTION SUMMARY (total):
---------------------------------------------------------------------------------------
%Time    Exclusive    Inclusive       #Call      #Subrs  Inclusive Name
              msec   total msec                          usec/call 
---------------------------------------------------------------------------------------
100.0         0.08  7:12:36.262          16          16 1622266408 .TAU application
100.0           18  7:12:36.262          16        8305 1622266403 MPSP 
 98.5           92  7:06:18.449        8016       48096    3190924 ADI 
 27.5     2:48.021  1:58:59.540        8032      112448     888887 COPY_FACES 
 26.4  1:54:12.665  1:54:12.665        8032           0     853170 COMPUTE_RHS 
 25.9    36:43.352  1:51:54.937        8016      208416     837692 Z_SOLVE 
 21.8    35:53.039  1:34:12.841        8016      208416     705195 Y_SOLVE 
 19.0    45:09.305  1:22:19.241        8016      208416     616173 X_SOLVE 
 14.6  1:02:59.794  1:02:59.794       32064           0     117883 LHSZ 
 11.2    48:19.132    48:19.132       32064           0      90417 LHSY 
  6.8    29:24.848    29:24.848       32064           0      55041 LHSX 
  3.1    13:14.694    13:14.694      152320           0       5217 MPI_Waitall() 
  2.3    10:00.040    10:00.040        8016           0      74855 TXINVR 
  2.2     9:35.550     9:35.550       32064           0      17950 TZETAR 
  2.1     9:05.923     9:05.923        8016           0      68104 ADD 
  1.3     5:26.385     5:26.385       32064           0      10179 PINVR 
  0.8     3:37.727     3:37.727       32064           0       6790 NINVR 
  0.8     1:28.231     3:23.065          32 8.17005E+08    6345784 INITIALIZE 
  0.6     2:33.529     2:33.529 1.09262E+09           0          0 EXACT_SOLUTION 
  0.3     1:07.901     1:07.901          16           0    4243833 MPI_Finalize() 
  0.2       31,738     1:00.911          16 2.07693E+08    3806967 EXACT_RHS 
  0.1        0.559       32,089          16          48    2005564 VERIFY 
  0.1        7,637       17,271          16 6.79173E+07    1079479 ERROR_NORM 
  0.0        0.442       10,652          16          80     665792 SETUP_MPI 
  0.0       10,645       10,645          16           0     665337 MPI_Init() 
  0.0        2,716        2,716          16           0     169781 LHSINIT 
  0.0        1,657        1,657      192480           0          9 MPI_Isend() 
  0.0          317          648          16          16      40558 RHS_NORM 
  0.0          443          443          32           0      13866 MPI_Allreduce() 
  0.0          387          387      192480           0          2 MPI_Irecv() 
  0.0          346          346          32           0      10819 MPI_Barrier() 
  0.0          101          101          16           0       6371 ALLOC_SPACE 
  0.0            9            9          64           0        156 MPI_Bcast() 
  0.0            6            6          32           0        214 MPI_Comm_dup() 
  0.0          0.4          0.4          16           0         25 MPI_Reduce() 
  0.0        0.025        0.025          16           0          2 SET_CONSTANTS 
  0.0        0.015        0.015          16           0          1 COMPUTE_BUFFER_SIZE 
  0.0        0.012        0.012          16           0          1 MAKE_SET 
  0.0        0.006        0.006          16           0          0 MPI_Comm_size() 
  0.0        0.001        0.001          16           0          0 MPI_Comm_rank() 
  0.0            0            0           1           0          0 SET_CLASS 

FUNCTION SUMMARY (mean):
---------------------------------------------------------------------------------------
%Time    Exclusive    Inclusive       #Call      #Subrs  Inclusive Name
              msec   total msec                          usec/call 
---------------------------------------------------------------------------------------
100.0        0.005    27:02.266           1           1 1622266408 .TAU application
100.0            1    27:02.266           1     519.062 1622266403 MPSP 
 98.5            5    26:38.653         501        3006    3190924 ADI 
 27.5       10,501     7:26.221         502        7028     888887 COPY_FACES 
 26.4     7:08.291     7:08.291         502           0     853170 COMPUTE_RHS 
 25.9     2:17.709     6:59.683         501       13026     837692 Z_SOLVE 
 21.8     2:14.564     5:53.302         501       13026     705195 Y_SOLVE 
 19.0     2:49.331     5:08.702         501       13026     616173 X_SOLVE 
 14.6     3:56.237     3:56.237        2004           0     117883 LHSZ 
 11.2     3:01.195     3:01.195        2004           0      90417 LHSY 
  6.8     1:50.303     1:50.303        2004           0      55041 LHSX 
  3.1       49,668       49,668        9520           0       5217 MPI_Waitall() 
  2.3       37,502       37,502         501           0      74855 TXINVR 
  2.2       35,971       35,971        2004           0      17950 TZETAR 
  2.1       34,120       34,120         501           0      68104 ADD 
  1.3       20,399       20,399        2004           0      10179 PINVR 
  0.8       13,607       13,607        2004           0       6790 NINVR 
  0.8        5,514       12,691           2 5.10628E+07    6345784 INITIALIZE 
  0.6        9,595        9,595 6.82885E+07           0          0 EXACT_SOLUTION 
  0.3        4,243        4,243           1           0    4243833 MPI_Finalize() 
  0.2        1,983        3,806           1 1.29808E+07    3806967 EXACT_RHS 
  0.1       0.0349        2,005           1           3    2005564 VERIFY 
  0.1          477        1,079           1 4.24483E+06    1079479 ERROR_NORM 
  0.0       0.0276          665           1           5     665792 SETUP_MPI 
  0.0          665          665           1           0     665337 MPI_Init() 
  0.0          169          169           1           0     169781 LHSINIT 
  0.0          103          103       12030           0          9 MPI_Isend() 
  0.0           19           40           1           1      40558 RHS_NORM 
  0.0           27           27           2           0      13866 MPI_Allreduce() 
  0.0           24           24       12030           0          2 MPI_Irecv() 
  0.0           21           21           2           0      10819 MPI_Barrier() 
  0.0            6            6           1           0       6371 ALLOC_SPACE 
  0.0        0.623        0.623           4           0        156 MPI_Bcast() 
  0.0        0.427        0.427           2           0        214 MPI_Comm_dup() 
  0.0        0.025        0.025           1           0         25 MPI_Reduce() 
  0.0      0.00156      0.00156           1           0          2 SET_CONSTANTS 
  0.0     0.000937     0.000937           1           0          1 COMPUTE_BUFFER_SIZE 
  0.0      0.00075      0.00075           1           0          1 MAKE_SET 
  0.0     0.000375     0.000375           1           0          0 MPI_Comm_size() 
  0.0     6.25E-05     6.25E-05           1           0          0 MPI_Comm_rank() 
  0.0            0            0      0.0625           0          0 SET_CLASS 
