Reading Profile files in profile.*

FUNCTION SUMMARY (total):
---------------------------------------------------------------------------------------
%Time    Exclusive    Inclusive       #Call      #Subrs  Inclusive Name
              msec   total msec                          usec/call 
---------------------------------------------------------------------------------------
100.0        0.575     3:27.684         121         121    1716403 .TAU application
100.0           24     3:27.684         121       50700    1716398 MPSP 
 39.3           72     1:21.570       48521      291126       1681 ADI 
 30.0            3     1:02.218         121         605     514204 SETUP_MPI 
 29.9     1:02.061     1:02.061         121           0     512901 MPI_Init() 
 29.7     1:01.625     1:01.625         121           0     509299 MPI_Finalize() 
 13.3        5,078       27,594       48642      680988        567 COPY_FACES 
 10.7       22,190       22,190  2.9599E+06           0          7 MPI_Waitall() 
  8.8        5,295       18,253       48521 3.97872E+06        376 X_SOLVE 
  8.7        5,597       18,121       48521 3.97872E+06        373 Y_SOLVE 
  7.6        5,512       15,688       48521 3.97872E+06        323 Z_SOLVE 
  7.2       14,878       14,878       48642           0        306 COMPUTE_RHS 
  2.7        5,512        5,512      533731           0         10 LHSX 
  2.3        4,754        4,754 3.20311E+06           0          1 MPI_Isend() 
  1.8        3,802        3,802      533731           0          7 LHSZ 
  1.8        3,713        3,713      533731           0          7 LHSY 
  0.6        1,237        1,237 3.20311E+06           0          0 MPI_Irecv() 
  0.5          547        1,139         242 3.19488E+06       4708 INITIALIZE 
  0.5        1,108        1,108      533731           0          2 TZETAR 
  0.5        1,064        1,064       48521           0         22 TXINVR 
  0.4          849          849 4.65635E+06           0          0 EXACT_SOLUTION 
  0.4          843          843       48521           0         17 ADD 
  0.2          494          494      533731           0          1 PINVR 
  0.2          481          481      533731           0          1 NINVR 
  0.2          253          475         121 1.19933E+06       3931 EXACT_RHS 
  0.1          282          282         242           0       1169 MPI_Barrier() 
  0.1        0.973          220         121         363       1821 VERIFY 
  0.1          154          154         242           0        638 MPI_Comm_dup() 
  0.1           30          107         121      262265        888 ERROR_NORM 
  0.0           86           86         484           0        179 MPI_Bcast() 
  0.0           82           82         242           0        340 MPI_Allreduce() 
  0.0        0.896           43         121         121        356 RHS_NORM 
  0.0           31           31         121           0        262 LHSINIT 
  0.0            7            7         121           0         59 ALLOC_SPACE 
  0.0            1            1         121           0         12 MPI_Reduce() 
  0.0        0.215        0.215         121           0          2 SET_CONSTANTS 
  0.0        0.112        0.112         121           0          1 MAKE_SET 
  0.0        0.057        0.057         121           0          0 COMPUTE_BUFFER_SIZE 
  0.0        0.042        0.042         121           0          0 MPI_Comm_size() 
  0.0        0.021        0.021         121           0          0 MPI_Comm_rank() 
  0.0            0            0           1           0          0 SET_CLASS 

FUNCTION SUMMARY (mean):
---------------------------------------------------------------------------------------
%Time    Exclusive    Inclusive       #Call      #Subrs  Inclusive Name
              msec   total msec                          usec/call 
---------------------------------------------------------------------------------------
100.0      0.00475        1,716           1           1    1716403 .TAU application
100.0          0.2        1,716           1     419.008    1716398 MPSP 
 39.3        0.603          674         401        2406       1681 ADI 
 30.0       0.0273          514           1           5     514204 SETUP_MPI 
 29.9          512          512           1           0     512901 MPI_Init() 
 29.7          509          509           1           0     509299 MPI_Finalize() 
 13.3           41          228         402        5628        567 COPY_FACES 
 10.7          183          183       24462           0          7 MPI_Waitall() 
  8.8           43          150         401       32882        376 X_SOLVE 
  8.7           46          149         401       32882        373 Y_SOLVE 
  7.6           45          129         401       32882        323 Z_SOLVE 
  7.2          122          122         402           0        306 COMPUTE_RHS 
  2.7           45           45        4411           0         10 LHSX 
  2.3           39           39       26472           0          1 MPI_Isend() 
  1.8           31           31        4411           0          7 LHSZ 
  1.8           30           30        4411           0          7 LHSY 
  0.6           10           10       26472           0          0 MPI_Irecv() 
  0.5            4            9           2       26404       4708 INITIALIZE 
  0.5            9            9        4411           0          2 TZETAR 
  0.5            8            8         401           0         22 TXINVR 
  0.4            7            7     38482.2           0          0 EXACT_SOLUTION 
  0.4            6            6         401           0         17 ADD 
  0.2            4            4        4411           0          1 PINVR 
  0.2            3            3        4411           0          1 NINVR 
  0.2            2            3           1      9911.8       3931 EXACT_RHS 
  0.1            2            2           2           0       1169 MPI_Barrier() 
  0.1      0.00804            1           1           3       1821 VERIFY 
  0.1            1            1           2           0        638 MPI_Comm_dup() 
  0.1        0.253        0.888           1     2167.48        888 ERROR_NORM 
  0.0        0.714        0.714           4           0        179 MPI_Bcast() 
  0.0        0.679        0.679           2           0        340 MPI_Allreduce() 
  0.0       0.0074        0.356           1           1        356 RHS_NORM 
  0.0        0.262        0.262           1           0        262 LHSINIT 
  0.0       0.0595       0.0595           1           0         59 ALLOC_SPACE 
  0.0       0.0123       0.0123           1           0         12 MPI_Reduce() 
  0.0      0.00178      0.00178           1           0          2 SET_CONSTANTS 
  0.0     0.000926     0.000926           1           0          1 MAKE_SET 
  0.0     0.000471     0.000471           1           0          0 COMPUTE_BUFFER_SIZE 
  0.0     0.000347     0.000347           1           0          0 MPI_Comm_size() 
  0.0     0.000174     0.000174           1           0          0 MPI_Comm_rank() 
  0.0            0            0  0.00826446           0          0 SET_CLASS 
