Reading Profile files in profile.*

FUNCTION SUMMARY (total):
---------------------------------------------------------------------------------------
%Time    Exclusive    Inclusive       #Call      #Subrs  Inclusive Name
              msec   total msec                          usec/call 
---------------------------------------------------------------------------------------
100.0         0.37 55:00:25.267          64          64 3094144805 .TAU application
100.0            6 55:00:25.267          64        1089 3094144799 APPLU 
 98.0  1:49:22.540 53:54:32.717         128 1.00603E+10 1516193106 SSOR 
 27.0 13:58:22.718 14:49:35.239       19392       38784    2752436 RHS 
 15.4  8:27:32.916  8:27:32.916 2.49547E+09           0         12 JACLD 
 15.2  8:21:32.712  8:21:32.712 2.49547E+09           0         12 BLTS 
 15.0  8:14:04.583  8:14:04.583 2.49547E+09           0         12 BUTS 
 14.9  8:12:55.881  8:12:55.881 2.49547E+09           0         12 JACU 
  7.2     3:18.124  3:56:40.970  7.8443E+07 1.37275E+08        181 EXCHANGE_1 
  7.0  3:51:34.054  3:51:34.054 6.86376E+07           0        202 MPI_Recv() 
  1.7    22:17.450    55:15.884         128 1.26597E+10   25905344 SETIV 
  1.6    13:33.896    51:48.199       38912      204288      79878 EXCHANGE_3 
  1.1    35:46.601    35:46.601 1.37272E+10           0          0 EXACT 
  0.6    21:15.988    21:15.988 6.87059E+07           0         19 MPI_Send() 
  0.6    18:37.875    18:37.875       68236           0      16382 MPI_Wait() 
  0.1     1:57.954     4:47.486          64 1.05498E+09    4491983 ERROR 
  0.1     3:41.210     4:16.889          64         128    4013902 ERHS 
  0.1     2:37.550     2:37.550         640           0     246172 MPI_Allreduce() 
  0.1       18,407     2:18.499         256         256     541013 L2NORM 
  0.0       45,203       45,203          64           0     706304 MPI_Finalize() 
  0.0            2       38,551          64         192     602373 INIT_COMM 
  0.0       38,548       38,548          64           0     602326 MPI_Init() 
  0.0        9,239        9,239       68236           0        135 MPI_Irecv() 
  0.0        1,388        7,928         128 1.24848E+07      61938 SETBV 
  0.0          172          366          64         288       5721 PINTGR 
  0.0          177          177          64           0       2766 ALLOC_SPACE 
  0.0        0.844           55          64          65        863 READ_INPUT 
  0.0        0.541           54          64         640        850 BCAST_INPUTS 
  0.0           53           53         640           0         84 MPI_Bcast() 
  0.0        0.332            5          64         336         93 EXCHANGE_4 
  0.0            3            3         128           0         30 MPI_Barrier() 
  0.0        0.112            1          16          42        115 EXCHANGE_6 
  0.0        0.127            1          16          42         78 EXCHANGE_5 
  0.0        0.225        0.225           1           0        225 VERIFY 
  0.0        0.112         0.12          64          64          2 PROC_GRID 
  0.0         0.06         0.06          64           0          1 SETCOEFF 
  0.0        0.039        0.039          64           0          1 NEIGHBORS 
  0.0        0.035        0.035          64           0          1 MPI_Comm_size() 
  0.0        0.022        0.022          64           0          0 SUBDOMAIN 
  0.0        0.014        0.014          64           0          0 MPI_Comm_rank() 
  0.0        0.008        0.008          64           0          0 ISQRT2 
  0.0        0.001        0.001           1           0          1 SET_CLASS 

FUNCTION SUMMARY (mean):
---------------------------------------------------------------------------------------
%Time    Exclusive    Inclusive       #Call      #Subrs  Inclusive Name
              msec   total msec                          usec/call 
---------------------------------------------------------------------------------------
100.0      0.00578    51:34.144           1           1 3094144805 .TAU application
100.0        0.102    51:34.144           1     17.0156 3094144799 APPLU 
 98.0     1:42.539    50:32.386           2 1.57193E+08 1516193106 SSOR 
 27.0    13:05.979    13:53.988         303         606    2752436 RHS 
 15.4     7:55.826     7:55.826 3.89917E+07           0         12 JACLD 
 15.2     7:50.198     7:50.198 3.89917E+07           0         12 BLTS 
 15.0     7:43.196     7:43.196 3.89917E+07           0         12 BUTS 
 14.9     7:42.123     7:42.123 3.89917E+07           0         12 JACU 
  7.2        3,095     3:41.890 1.22567E+06 2.14493E+06        181 EXCHANGE_1 
  7.0     3:37.094     3:37.094 1.07246E+06           0        202 MPI_Recv() 
  1.7       20,897       51,810           2 1.97808E+08   25905344 SETIV 
  1.6       12,717       48,565         608        3192      79878 EXCHANGE_3 
  1.1       33,540       33,540 2.14487E+08           0          0 EXACT 
  0.6       19,937       19,937 1.07353E+06           0         19 MPI_Send() 
  0.6       17,466       17,466     1066.19           0      16382 MPI_Wait() 
  0.1        1,843        4,491           1  1.6484E+07    4491983 ERROR 
  0.1        3,456        4,013           1           2    4013902 ERHS 
  0.1        2,461        2,461          10           0     246172 MPI_Allreduce() 
  0.1          287        2,164           4           4     541013 L2NORM 
  0.0          706          706           1           0     706304 MPI_Finalize() 
  0.0       0.0462          602           1           3     602373 INIT_COMM 
  0.0          602          602           1           0     602326 MPI_Init() 
  0.0          144          144     1066.19           0        135 MPI_Irecv() 
  0.0           21          123           2      195075      61938 SETBV 
  0.0            2            5           1         4.5       5721 PINTGR 
  0.0            2            2           1           0       2766 ALLOC_SPACE 
  0.0       0.0132        0.863           1     1.01562        863 READ_INPUT 
  0.0      0.00845         0.85           1          10        850 BCAST_INPUTS 
  0.0        0.842        0.842          10           0         84 MPI_Bcast() 
  0.0      0.00519       0.0933           1        5.25         93 EXCHANGE_4 
  0.0       0.0596       0.0596           2           0         30 MPI_Barrier() 
  0.0      0.00175       0.0288        0.25     0.65625        115 EXCHANGE_6 
  0.0      0.00198       0.0194        0.25     0.65625         78 EXCHANGE_5 
  0.0      0.00352      0.00352    0.015625           0        225 VERIFY 
  0.0      0.00175      0.00187           1           1          2 PROC_GRID 
  0.0     0.000937     0.000937           1           0          1 SETCOEFF 
  0.0     0.000609     0.000609           1           0          1 NEIGHBORS 
  0.0     0.000547     0.000547           1           0          1 MPI_Comm_size() 
  0.0     0.000344     0.000344           1           0          0 SUBDOMAIN 
  0.0     0.000219     0.000219           1           0          0 MPI_Comm_rank() 
  0.0     0.000125     0.000125           1           0          0 ISQRT2 
  0.0     1.56E-05     1.56E-05    0.015625           0          1 SET_CLASS 
