Reading Profile files in profile.*

FUNCTION SUMMARY (total):
---------------------------------------------------------------------------------------
%Time    Exclusive    Inclusive       #Call      #Subrs  Inclusive Name
              msec   total msec                          usec/call 
---------------------------------------------------------------------------------------
100.0            1    14:30.743         256         256    3401344 .TAU application
100.0           26    14:30.742         256       18432    3401338 FT 
 56.3           16     8:10.361        5632       22528      87067 FFT 
 29.4           15     4:15.923         256        2817     999701 SETUP 
 29.0     4:12.613     4:12.613         256           0     986771 MPI_Init() 
 27.9           12     4:02.895        5120       15360      47440 TRANSPOSE_X_YZ 
 26.5           11     3:50.987        5632        5632      41013 TRANSPOSE2_GLOBAL 
 26.5     3:50.975     3:50.975        5632           0      41011 MPI_Alltoall() 
 19.0       11,209     2:45.302 1.08134E+06  9.7321E+06        153 CFFTZ 
 17.7     2:34.093     2:34.093  9.7321E+06           0         16 FFTZ2 
 15.8       27,535     2:17.267       11264      732160      12186 CFFTS1 
 10.5     1:31.763     1:31.763         256           0     358451 MPI_Finalize() 
  8.3       17,010     1:12.585        5632      366080      12888 CFFTS2 
  4.3            4       37,597         512        1536      73432 TRANSPOSE_XY_Z 
  3.7       31,974       31,974        5632           0       5677 TRANSPOSE2_LOCAL 
  2.0       17,513       17,513        5632           0       3110 TRANSPOSE2_FINISH 
  1.8       15,558       15,558        5120           0       3039 EVOLVE 
  1.3       10,992       10,992         512           0      21470 COMPUTE_INDEXMAP 
  0.3        2,681        2,681         512           0       5237 MPI_Comm_split() 
  0.3        2,525        2,525         256           0       9864 MPI_Barrier() 
  0.3           22        2,338        5120        5120        457 CHECKSUM 
  0.3        2,316        2,316        5120           0        452 MPI_Reduce() 
  0.1        1,219        1,219         512        1024       2383 COMPUTE_INITIAL_CONDITIONS 
  0.0          410          410         256           0       1603 ALLOC_SPACE 
  0.0          202          202        1280           0        158 MPI_Bcast() 
  0.0           33           33         512         512         66 FFT_INIT 
  0.0            4            4       17408           0          0 ILOG2 
  0.0        0.401        0.401        1024           0          0 IPOW46 
  0.0        0.113        0.113         256           0          0 MPI_Comm_size() 
  0.0        0.066        0.066         256           0          0 MPI_Comm_rank() 
  0.0        0.065        0.065         256           0          0 VERIFY 
  0.0        0.001        0.001           1           0          1 SET_CLASS 

FUNCTION SUMMARY (mean):
---------------------------------------------------------------------------------------
%Time    Exclusive    Inclusive       #Call      #Subrs  Inclusive Name
              msec   total msec                          usec/call 
---------------------------------------------------------------------------------------
100.0      0.00527        3,401           1           1    3401344 .TAU application
100.0        0.102        3,401           1          72    3401338 FT 
 56.3        0.064        1,915          22          88      87067 FFT 
 29.4       0.0621          999           1     11.0039     999701 SETUP 
 29.0          986          986           1           0     986771 MPI_Init() 
 27.9       0.0469          948          20          60      47440 TRANSPOSE_X_YZ 
 26.5       0.0455          902          22          22      41013 TRANSPOSE2_GLOBAL 
 26.5          902          902          22           0      41011 MPI_Alltoall() 
 19.0           43          645        4224       38016        153 CFFTZ 
 17.7          601          601       38016           0         16 FFTZ2 
 15.8          107          536          44        2860      12186 CFFTS1 
 10.5          358          358           1           0     358451 MPI_Finalize() 
  8.3           66          283          22        1430      12888 CFFTS2 
  4.3       0.0182          146           2           6      73432 TRANSPOSE_XY_Z 
  3.7          124          124          22           0       5677 TRANSPOSE2_LOCAL 
  2.0           68           68          22           0       3110 TRANSPOSE2_FINISH 
  1.8           60           60          20           0       3039 EVOLVE 
  1.3           42           42           2           0      21470 COMPUTE_INDEXMAP 
  0.3           10           10           2           0       5237 MPI_Comm_split() 
  0.3            9            9           1           0       9864 MPI_Barrier() 
  0.3       0.0878            9          20          20        457 CHECKSUM 
  0.3            9            9          20           0        452 MPI_Reduce() 
  0.1            4            4           2           4       2383 COMPUTE_INITIAL_CONDITIONS 
  0.0            1            1           1           0       1603 ALLOC_SPACE 
  0.0         0.79         0.79           5           0        158 MPI_Bcast() 
  0.0        0.132        0.132           2           2         66 FFT_INIT 
  0.0       0.0161       0.0161          68           0          0 ILOG2 
  0.0      0.00157      0.00157           4           0          0 IPOW46 
  0.0     0.000441     0.000441           1           0          0 MPI_Comm_size() 
  0.0     0.000258     0.000258           1           0          0 MPI_Comm_rank() 
  0.0     0.000254     0.000254           1           0          0 VERIFY 
  0.0     3.91E-06     3.91E-06  0.00390625           0          1 SET_CLASS 
