Reading Profile files in profile.*

FUNCTION SUMMARY (total):
---------------------------------------------------------------------------------------
%Time    Exclusive    Inclusive       #Call      #Subrs  Inclusive Name
              msec   total msec                          usec/call 
---------------------------------------------------------------------------------------
100.0         0.95    42:24.770         128         128   19881021 .TAU application
100.0           43    42:24.769         128       16512   19881013 MG_MPI 
 69.5          293    29:28.346        6528      300288     270886 MG3P 
 50.3    16:48.041    21:18.748       65536       65536      19512 RESID 
 21.5     6:44.297     9:07.088       65280       65280       8381 PSINV 
 20.0          611     8:29.843      189824 3.04229E+06       2686 COMM3 
 11.4       43,380     4:50.344 1.00675E+06 1.00675E+06        288 GIVE3 
 10.4     4:16.150     4:24.617       58752       58752       4504 INTERP 
  9.7     4:06.985     4:06.985  1.0296E+06           0        240 MPI_Send() 
  9.6     2:30.034     4:03.446       58752       58752       4144 RPRJ3 
  5.0       39,064     2:06.464 1.00675E+06 1.00675E+06        126 TAKE3 
  3.7     1:34.596     1:34.596  1.0296E+06           0         92 MPI_Wait() 
  3.7     1:32.003     1:33.604  1.0296E+06  1.0296E+06         91 READY 
  2.6     1:05.425     1:05.425         128           0     511137 MPI_Finalize() 
  2.5     1:03.093     1:03.093         128           0     492917 MPI_Init() 
  1.8       45,325       45,325       81296           0        558 ZERO3 
  1.4       18,779       34,428         256       87080     134487 ZRAN3 
  0.4        7,190        9,783         512        1024      19109 NORM2U3 
  0.3           42        8,466       58752       68544        144 COMM3_EX 
  0.3           10        7,207       22848       22848        315 TAKE3_EX 
  0.2        4,650        4,650         768           0       6055 MPI_Barrier() 
  0.1        2,750        2,750       11264           0        244 MPI_Allreduce() 
  0.1        1,601        1,601  1.0296E+06           0          2 MPI_Irecv() 
  0.0          236          236         128           0       1847 ALLOC_SPACE 
  0.0          136          136         896           0        153 MPI_Bcast() 
  0.0            9           30       22848       22848          1 GIVE3_EX 
  0.0           13           13       75048           0          0 BUBBLE 
  0.0            1            1         128           0         14 MPI_Reduce() 
  0.0         0.78         0.78         256           0          3 SETUP 
  0.0        0.632        0.632         768           0          1 POWER 
  0.0        0.061        0.061         128           0          0 MPI_Comm_size() 
  0.0        0.029        0.029         128           0          0 MPI_Comm_rank() 

FUNCTION SUMMARY (mean):
---------------------------------------------------------------------------------------
%Time    Exclusive    Inclusive       #Call      #Subrs  Inclusive Name
              msec   total msec                          usec/call 
---------------------------------------------------------------------------------------
100.0      0.00742       19,881           1           1   19881021 .TAU application
100.0        0.343       19,881           1         129   19881013 MG_MPI 
 69.5            2       13,815          51        2346     270886 MG3P 
 50.3        7,875        9,990         512         512      19512 RESID 
 21.5        3,158        4,274         510         510       8381 PSINV 
 20.0            4        3,983        1483     23767.9       2686 COMM3 
 11.4          338        2,268     7865.25     7865.25        288 GIVE3 
 10.4        2,001        2,067         459         459       4504 INTERP 
  9.7        1,929        1,929     8043.75           0        240 MPI_Send() 
  9.6        1,172        1,901         459         459       4144 RPRJ3 
  5.0          305          988     7865.25     7865.25        126 TAKE3 
  3.7          739          739     8043.75           0         92 MPI_Wait() 
  3.7          718          731     8043.75     8043.75         91 READY 
  2.6          511          511           1           0     511137 MPI_Finalize() 
  2.5          492          492           1           0     492917 MPI_Init() 
  1.8          354          354     635.125           0        558 ZERO3 
  1.4          146          268           2     680.312     134487 ZRAN3 
  0.4           56           76           4           8      19109 NORM2U3 
  0.3         0.33           66         459       535.5        144 COMM3_EX 
  0.3       0.0796           56       178.5       178.5        315 TAKE3_EX 
  0.2           36           36           6           0       6055 MPI_Barrier() 
  0.1           21           21          88           0        244 MPI_Allreduce() 
  0.1           12           12     8043.75           0          2 MPI_Irecv() 
  0.0            1            1           1           0       1847 ALLOC_SPACE 
  0.0            1            1           7           0        153 MPI_Bcast() 
  0.0       0.0738        0.239       178.5       178.5          1 GIVE3_EX 
  0.0        0.103        0.103     586.312           0          0 BUBBLE 
  0.0       0.0135       0.0135           1           0         14 MPI_Reduce() 
  0.0      0.00609      0.00609           2           0          3 SETUP 
  0.0      0.00494      0.00494           6           0          1 POWER 
  0.0     0.000477     0.000477           1           0          0 MPI_Comm_size() 
  0.0     0.000227     0.000227           1           0          0 MPI_Comm_rank() 
