Reading Profile files in profile.*

FUNCTION SUMMARY (total):
---------------------------------------------------------------------------------------
%Time    Exclusive    Inclusive       #Call      #Subrs  Inclusive Name
              msec   total msec                          usec/call 
---------------------------------------------------------------------------------------
100.0        0.632    22:22.685         128         128   10489733 .TAU application
100.0            8    22:22.685         128        2177   10489728 APPLU 
 88.7     1:10.146    19:51.176         256 4.31834E+08    4653034 SSOR 
 30.1     4:57.453     6:43.727       32384       64768      12467 RHS 
 18.6       14,103     4:10.220 2.05619E+07 3.72685E+07         12 EXCHANGE_1 
 16.6     3:42.915     3:42.915 1.86342E+07           0         12 MPI_Recv() 
  9.1     2:02.746     2:02.746  1.0281E+08           0          1 JACLD 
  9.1     2:01.703     2:01.703  1.0281E+08           0          1 JACU 
  8.2       46,306     1:50.068       65024      353568       1693 EXCHANGE_3 
  8.2     1:49.558     1:49.558  1.0281E+08           0          1 BLTS 
  8.1     1:49.348     1:49.348  1.0281E+08           0          1 BUTS 
  4.8            5     1:04.763         128         384     505968 INIT_COMM 
  4.8     1:04.758     1:04.758         128           0     505924 MPI_Init() 
  4.8     1:03.783     1:03.783         128           0     498310 MPI_Finalize() 
  3.2       43,006       43,006 1.87524E+07           0          2 MPI_Send() 
  2.5       33,431       33,431      118132           0        283 MPI_Wait() 
  1.1        6,655       15,439         256  4.9152E+07      60311 SETIV 
  0.7        9,495        9,495 5.35629E+07           0          0 EXACT 
  0.4        1,064        4,858         128         256      37959 ERHS 
  0.4        4,762        4,762        1280           0       3721 MPI_Allreduce() 
  0.2           61        3,302         512         512       6451 L2NORM 
  0.2          472        2,195         128 4.09613E+06      17151 ERROR 
  0.0          533          533      118132           0          5 MPI_Irecv() 
  0.0          168          168         128           0       1319 ALLOC_SPACE 
  0.0            1          132         128         129       1036 READ_INPUT 
  0.0            1          131         128        1280       1028 BCAST_INPUTS 
  0.0          130          130        1280           0        102 MPI_Bcast() 
  0.0           41          121         256      314928        473 SETBV 
  0.0            9           35         128         560        278 PINTGR 
  0.0           10           10         256           0         42 MPI_Barrier() 
  0.0        0.345            5         128         696         45 EXCHANGE_4 
  0.0        0.037        0.776          32          90         24 EXCHANGE_5 
  0.0        0.378        0.419         128         128          3 PROC_GRID 
  0.0        0.215        0.215           1           0        215 VERIFY 
  0.0        0.022        0.186          16          42         12 EXCHANGE_6 
  0.0        0.109        0.109         128           0          1 SETCOEFF 
  0.0        0.059        0.059         128           0          0 NEIGHBORS 
  0.0        0.055        0.055         128           0          0 MPI_Comm_size() 
  0.0        0.044        0.044         128           0          0 SUBDOMAIN 
  0.0        0.041        0.041         128           0          0 ISQRT2 
  0.0        0.037        0.037         128           0          0 MPI_Comm_rank() 
  0.0            0            0           1           0          0 SET_CLASS 

FUNCTION SUMMARY (mean):
---------------------------------------------------------------------------------------
%Time    Exclusive    Inclusive       #Call      #Subrs  Inclusive Name
              msec   total msec                          usec/call 
---------------------------------------------------------------------------------------
100.0      0.00494       10,489           1           1   10489733 .TAU application
100.0       0.0658       10,489           1     17.0078   10489728 APPLU 
 88.7          548        9,306           2  3.3737E+06    4653034 SSOR 
 30.1        2,323        3,154         253         506      12467 RHS 
 18.6          110        1,954      160640      291160         12 EXCHANGE_1 
 16.6        1,741        1,741      145580           0         12 MPI_Recv() 
  9.1          958          958      803200           0          1 JACLD 
  9.1          950          950      803200           0          1 JACU 
  8.2          361          859         508     2762.25       1693 EXCHANGE_3 
  8.2          855          855      803200           0          1 BLTS 
  8.1          854          854      803200           0          1 BUTS 
  4.8       0.0425          505           1           3     505968 INIT_COMM 
  4.8          505          505           1           0     505924 MPI_Init() 
  4.8          498          498           1           0     498310 MPI_Finalize() 
  3.2          335          335      146503           0          2 MPI_Send() 
  2.5          261          261     922.906           0        283 MPI_Wait() 
  1.1           51          120           2      384000      60311 SETIV 
  0.7           74           74      418460           0          0 EXACT 
  0.4            8           37           1           2      37959 ERHS 
  0.4           37           37          10           0       3721 MPI_Allreduce() 
  0.2        0.479           25           4           4       6451 L2NORM 
  0.2            3           17           1       32001      17151 ERROR 
  0.0            4            4     922.906           0          5 MPI_Irecv() 
  0.0            1            1           1           0       1319 ALLOC_SPACE 
  0.0      0.00784            1           1     1.00781       1036 READ_INPUT 
  0.0       0.0116            1           1          10       1028 BCAST_INPUTS 
  0.0            1            1          10           0        102 MPI_Bcast() 
  0.0        0.326        0.946           2     2460.38        473 SETBV 
  0.0       0.0733        0.278           1       4.375        278 PINTGR 
  0.0       0.0833       0.0833           2           0         42 MPI_Barrier() 
  0.0       0.0027       0.0448           1      5.4375         45 EXCHANGE_4 
  0.0     0.000289      0.00606        0.25    0.703125         24 EXCHANGE_5 
  0.0      0.00295      0.00327           1           1          3 PROC_GRID 
  0.0      0.00168      0.00168   0.0078125           0        215 VERIFY 
  0.0     0.000172      0.00145       0.125    0.328125         12 EXCHANGE_6 
  0.0     0.000852     0.000852           1           0          1 SETCOEFF 
  0.0     0.000461     0.000461           1           0          0 NEIGHBORS 
  0.0      0.00043      0.00043           1           0          0 MPI_Comm_size() 
  0.0     0.000344     0.000344           1           0          0 SUBDOMAIN 
  0.0      0.00032      0.00032           1           0          0 ISQRT2 
  0.0     0.000289     0.000289           1           0          0 MPI_Comm_rank() 
  0.0            0            0   0.0078125           0          0 SET_CLASS 
