Reading Profile files in profile.*

FUNCTION SUMMARY (total):
---------------------------------------------------------------------------------------
%Time    Exclusive    Inclusive       #Call      #Subrs  Inclusive Name
              msec   total msec                          usec/call 
---------------------------------------------------------------------------------------
100.0        0.651  4:56:49.799         128         128  139139055 .TAU application
100.0           11  4:56:49.798         128        2177  139139050 APPLU 
 97.8    17:16.631  4:50:14.385         256 3.23801E+09   68024944 SSOR 
 37.3  1:36:59.002  1:50:49.563       38784       77568     171451 RHS 
 12.1    35:55.833    35:55.833  7.9385E+08           0          3 JACU 
 11.9    35:20.667    35:20.667  7.9385E+08           0          3 JACLD 
 11.2    33:11.889    33:11.889  7.9385E+08           0          3 BLTS 
 11.0    32:34.467    32:34.467  7.9385E+08           0          2 BUTS 
  8.4     1:15.294    24:53.467 6.25695E+07 1.13407E+08         24 EXCHANGE_1 
  7.6    22:40.959    22:40.959 5.67036E+07           0         24 MPI_Recv() 
  4.7     7:00.796    13:59.207       77824      423168      10783 EXCHANGE_3 
  1.4     4:08.306     4:08.306      141332           0       1757 MPI_Wait() 
  1.3     3:45.936     3:45.936 5.68449E+07           0          4 MPI_Send() 
  1.2     1:26.541     3:29.251         256 8.03081E+08     817389 SETIV 
  0.7     2:13.536     2:13.536 8.72002E+08           0          0 EXACT 
  0.4            5     1:09.842         128         384     545648 INIT_COMM 
  0.4     1:09.837     1:09.837         128           0     545606 MPI_Init() 
  0.4     1:06.228     1:06.228         128           0     517412 MPI_Finalize() 
  0.2       21,566       30,212         128         256     236039 ERHS 
  0.1        7,476       18,477         128 6.69235E+07     144357 ERROR 
  0.1       10,300       10,300        1280           0       8047 MPI_Allreduce() 
  0.1        2,451       10,273         512         512      20065 L2NORM 
  0.0        1,391        1,391      141332           0         10 MPI_Irecv() 
  0.0          249          896         256 1.99757E+06       3503 SETBV 
  0.0          246          246         128           0       1928 ALLOC_SPACE 
  0.0           48          133         128         560       1040 PINTGR 
  0.0        0.862          109         128         129        855 READ_INPUT 
  0.0            1          108         128        1280        848 BCAST_INPUTS 
  0.0          107          107        1280           0         84 MPI_Bcast() 
  0.0           10           10         256           0         42 MPI_Barrier() 
  0.0        0.447            7         128         696         57 EXCHANGE_4 
  0.0        0.091            1          32          90         52 EXCHANGE_5 
  0.0         0.04        0.665          16          42         42 EXCHANGE_6 
  0.0         0.39        0.435         128         128          3 PROC_GRID 
  0.0        0.242        0.242           1           0        242 VERIFY 
  0.0        0.111        0.111         128           0          1 SETCOEFF 
  0.0        0.089        0.089         128           0          1 NEIGHBORS 
  0.0        0.052        0.052         128           0          0 MPI_Comm_size() 
  0.0        0.045        0.045         128           0          0 ISQRT2 
  0.0        0.042        0.042         128           0          0 SUBDOMAIN 
  0.0        0.032        0.032         128           0          0 MPI_Comm_rank() 
  0.0        0.001        0.001           1           0          1 SET_CLASS 

FUNCTION SUMMARY (mean):
---------------------------------------------------------------------------------------
%Time    Exclusive    Inclusive       #Call      #Subrs  Inclusive Name
              msec   total msec                          usec/call 
---------------------------------------------------------------------------------------
100.0      0.00509     2:19.139           1           1  139139055 .TAU application
100.0       0.0911     2:19.139           1     17.0078  139139050 APPLU 
 97.8        8,098     2:16.049           2  2.5297E+07   68024944 SSOR 
 37.3       45,460       51,949         303         606     171451 RHS 
 12.1       16,842       16,842 6.20195E+06           0          3 JACU 
 11.9       16,567       16,567 6.20195E+06           0          3 JACLD 
 11.2       15,561       15,561 6.20195E+06           0          3 BLTS 
 11.0       15,269       15,269 6.20195E+06           0          2 BUTS 
  8.4          588       11,667      488824      885994         24 EXCHANGE_1 
  7.6       10,632       10,632      442997           0         24 MPI_Recv() 
  4.7        3,287        6,556         608        3306      10783 EXCHANGE_3 
  1.4        1,939        1,939     1104.16           0       1757 MPI_Wait() 
  1.3        1,765        1,765      444101           0          4 MPI_Send() 
  1.2          676        1,634           2 6.27407E+06     817389 SETIV 
  0.7        1,043        1,043 6.81252E+06           0          0 EXACT 
  0.4       0.0414          545           1           3     545648 INIT_COMM 
  0.4          545          545           1           0     545606 MPI_Init() 
  0.4          517          517           1           0     517412 MPI_Finalize() 
  0.2          168          236           1           2     236039 ERHS 
  0.1           58          144           1      522840     144357 ERROR 
  0.1           80           80          10           0       8047 MPI_Allreduce() 
  0.1           19           80           4           4      20065 L2NORM 
  0.0           10           10     1104.16           0         10 MPI_Irecv() 
  0.0            1            7           2       15606       3503 SETBV 
  0.0            1            1           1           0       1928 ALLOC_SPACE 
  0.0        0.378            1           1       4.375       1040 PINTGR 
  0.0      0.00673        0.855           1     1.00781        855 READ_INPUT 
  0.0       0.0113        0.849           1          10        848 BCAST_INPUTS 
  0.0        0.837        0.837          10           0         84 MPI_Bcast() 
  0.0       0.0837       0.0837           2           0         42 MPI_Barrier() 
  0.0      0.00349       0.0573           1      5.4375         57 EXCHANGE_4 
  0.0     0.000711       0.0131        0.25    0.703125         52 EXCHANGE_5 
  0.0     0.000313       0.0052       0.125    0.328125         42 EXCHANGE_6 
  0.0      0.00305       0.0034           1           1          3 PROC_GRID 
  0.0      0.00189      0.00189   0.0078125           0        242 VERIFY 
  0.0     0.000867     0.000867           1           0          1 SETCOEFF 
  0.0     0.000695     0.000695           1           0          1 NEIGHBORS 
  0.0     0.000406     0.000406           1           0          0 MPI_Comm_size() 
  0.0     0.000352     0.000352           1           0          0 ISQRT2 
  0.0     0.000328     0.000328           1           0          0 SUBDOMAIN 
  0.0      0.00025      0.00025           1           0          0 MPI_Comm_rank() 
  0.0     7.81E-06     7.81E-06   0.0078125           0          1 SET_CLASS 
