Reading Profile files in profile.*

FUNCTION SUMMARY (total):
---------------------------------------------------------------------------------------
%Time    Exclusive    Inclusive       #Call      #Subrs  Inclusive Name
              msec   total msec                          usec/call 
---------------------------------------------------------------------------------------
100.0        0.039       24,351           4           4    6087982 .TAU application
100.0        0.762       24,351           4         243    6087972 MG_MPI 
 94.3       22,953       22,953           4           0    5738430 MPI_Finalize() 
  5.7        1,388        1,388           4           0     347020 MPI_Init() 
  0.0        0.491            3         208        3744         18 COMM3 
  0.0        0.084            2          24         264        124 MG3P 
  0.0            2            2          28           0         82 MPI_Bcast() 
  0.0        0.262            1           8        1242        243 ZRAN3 
  0.0          0.4            1        1248        1248          1 TAKE3 
  0.0        0.049            1          80          80         18 RESID 
  0.0            1            1         352           0          3 MPI_Allreduce() 
  0.0        0.043            1          72          72         16 PSINV 
  0.0            1            1        1248           0          1 MPI_Wait() 
  0.0        0.405        0.965        1248        1248          1 GIVE3 
  0.0        0.021        0.888          48          48         18 RPRJ3 
  0.0        0.416        0.685        1248        1248          1 READY 
  0.0        0.578        0.578          24           0         24 MPI_Barrier() 
  0.0         0.56         0.56        1248           0          0 MPI_Send() 
  0.0        0.462        0.462           1           0        462 CHECK_TIMER_FLAG 
  0.0        0.269        0.269        1248           0          0 MPI_Irecv() 
  0.0        0.017        0.208          16          32         13 NORM2U3 
  0.0        0.123        0.123           1           0        123 PRINT_RESULTS 
  0.0        0.115        0.115         570           0          0 BUBBLE 
  0.0        0.112        0.114           4           8         28 GET_ACTIVE_NPROCS 
  0.0        0.077        0.087          48          48          2 INTERP 
  0.0        0.028        0.048          24         160          2 POWER 
  0.0         0.04         0.04         328           0          0 RANDLC 
  0.0        0.034        0.034           4           0          8 MPI_Reduce() 
  0.0        0.023        0.023          64           0          0 ZERO3 
  0.0        0.022        0.022           4           0          6 ALLOC_SPACE 
  0.0        0.019        0.019           8           0          2 TIMER_START 
  0.0        0.018        0.018         128           0          0 VRANLC 
  0.0        0.015        0.015           8           0          2 SETUP 
  0.0         0.01         0.01          48           0          0 COMM3_EX 
  0.0        0.008        0.008          68           0          0 TIMER_CLEAR 
  0.0        0.003        0.003           8           0          0 TIMER_STOP 
  0.0        0.001        0.001           4           0          0 MPI_Comm_rank() 
  0.0        0.001        0.001           4           0          0 MPI_Comm_size() 
  0.0            0            0           5           0          0 TIMER_READ 

FUNCTION SUMMARY (mean):
---------------------------------------------------------------------------------------
%Time    Exclusive    Inclusive       #Call      #Subrs  Inclusive Name
              msec   total msec                          usec/call 
---------------------------------------------------------------------------------------
100.0      0.00975        6,087           1           1    6087982 .TAU application
100.0        0.191        6,087           1       60.75    6087972 MG_MPI 
 94.3        5,738        5,738           1           0    5738430 MPI_Finalize() 
  5.7          347          347           1           0     347020 MPI_Init() 
  0.0        0.123        0.912          52         936         18 COMM3 
  0.0        0.021        0.746           6          66        124 MG3P 
  0.0        0.576        0.576           7           0         82 MPI_Bcast() 
  0.0       0.0655        0.486           2       310.5        243 ZRAN3 
  0.0          0.1        0.377         312         312          1 TAKE3 
  0.0       0.0123        0.358          20          20         18 RESID 
  0.0        0.302        0.302          88           0          3 MPI_Allreduce() 
  0.0       0.0107        0.284          18          18         16 PSINV 
  0.0        0.277        0.277         312           0          1 MPI_Wait() 
  0.0        0.101        0.241         312         312          1 GIVE3 
  0.0      0.00525        0.222          12          12         18 RPRJ3 
  0.0        0.104        0.171         312         312          1 READY 
  0.0        0.144        0.144           6           0         24 MPI_Barrier() 
  0.0         0.14         0.14         312           0          0 MPI_Send() 
  0.0        0.116        0.116        0.25           0        462 CHECK_TIMER_FLAG 
  0.0       0.0673       0.0673         312           0          0 MPI_Irecv() 
  0.0      0.00425        0.052           4           8         13 NORM2U3 
  0.0       0.0307       0.0307        0.25           0        123 PRINT_RESULTS 
  0.0       0.0288       0.0288       142.5           0          0 BUBBLE 
  0.0        0.028       0.0285           1           2         28 GET_ACTIVE_NPROCS 
  0.0       0.0192       0.0217          12          12          2 INTERP 
  0.0        0.007        0.012           6          40          2 POWER 
  0.0         0.01         0.01          82           0          0 RANDLC 
  0.0       0.0085       0.0085           1           0          8 MPI_Reduce() 
  0.0      0.00575      0.00575          16           0          0 ZERO3 
  0.0       0.0055       0.0055           1           0          6 ALLOC_SPACE 
  0.0      0.00475      0.00475           2           0          2 TIMER_START 
  0.0       0.0045       0.0045          32           0          0 VRANLC 
  0.0      0.00375      0.00375           2           0          2 SETUP 
  0.0       0.0025       0.0025          12           0          0 COMM3_EX 
  0.0        0.002        0.002          17           0          0 TIMER_CLEAR 
  0.0      0.00075      0.00075           2           0          0 TIMER_STOP 
  0.0      0.00025      0.00025           1           0          0 MPI_Comm_rank() 
  0.0      0.00025      0.00025           1           0          0 MPI_Comm_size() 
  0.0            0            0        1.25           0          0 TIMER_READ 
