Reading Profile files in profile.*

FUNCTION SUMMARY (total):
---------------------------------------------------------------------------------------
%Time    Exclusive    Inclusive       #Call      #Subrs  Inclusive Name
              msec   total msec                          usec/call 
---------------------------------------------------------------------------------------
100.0        0.015     1:03.177           2           2   31588676 .TAU application
100.0            1     1:03.177           2         138   31588669 MG_MPI 
 55.5            1       35,064          42        1722     834872 MG3P 
 41.3       24,401       26,063         382         382      68229 RESID 
 19.7       11,329       12,434         378         378      32896 PSINV 
 18.5       11,663       11,663           2           0    5831570 MPI_Finalize() 
  8.3        4,623        5,217         336         336      15528 RPRJ3 
  5.9        3,705        3,705         336         336      11027 INTERP 
  5.4            3        3,408        1100       19800       3099 COMM3 
  2.8        1,752        1,756        6600        6600        266 READY 
  2.3          965        1,440           4        1482     360108 ZRAN3 
  2.1        1,309        1,309         344           0       3806 ZERO3 
  1.7        1,100        1,100           2           0     550082 MPI_Init() 
  1.7          652        1,073        6600        6600        163 GIVE3 
  1.0          653          662           8          16      82814 NORM2U3 
  0.9          567          574        6600        6600         87 TAKE3 
  0.7          420          420        6600           0         64 MPI_Send() 
  0.0            8            8         176           0         51 MPI_Allreduce() 
  0.0            7            7        6600           0          1 MPI_Wait() 
  0.0            3            3        6600           0          1 MPI_Irecv() 
  0.0            2            2           2           0       1349 ALLOC_SPACE 
  0.0            2            2          12           0        213 MPI_Barrier() 
  0.0        0.639        0.639          14           0         46 MPI_Bcast() 
  0.0        0.229        0.229        1294           0          0 BUBBLE 
  0.0         0.13         0.13         336           0          0 COMM3_EX 
  0.0        0.016        0.016           2           0          8 MPI_Reduce() 
  0.0        0.009        0.009           4           0          2 SETUP 
  0.0        0.005        0.005          12           0          0 POWER 
  0.0        0.002        0.002           2           0          1 MPI_Comm_size() 
  0.0            0            0           2           0          0 MPI_Comm_rank() 

FUNCTION SUMMARY (mean):
---------------------------------------------------------------------------------------
%Time    Exclusive    Inclusive       #Call      #Subrs  Inclusive Name
              msec   total msec                          usec/call 
---------------------------------------------------------------------------------------
100.0       0.0075       31,588           1           1   31588676 .TAU application
100.0        0.709       31,588           1          69   31588669 MG_MPI 
 55.5        0.568       17,532          21         861     834872 MG3P 
 41.3       12,200       13,031         191         191      68229 RESID 
 19.7        5,664        6,217         189         189      32896 PSINV 
 18.5        5,831        5,831           1           0    5831570 MPI_Finalize() 
  8.3        2,311        2,608         168         168      15528 RPRJ3 
  5.9        1,852        1,852         168         168      11027 INTERP 
  5.4            1        1,704         550        9900       3099 COMM3 
  2.8          876          878        3300        3300        266 READY 
  2.3          482          720           2         741     360108 ZRAN3 
  2.1          654          654         172           0       3806 ZERO3 
  1.7          550          550           1           0     550082 MPI_Init() 
  1.7          326          536        3300        3300        163 GIVE3 
  1.0          326          331           4           8      82814 NORM2U3 
  0.9          283          287        3300        3300         87 TAKE3 
  0.7          210          210        3300           0         64 MPI_Send() 
  0.0            4            4          88           0         51 MPI_Allreduce() 
  0.0            3            3        3300           0          1 MPI_Wait() 
  0.0            1            1        3300           0          1 MPI_Irecv() 
  0.0            1            1           1           0       1349 ALLOC_SPACE 
  0.0            1            1           6           0        213 MPI_Barrier() 
  0.0         0.32         0.32           7           0         46 MPI_Bcast() 
  0.0        0.115        0.115         647           0          0 BUBBLE 
  0.0        0.065        0.065         168           0          0 COMM3_EX 
  0.0        0.008        0.008           1           0          8 MPI_Reduce() 
  0.0       0.0045       0.0045           2           0          2 SETUP 
  0.0       0.0025       0.0025           6           0          0 POWER 
  0.0        0.001        0.001           1           0          1 MPI_Comm_size() 
  0.0            0            0           1           0          0 MPI_Comm_rank() 
