Reading Profile files in profile.*

FUNCTION SUMMARY (total):
---------------------------------------------------------------------------------------
%Time    Exclusive    Inclusive       #Call      #Subrs  Inclusive Name
              msec   total msec                          usec/call 
---------------------------------------------------------------------------------------
100.0        0.023    17:30.491           4           4  262622983 .TAU application
100.0            3    17:30.491           4        1677  262622978 MPSP 
 95.9            9    16:47.226        1604        9624     627947 ADI 
 25.9     1:18.730     4:32.543        1604       16040     169915 Z_SOLVE 
 25.4        5,140     4:26.621        1608       22512     165810 COPY_FACES 
 24.6     4:17.915     4:17.915        1608           0     160395 COMPUTE_RHS 
 23.0     1:17.950     4:01.833        1604       16040     150769 Y_SOLVE 
 18.0     1:50.306     3:08.638        1604       16040     117605 X_SOLVE 
 16.2     2:50.513     2:50.513        3208           0      53153 LHSZ 
 14.3     2:29.851     2:29.851        3208           0      46712 LHSY 
  6.3     1:05.832     1:05.832        3208           0      20521 LHSX 
  2.1       22,192       22,192           4           0    5548182 MPI_Finalize() 
  1.9       20,351       20,351        1604           0      12688 TXINVR 
  1.9       19,699       19,699        3208           0       6141 TZETAR 
  1.7       17,891       17,891        1604           0      11154 ADD 
  1.4       14,580       14,580       11232           0       1298 MPI_Waitall() 
  1.2        5,595       12,851           8 5.13333E+07    1606475 INITIALIZE 
  0.9        9,849        9,849        3208           0       3070 PINVR 
  0.9        9,658        9,658 6.83336E+07           0          0 EXACT_SOLUTION 
  0.9        9,157        9,157        3208           0       2855 NINVR 
  0.4        1,999        3,806           4 1.27488E+07     951571 EXACT_RHS 
  0.2        0.108        2,441           4          20     610451 SETUP_MPI 
  0.2        2,440        2,440           4           0     610133 MPI_Init() 
  0.2        0.213        1,766           4          12     441624 VERIFY 
  0.1          475        1,071           4 4.25153E+06     267939 ERROR_NORM 
  0.0          159          159           4           0      39972 LHSINIT 
  0.0           84           84       19272           0          4 MPI_Isend() 
  0.0           15           30           4           4       7678 RHS_NORM 
  0.0           30           30           4           0       7672 ALLOC_SPACE 
  0.0           26           26       19272           0          1 MPI_Irecv() 
  0.0           15           15           8           0       1963 MPI_Allreduce() 
  0.0           10           10           8           0       1261 MPI_Barrier() 
  0.0            2            2          16           0        138 MPI_Bcast() 
  0.0            1            1           8           0        145 MPI_Comm_dup() 
  0.0        0.039        0.039           4           0         10 MPI_Reduce() 
  0.0        0.008        0.008           4           0          2 SET_CONSTANTS 
  0.0        0.004        0.004           4           0          1 MAKE_SET 
  0.0        0.004        0.004           4           0          1 MPI_Comm_size() 
  0.0        0.002        0.002           4           0          0 MPI_Comm_rank() 
  0.0        0.001        0.001           4           0          0 COMPUTE_BUFFER_SIZE 
  0.0        0.001        0.001           1           0          1 SET_CLASS 

FUNCTION SUMMARY (mean):
---------------------------------------------------------------------------------------
%Time    Exclusive    Inclusive       #Call      #Subrs  Inclusive Name
              msec   total msec                          usec/call 
---------------------------------------------------------------------------------------
100.0      0.00575     4:22.622           1           1  262622983 .TAU application
100.0        0.875     4:22.622           1      419.25  262622978 MPSP 
 95.9            2     4:11.806         401        2406     627947 ADI 
 25.9       19,682     1:08.135         401        4010     169915 Z_SOLVE 
 25.4        1,285     1:06.655         402        5628     165810 COPY_FACES 
 24.6     1:04.478     1:04.478         402           0     160395 COMPUTE_RHS 
 23.0       19,487     1:00.458         401        4010     150769 Y_SOLVE 
 18.0       27,576       47,159         401        4010     117605 X_SOLVE 
 16.2       42,628       42,628         802           0      53153 LHSZ 
 14.3       37,462       37,462         802           0      46712 LHSY 
  6.3       16,458       16,458         802           0      20521 LHSX 
  2.1        5,548        5,548           1           0    5548182 MPI_Finalize() 
  1.9        5,087        5,087         401           0      12688 TXINVR 
  1.9        4,924        4,924         802           0       6141 TZETAR 
  1.7        4,472        4,472         401           0      11154 ADD 
  1.4        3,645        3,645        2808           0       1298 MPI_Waitall() 
  1.2        1,398        3,212           2 1.28333E+07    1606475 INITIALIZE 
  0.9        2,462        2,462         802           0       3070 PINVR 
  0.9        2,414        2,414 1.70834E+07           0          0 EXACT_SOLUTION 
  0.9        2,289        2,289         802           0       2855 NINVR 
  0.4          499          951           1  3.1872E+06     951571 EXACT_RHS 
  0.2        0.027          610           1           5     610451 SETUP_MPI 
  0.2          610          610           1           0     610133 MPI_Init() 
  0.2       0.0532          441           1           3     441624 VERIFY 
  0.1          118          267           1 1.06288E+06     267939 ERROR_NORM 
  0.0           39           39           1           0      39972 LHSINIT 
  0.0           21           21        4818           0          4 MPI_Isend() 
  0.0            3            7           1           1       7678 RHS_NORM 
  0.0            7            7           1           0       7672 ALLOC_SPACE 
  0.0            6            6        4818           0          1 MPI_Irecv() 
  0.0            3            3           2           0       1963 MPI_Allreduce() 
  0.0            2            2           2           0       1261 MPI_Barrier() 
  0.0         0.55         0.55           4           0        138 MPI_Bcast() 
  0.0        0.289        0.289           2           0        145 MPI_Comm_dup() 
  0.0      0.00975      0.00975           1           0         10 MPI_Reduce() 
  0.0        0.002        0.002           1           0          2 SET_CONSTANTS 
  0.0        0.001        0.001           1           0          1 MAKE_SET 
  0.0        0.001        0.001           1           0          1 MPI_Comm_size() 
  0.0       0.0005       0.0005           1           0          0 MPI_Comm_rank() 
  0.0      0.00025      0.00025           1           0          0 COMPUTE_BUFFER_SIZE 
  0.0      0.00025      0.00025        0.25           0          1 SET_CLASS 
