Reading Profile files in profile.*

FUNCTION SUMMARY (total):
---------------------------------------------------------------------------------------
%Time    Exclusive    Inclusive       #Call      #Subrs  Inclusive Name
              msec   total msec                          usec/call 
---------------------------------------------------------------------------------------
100.0        0.052    11:46.541           8           8   88317732 .TAU application
100.0        0.804    11:46.541           8         137   88317725 APPLU 
 96.1       28,618    11:19.111          16 1.04097E+08   42444488 SSOR 
 27.6     2:54.648     3:14.698        2024        4048      96195 RHS 
 15.0     1:45.871     1:45.871 2.57024E+07           0          4 JACLD 
 14.8     1:44.797     1:44.797 2.57024E+07           0          4 JACU 
 14.2     1:40.625     1:40.625 2.57024E+07           0          4 BLTS 
 13.9     1:38.239     1:38.239 2.57024E+07           0          4 BUTS 
  6.5        1,660       45,962 1.28512E+06  1.6064E+06         36 EXCHANGE_1 
  6.1       43,446       43,446      803200           0         54 MPI_Recv() 
  3.0        5,292       21,140        4064       15240       5202 EXCHANGE_3 
  1.8        5,363       12,962          16  4.9152E+07     810174 SETIV 
  1.5       10,843       10,843        5098           0       2127 MPI_Wait() 
  1.2        8,333        8,333 5.35629E+07           0          0 EXACT 
  0.9        6,355        6,355           8           0     794467 MPI_Finalize() 
  0.8        5,737        5,737      808298           0          7 MPI_Send() 
  0.7        0.382        4,749           8          24     593740 INIT_COMM 
  0.7        4,749        4,749           8           0     593692 MPI_Init() 
  0.3          970        2,060           8          16     257500 ERHS 
  0.2          462        1,128           8 4.09601E+06     141068 ERROR 
  0.0          250          250          80           0       3126 MPI_Allreduce() 
  0.0           86          244          32          32       7647 L2NORM 
  0.0           35          141          16      314928       8861 SETBV 
  0.0          123          123        5098           0         24 MPI_Irecv() 
  0.0           13           13           8           0       1700 ALLOC_SPACE 
  0.0            1            9           8           9       1228 READ_INPUT 
  0.0        0.093            8           8          80       1090 BCAST_INPUTS 
  0.0            8            8          80           0        108 MPI_Bcast() 
  0.0            3            6           8          44        847 PINTGR 
  0.0         0.03        0.451           8          30         56 EXCHANGE_4 
  0.0        0.006        0.375           4           6         94 EXCHANGE_6 
  0.0        0.214        0.214          16           0         13 MPI_Barrier() 
  0.0        0.185        0.185           1           0        185 VERIFY 
  0.0        0.012        0.137           8          18         17 EXCHANGE_5 
  0.0        0.025        0.026           8           8          3 PROC_GRID 
  0.0        0.006        0.006           8           0          1 SETCOEFF 
  0.0        0.005        0.005           8           0          1 NEIGHBORS 
  0.0        0.002        0.002           8           0          0 MPI_Comm_size() 
  0.0        0.002        0.002           8           0          0 SUBDOMAIN 
  0.0        0.001        0.001           8           0          0 ISQRT2 
  0.0        0.001        0.001           8           0          0 MPI_Comm_rank() 
  0.0        0.001        0.001           1           0          1 SET_CLASS 

FUNCTION SUMMARY (mean):
---------------------------------------------------------------------------------------
%Time    Exclusive    Inclusive       #Call      #Subrs  Inclusive Name
              msec   total msec                          usec/call 
---------------------------------------------------------------------------------------
100.0       0.0065     1:28.317           1           1   88317732 .TAU application
100.0        0.101     1:28.317           1      17.125   88317725 APPLU 
 96.1        3,577     1:24.888           2 1.30121E+07   42444488 SSOR 
 27.6       21,831       24,337         253         506      96195 RHS 
 15.0       13,233       13,233  3.2128E+06           0          4 JACLD 
 14.8       13,099       13,099  3.2128E+06           0          4 JACU 
 14.2       12,578       12,578  3.2128E+06           0          4 BLTS 
 13.9       12,279       12,279  3.2128E+06           0          4 BUTS 
  6.5          207        5,745      160640      200800         36 EXCHANGE_1 
  6.1        5,430        5,430      100400           0         54 MPI_Recv() 
  3.0          661        2,642         508        1905       5202 EXCHANGE_3 
  1.8          670        1,620           2   6.144E+06     810174 SETIV 
  1.5        1,355        1,355      637.25           0       2127 MPI_Wait() 
  1.2        1,041        1,041 6.69537E+06           0          0 EXACT 
  0.9          794          794           1           0     794467 MPI_Finalize() 
  0.8          717          717      101037           0          7 MPI_Send() 
  0.7       0.0478          593           1           3     593740 INIT_COMM 
  0.7          593          593           1           0     593692 MPI_Init() 
  0.3          121          257           1           2     257500 ERHS 
  0.2           57          141           1      512001     141068 ERROR 
  0.0           31           31          10           0       3126 MPI_Allreduce() 
  0.0           10           30           4           4       7647 L2NORM 
  0.0            4           17           2       39366       8861 SETBV 
  0.0           15           15      637.25           0         24 MPI_Irecv() 
  0.0            1            1           1           0       1700 ALLOC_SPACE 
  0.0        0.138            1           1       1.125       1228 READ_INPUT 
  0.0       0.0116            1           1          10       1090 BCAST_INPUTS 
  0.0            1            1          10           0        108 MPI_Bcast() 
  0.0        0.459        0.847           1         5.5        847 PINTGR 
  0.0      0.00375       0.0564           1        3.75         56 EXCHANGE_4 
  0.0      0.00075       0.0469         0.5        0.75         94 EXCHANGE_6 
  0.0       0.0267       0.0267           2           0         13 MPI_Barrier() 
  0.0       0.0231       0.0231       0.125           0        185 VERIFY 
  0.0       0.0015       0.0171           1        2.25         17 EXCHANGE_5 
  0.0      0.00313      0.00325           1           1          3 PROC_GRID 
  0.0      0.00075      0.00075           1           0          1 SETCOEFF 
  0.0     0.000625     0.000625           1           0          1 NEIGHBORS 
  0.0      0.00025      0.00025           1           0          0 MPI_Comm_size() 
  0.0      0.00025      0.00025           1           0          0 SUBDOMAIN 
  0.0     0.000125     0.000125           1           0          0 ISQRT2 
  0.0     0.000125     0.000125           1           0          0 MPI_Comm_rank() 
  0.0     0.000125     0.000125       0.125           0          1 SET_CLASS 
