Reading Profile files in profile.*

FUNCTION SUMMARY (total):
---------------------------------------------------------------------------------------
%Time    Exclusive    Inclusive       #Call      #Subrs  Inclusive Name
              msec   total msec                          usec/call 
---------------------------------------------------------------------------------------
100.0            1    11:45.406         128         128    5510984 .TAU application
100.0          221    11:45.404         128      127488    5510976 CG 
 55.8     1:56.962     6:33.579        9728 9.86419E+06      40458 CONJ_GRAD 
 24.5     2:53.145     2:53.145 3.32698E+06           0         52 MPI_Wait() 
 20.9        7,131     2:27.403         128 3.84001E+07    1151586 MAKEA 
 19.2     1:09.971     2:15.754    1.92E+07 5.03826E+08          7 SPRNVC 
 14.4     1:41.776     1:41.776 3.32698E+06           0         31 MPI_Send() 
 11.7            6     1:22.578         128         512     645141 INITIALIZE_MPI 
 11.7     1:22.472     1:22.472         128           0     644313 MPI_Init() 
 11.5     1:21.207     1:21.207         128           0     634434 MPI_Finalize() 
  9.3     1:05.782     1:05.782 5.03826E+08           0          0 ICNVRT 
  0.4        2,862        2,862    1.92E+07           0          0 VECSET 
  0.3        1,839        1,839 3.32698E+06           0          1 MPI_Irecv() 
  0.2        1,654        1,654         128           0      12925 SPARSE 
  0.0          203          203         128           0       1587 ALLOC_SPACE 
  0.0           99           99         128           0        776 MPI_Bcast() 
  0.0           60           60         128           0        470 MPI_Barrier() 
  0.0            6            6         128           0         52 MPI_Reduce() 
  0.0        0.073        0.073         128           0          1 SETUP_SUBMATRIX_INFO 
  0.0        0.057        0.057         128           0          0 MPI_Comm_size() 
  0.0        0.035        0.035         128           0          0 SETUP_PROC_INFO 
  0.0        0.031        0.031         128           0          0 MPI_Comm_rank() 

FUNCTION SUMMARY (mean):
---------------------------------------------------------------------------------------
%Time    Exclusive    Inclusive       #Call      #Subrs  Inclusive Name
              msec   total msec                          usec/call 
---------------------------------------------------------------------------------------
100.0      0.00847        5,510           1           1    5510984 .TAU application
100.0            1        5,510           1         996    5510976 CG 
 55.8          913        3,074          76       77064      40458 CONJ_GRAD 
 24.5        1,352        1,352       25992           0         52 MPI_Wait() 
 20.9           55        1,151           1      300001    1151586 MAKEA 
 19.2          546        1,060      150000 3.93614E+06          7 SPRNVC 
 14.4          795          795       25992           0         31 MPI_Send() 
 11.7       0.0515          645           1           4     645141 INITIALIZE_MPI 
 11.7          644          644           1           0     644313 MPI_Init() 
 11.5          634          634           1           0     634434 MPI_Finalize() 
  9.3          513          513 3.93614E+06           0          0 ICNVRT 
  0.4           22           22      150000           0          0 VECSET 
  0.3           14           14       25992           0          1 MPI_Irecv() 
  0.2           12           12           1           0      12925 SPARSE 
  0.0            1            1           1           0       1587 ALLOC_SPACE 
  0.0        0.776        0.776           1           0        776 MPI_Bcast() 
  0.0         0.47         0.47           1           0        470 MPI_Barrier() 
  0.0       0.0519       0.0519           1           0         52 MPI_Reduce() 
  0.0      0.00057      0.00057           1           0          1 SETUP_SUBMATRIX_INFO 
  0.0     0.000445     0.000445           1           0          0 MPI_Comm_size() 
  0.0     0.000273     0.000273           1           0          0 SETUP_PROC_INFO 
  0.0     0.000242     0.000242           1           0          0 MPI_Comm_rank() 
