Reading Profile files in profile.*

FUNCTION SUMMARY (total):
---------------------------------------------------------------------------------------
%Time    Exclusive    Inclusive       #Call      #Subrs  Inclusive Name
              msec   total msec                          usec/call 
---------------------------------------------------------------------------------------
100.0        0.088     1:05.224          16          16    4076559 .TAU application
100.0        0.995     1:05.224          16         273    4076554 APPLU 
 68.9        2,226       44,930          32 1.64376E+07    1404090 SSOR 
 15.3        9,958        9,958          16           0     622404 MPI_Finalize() 
 14.9        6,432        9,720        4048        8096       2401 RHS 
 13.7        0.692        8,954          16          48     559645 INIT_COMM 
 13.7        8,953        8,953          16           0     559601 MPI_Init() 
 11.6          454        7,540      995968 1.49395E+06          8 EXCHANGE_1 
 10.3        6,720        6,720 3.85938E+06           0          2 JACLD 
 10.3        6,705        6,705      746976           0          9 MPI_Recv() 
 10.1        6,587        6,587 3.85938E+06           0          2 JACU 
  9.3        6,064        6,064 3.85938E+06           0          2 BLTS 
  9.2        6,026        6,026 3.85938E+06           0          2 BUTS 
  5.4          445        3,508        8128       36576        432 EXCHANGE_3 
  3.2        2,105        2,105       12228           0        172 MPI_Wait() 
  2.0        1,309        1,309      759204           0          2 MPI_Send() 
  1.5          438          990          32 2.85994E+06      30967 SETIV 
  0.9          603          603 3.14742E+06           0          0 EXACT 
  0.4           60          281          16          32      17603 ERHS 
  0.1           26           67          16      238344       4191 ERROR 
  0.1           47           47         160           0        296 MPI_Allreduce() 
  0.1            2           34          64          64        546 L2NORM 
  0.0           29           29       12228           0          2 MPI_Irecv() 
  0.0            7           22          32       49152        692 SETBV 
  0.0        0.762           16          16          17       1008 READ_INPUT 
  0.0        0.173           15          16         160        961 BCAST_INPUTS 
  0.0           15           15         160           0         95 MPI_Bcast() 
  0.0        0.469            1          16          80         82 PINTGR 
  0.0        0.728        0.728          16           0         46 ALLOC_SPACE 
  0.0         0.52         0.52          32           0         16 MPI_Barrier() 
  0.0        0.157        0.157           1           0        157 VERIFY 
  0.0         0.03        0.133          16          72          8 EXCHANGE_4 
  0.0        0.047         0.05          16          16          3 PROC_GRID 
  0.0        0.003        0.029           8          18          4 EXCHANGE_6 
  0.0        0.005        0.027           8          18          3 EXCHANGE_5 
  0.0        0.009        0.009          16           0          1 SUBDOMAIN 
  0.0        0.008        0.008          16           0          0 MPI_Comm_rank() 
  0.0        0.008        0.008          16           0          0 SETCOEFF 
  0.0        0.007        0.007          16           0          0 MPI_Comm_size() 
  0.0        0.006        0.006          16           0          0 NEIGHBORS 
  0.0        0.003        0.003          16           0          0 ISQRT2 
  0.0            0            0           1           0          0 SET_CLASS 

FUNCTION SUMMARY (mean):
---------------------------------------------------------------------------------------
%Time    Exclusive    Inclusive       #Call      #Subrs  Inclusive Name
              msec   total msec                          usec/call 
---------------------------------------------------------------------------------------
100.0       0.0055        4,076           1           1    4076559 .TAU application
100.0       0.0622        4,076           1     17.0625    4076554 APPLU 
 68.9          139        2,808           2 1.02735E+06    1404090 SSOR 
 15.3          622          622           1           0     622404 MPI_Finalize() 
 14.9          402          607         253         506       2401 RHS 
 13.7       0.0432          559           1           3     559645 INIT_COMM 
 13.7          559          559           1           0     559601 MPI_Init() 
 11.6           28          471       62248       93372          8 EXCHANGE_1 
 10.3          420          420      241211           0          2 JACLD 
 10.3          419          419       46686           0          9 MPI_Recv() 
 10.1          411          411      241211           0          2 JACU 
  9.3          379          379      241211           0          2 BLTS 
  9.2          376          376      241211           0          2 BUTS 
  5.4           27          219         508        2286        432 EXCHANGE_3 
  3.2          131          131      764.25           0        172 MPI_Wait() 
  2.0           81           81     47450.2           0          2 MPI_Send() 
  1.5           27           61           2      178746      30967 SETIV 
  0.9           37           37      196714           0          0 EXACT 
  0.4            3           17           1           2      17603 ERHS 
  0.1            1            4           1     14896.5       4191 ERROR 
  0.1            2            2          10           0        296 MPI_Allreduce() 
  0.1        0.163            2           4           4        546 L2NORM 
  0.0            1            1      764.25           0          2 MPI_Irecv() 
  0.0        0.464            1           2        3072        692 SETBV 
  0.0       0.0476            1           1      1.0625       1008 READ_INPUT 
  0.0       0.0108        0.961           1          10        961 BCAST_INPUTS 
  0.0         0.95         0.95          10           0         95 MPI_Bcast() 
  0.0       0.0293       0.0818           1           5         82 PINTGR 
  0.0       0.0455       0.0455           1           0         46 ALLOC_SPACE 
  0.0       0.0325       0.0325           2           0         16 MPI_Barrier() 
  0.0      0.00981      0.00981      0.0625           0        157 VERIFY 
  0.0      0.00187      0.00831           1         4.5          8 EXCHANGE_4 
  0.0      0.00294      0.00313           1           1          3 PROC_GRID 
  0.0     0.000188      0.00181         0.5       1.125          4 EXCHANGE_6 
  0.0     0.000313      0.00169         0.5       1.125          3 EXCHANGE_5 
  0.0     0.000562     0.000562           1           0          1 SUBDOMAIN 
  0.0       0.0005       0.0005           1           0          0 MPI_Comm_rank() 
  0.0       0.0005       0.0005           1           0          0 SETCOEFF 
  0.0     0.000438     0.000438           1           0          0 MPI_Comm_size() 
  0.0     0.000375     0.000375           1           0          0 NEIGHBORS 
  0.0     0.000188     0.000188           1           0          0 ISQRT2 
  0.0            0            0      0.0625           0          0 SET_CLASS 
