Reading Profile files in profile.*

FUNCTION SUMMARY (total):
---------------------------------------------------------------------------------------
%Time    Exclusive    Inclusive       #Call      #Subrs  Inclusive Name
              msec   total msec                          usec/call 
---------------------------------------------------------------------------------------
100.0        0.519     7:23.952          64          64    6936750 .TAU application
100.0          190     7:23.951          64       49152    6936742 CG 
 65.0     2:03.943     4:48.769        4864 3.79392E+06      59369 CONJ_GRAD 
 21.7     1:36.253     1:36.253 1.27923E+06           0         75 MPI_Wait() 
 17.1        4,490     1:16.124          64 1.92001E+07    1189444 MAKEA 
 15.5       34,926     1:08.885     9.6E+06 2.51913E+08          7 SPRNVC 
 15.1     1:06.959     1:06.959 1.27923E+06           0         52 MPI_Send() 
  9.1       40,247       40,247          64           0     628860 MPI_Finalize() 
  8.7            3       38,416          64         256     600257 INITIALIZE_MPI 
  8.6       38,375       38,375          64           0     599619 MPI_Init() 
  7.6       33,958       33,958 2.51913E+08           0          0 ICNVRT 
  0.4        1,649        1,649 1.27923E+06           0          1 MPI_Irecv() 
  0.3        1,479        1,479     9.6E+06           0          0 VECSET 
  0.3        1,269        1,269          64           0      19829 SPARSE 
  0.0          146          146          64           0       2282 ALLOC_SPACE 
  0.0           37           37          64           0        580 MPI_Bcast() 
  0.0           18           18          64           0        285 MPI_Barrier() 
  0.0            3            3          64           0         54 MPI_Reduce() 
  0.0        0.041        0.041          64           0          1 SETUP_SUBMATRIX_INFO 
  0.0        0.029        0.029          64           0          0 MPI_Comm_size() 
  0.0        0.016        0.016          64           0          0 SETUP_PROC_INFO 
  0.0        0.013        0.013          64           0          0 MPI_Comm_rank() 

FUNCTION SUMMARY (mean):
---------------------------------------------------------------------------------------
%Time    Exclusive    Inclusive       #Call      #Subrs  Inclusive Name
              msec   total msec                          usec/call 
---------------------------------------------------------------------------------------
100.0      0.00811        6,936           1           1    6936750 .TAU application
100.0            2        6,936           1         768    6936742 CG 
 65.0        1,936        4,512          76       59280      59369 CONJ_GRAD 
 21.7        1,503        1,503       19988           0         75 MPI_Wait() 
 17.1           70        1,189           1      300001    1189444 MAKEA 
 15.5          545        1,076      150000 3.93614E+06          7 SPRNVC 
 15.1        1,046        1,046       19988           0         52 MPI_Send() 
  9.1          628          628           1           0     628860 MPI_Finalize() 
  8.7       0.0568          600           1           4     600257 INITIALIZE_MPI 
  8.6          599          599           1           0     599619 MPI_Init() 
  7.6          530          530 3.93614E+06           0          0 ICNVRT 
  0.4           25           25       19988           0          1 MPI_Irecv() 
  0.3           23           23      150000           0          0 VECSET 
  0.3           19           19           1           0      19829 SPARSE 
  0.0            2            2           1           0       2282 ALLOC_SPACE 
  0.0         0.58         0.58           1           0        580 MPI_Bcast() 
  0.0        0.285        0.285           1           0        285 MPI_Barrier() 
  0.0       0.0535       0.0535           1           0         54 MPI_Reduce() 
  0.0     0.000641     0.000641           1           0          1 SETUP_SUBMATRIX_INFO 
  0.0     0.000453     0.000453           1           0          0 MPI_Comm_size() 
  0.0      0.00025      0.00025           1           0          0 SETUP_PROC_INFO 
  0.0     0.000203     0.000203           1           0          0 MPI_Comm_rank() 
