Reading Profile files in profile.*

FUNCTION SUMMARY (total):
---------------------------------------------------------------------------------------
%Time    Exclusive    Inclusive       #Call      #Subrs  Inclusive Name
              msec   total msec                          usec/call 
---------------------------------------------------------------------------------------
100.0        0.005     5:01.138           1           1  301138810 .TAU application
100.0        0.352     5:01.138           1          72  301138805 FT 
 83.2        0.073     4:10.416          22          66   11382580 FFT 
 54.0       10,801     2:42.609 1.08134E+06  9.7321E+06        150 CFFTZ 
 50.4     2:31.807     2:31.807  9.7321E+06           0         16 FFTZ2 
 35.1       51,353     1:45.783          22      360470    4808331 CFFTS3 
 24.5       19,441     1:13.727          22      360470    3351240 CFFTS2 
 23.5       17,012     1:10.906          22      360470    3223006 CFFTS1 
  9.7       29,137       29,137           2           0   14568774 COMPUTE_INDEXMAP 
  4.6       13,814       13,814          20           0     690736 EVOLVE 
  2.0        5,911        5,911           1           0    5911355 MPI_Finalize() 
  0.4        1,228        1,228           2           4     614364 COMPUTE_INITIAL_CONDITIONS 
  0.2        0.808          627           1          12     627746 SETUP 
  0.2          625          625           1           0     625512 MPI_Init() 
  0.0            1            1          20          20         74 CHECKSUM 
  0.0            1            1           1           0       1315 ALLOC_SPACE 
  0.0        0.131        0.131          20           0          7 MPI_Reduce() 
  0.0        0.104        0.104           2           0         52 MPI_Comm_split() 
  0.0        0.102        0.102           2           2         51 FFT_INIT 
  0.0        0.023        0.023           1           0         23 VERIFY 
  0.0        0.016        0.016          68           0          0 ILOG2 
  0.0        0.006        0.006           5           0          1 MPI_Bcast() 
  0.0        0.003        0.003           1           0          3 MPI_Barrier() 
  0.0        0.002        0.002           4           0          0 IPOW46 
  0.0        0.001        0.001           1           0          1 SET_CLASS 
  0.0            0            0           1           0          0 MPI_Comm_rank() 
  0.0            0            0           1           0          0 MPI_Comm_size() 

FUNCTION SUMMARY (mean):
---------------------------------------------------------------------------------------
%Time    Exclusive    Inclusive       #Call      #Subrs  Inclusive Name
              msec   total msec                          usec/call 
---------------------------------------------------------------------------------------
100.0        0.005     5:01.138           1           1  301138810 .TAU application
100.0        0.352     5:01.138           1          72  301138805 FT 
 83.2        0.073     4:10.416          22          66   11382580 FFT 
 54.0       10,801     2:42.609 1.08134E+06  9.7321E+06        150 CFFTZ 
 50.4     2:31.807     2:31.807  9.7321E+06           0         16 FFTZ2 
 35.1       51,353     1:45.783          22      360470    4808331 CFFTS3 
 24.5       19,441     1:13.727          22      360470    3351240 CFFTS2 
 23.5       17,012     1:10.906          22      360470    3223006 CFFTS1 
  9.7       29,137       29,137           2           0   14568774 COMPUTE_INDEXMAP 
  4.6       13,814       13,814          20           0     690736 EVOLVE 
  2.0        5,911        5,911           1           0    5911355 MPI_Finalize() 
  0.4        1,228        1,228           2           4     614364 COMPUTE_INITIAL_CONDITIONS 
  0.2        0.808          627           1          12     627746 SETUP 
  0.2          625          625           1           0     625512 MPI_Init() 
  0.0            1            1          20          20         74 CHECKSUM 
  0.0            1            1           1           0       1315 ALLOC_SPACE 
  0.0        0.131        0.131          20           0          7 MPI_Reduce() 
  0.0        0.104        0.104           2           0         52 MPI_Comm_split() 
  0.0        0.102        0.102           2           2         51 FFT_INIT 
  0.0        0.023        0.023           1           0         23 VERIFY 
  0.0        0.016        0.016          68           0          0 ILOG2 
  0.0        0.006        0.006           5           0          1 MPI_Bcast() 
  0.0        0.003        0.003           1           0          3 MPI_Barrier() 
  0.0        0.002        0.002           4           0          0 IPOW46 
  0.0        0.001        0.001           1           0          1 SET_CLASS 
  0.0            0            0           1           0          0 MPI_Comm_rank() 
  0.0            0            0           1           0          0 MPI_Comm_size() 
