Reading Profile files in profile.*

FUNCTION SUMMARY (total):
---------------------------------------------------------------------------------------
%Time    Exclusive    Inclusive       #Call      #Subrs  Inclusive Name
              msec   total msec                          usec/call 
---------------------------------------------------------------------------------------
100.0        0.041     5:32.439           8           8   41554897 .TAU application
100.0            1     5:32.439           8         576   41554892 FT 
 88.5        0.796     4:54.352         176         704    1672458 FFT 
 49.5       11,269     2:44.622 1.08134E+06  9.7321E+06        152 CFFTZ 
 46.1     2:33.353     2:33.353  9.7321E+06           0         16 FFTZ2 
 41.5       28,347     2:17.802         352      721248     391485 CFFTS1 
 22.2       18,518     1:13.685         176      360624     418669 CFFTS2 
 19.2        0.435     1:03.738         160         480     398368 TRANSPOSE_X_YZ 
 10.6        0.632       35,347         176         176     200841 TRANSPOSE2_GLOBAL 
 10.6       35,347       35,347         176           0     200837 MPI_Alltoall() 
 10.5       34,767       34,767         176           0     197545 TRANSPOSE2_LOCAL 
  5.8        0.166       19,124          16          48    1195290 TRANSPOSE_XY_Z 
  5.0       16,502       16,502         160           0     103140 EVOLVE 
  3.8       12,747       12,747         176           0      72426 TRANSPOSE2_FINISH 
  3.4       11,358       11,358          16           0     709882 COMPUTE_INDEXMAP 
  1.3            1        4,435           8          89     554398 SETUP 
  1.3        4,407        4,407           8           0     550982 MPI_Init() 
  1.2        3,938        3,938           8           0     492251 MPI_Finalize() 
  0.4        1,221        1,221          16          32      76330 COMPUTE_INITIAL_CONDITIONS 
  0.1            2          489         160         160       3058 CHECKSUM 
  0.1          486          486         160           0       3043 MPI_Reduce() 
  0.0          140          140           8           0      17503 MPI_Barrier() 
  0.0           12           12           8           0       1558 ALLOC_SPACE 
  0.0            7            7          16           0        486 MPI_Comm_split() 
  0.0            5            5          40           0        148 MPI_Bcast() 
  0.0            1            1          16          16         68 FFT_INIT 
  0.0        0.121        0.121         544           0          0 ILOG2 
  0.0         0.02         0.02           8           0          2 VERIFY 
  0.0        0.015        0.015          32           0          0 IPOW46 
  0.0        0.003        0.003           8           0          0 MPI_Comm_rank() 
  0.0        0.001        0.001           8           0          0 MPI_Comm_size() 
  0.0        0.001        0.001           1           0          1 SET_CLASS 

FUNCTION SUMMARY (mean):
---------------------------------------------------------------------------------------
%Time    Exclusive    Inclusive       #Call      #Subrs  Inclusive Name
              msec   total msec                          usec/call 
---------------------------------------------------------------------------------------
100.0      0.00513       41,554           1           1   41554897 .TAU application
100.0        0.158       41,554           1          72   41554892 FT 
 88.5       0.0995       36,794          22          88    1672458 FFT 
 49.5        1,408       20,577      135168 1.21651E+06        152 CFFTZ 
 46.1       19,169       19,169 1.21651E+06           0         16 FFTZ2 
 41.5        3,543       17,225          44       90156     391485 CFFTS1 
 22.2        2,314        9,210          22       45078     418669 CFFTS2 
 19.2       0.0544        7,967          20          60     398368 TRANSPOSE_X_YZ 
 10.6        0.079        4,418          22          22     200841 TRANSPOSE2_GLOBAL 
 10.6        4,418        4,418          22           0     200837 MPI_Alltoall() 
 10.5        4,345        4,345          22           0     197545 TRANSPOSE2_LOCAL 
  5.8       0.0208        2,390           2           6    1195290 TRANSPOSE_XY_Z 
  5.0        2,062        2,062          20           0     103140 EVOLVE 
  3.8        1,593        1,593          22           0      72426 TRANSPOSE2_FINISH 
  3.4        1,419        1,419           2           0     709882 COMPUTE_INDEXMAP 
  1.3        0.143          554           1      11.125     554398 SETUP 
  1.3          550          550           1           0     550982 MPI_Init() 
  1.2          492          492           1           0     492251 MPI_Finalize() 
  0.4          152          152           2           4      76330 COMPUTE_INITIAL_CONDITIONS 
  0.1        0.289           61          20          20       3058 CHECKSUM 
  0.1           60           60          20           0       3043 MPI_Reduce() 
  0.0           17           17           1           0      17503 MPI_Barrier() 
  0.0            1            1           1           0       1558 ALLOC_SPACE 
  0.0        0.972        0.972           2           0        486 MPI_Comm_split() 
  0.0        0.742        0.742           5           0        148 MPI_Bcast() 
  0.0        0.135        0.136           2           2         68 FFT_INIT 
  0.0       0.0151       0.0151          68           0          0 ILOG2 
  0.0       0.0025       0.0025           1           0          2 VERIFY 
  0.0      0.00187      0.00187           4           0          0 IPOW46 
  0.0     0.000375     0.000375           1           0          0 MPI_Comm_rank() 
  0.0     0.000125     0.000125           1           0          0 MPI_Comm_size() 
  0.0     0.000125     0.000125       0.125           0          1 SET_CLASS 
