Reading Profile files in profile.*

FUNCTION SUMMARY (total):
---------------------------------------------------------------------------------------
%Time    Exclusive    Inclusive       #Call      #Subrs  Inclusive Name
              msec   total msec                          usec/call 
---------------------------------------------------------------------------------------
100.0        0.041     3:03.074           8           8   22884263 .TAU application
100.0        0.655     3:03.074           8         137   22884258 APPLU 
 92.4        7,875     2:49.109          16 4.09653E+07   10569359 SSOR 
 25.4       40,627       46,433        2024        4048      22942 RHS 
 14.6       26,741       26,741   1.004E+07           0          3 JACU 
 14.6       26,668       26,668   1.004E+07           0          3 JACLD 
 13.6       24,970       24,970   1.004E+07           0          2 BLTS 
 13.4       24,482       24,482   1.004E+07           0          2 BUTS 
  6.5          699       11,864      803200   1.004E+06         15 EXCHANGE_1 
  5.9       10,735       10,735      502000           0         21 MPI_Recv() 
  3.3        1,641        6,121        4064       15240       1506 EXCHANGE_3 
  2.9        5,296        5,296           8           0     662044 MPI_Finalize() 
  2.5        0.339        4,516           8          24     564551 INIT_COMM 
  2.5        4,516        4,516           8           0     564507 MPI_Init() 
  1.8        1,365        3,278          16     1.2E+07     204878 SETIV 
  1.5        2,702        2,702        5098           0        530 MPI_Wait() 
  1.2        2,165        2,165      507098           0          4 MPI_Send() 
  1.1        2,102        2,102 1.31248E+07           0          0 EXACT 
  0.3          205          520           8          16      65076 ERHS 
  0.2          112          275           8 1.00001E+06      34404 ERROR 
  0.0           68           68          80           0        851 MPI_Allreduce() 
  0.0           15           63          32          32       1985 L2NORM 
  0.0           16           54          16      124848       3399 SETBV 
  0.0           42           42        5098           0          8 MPI_Irecv() 
  0.0           14           14           8           0       1798 ALLOC_SPACE 
  0.0        0.563            6           8           9        754 READ_INPUT 
  0.0        0.084            5           8          80        684 BCAST_INPUTS 
  0.0            5            5          80           0         67 MPI_Bcast() 
  0.0            1            1           8          44        247 PINTGR 
  0.0        0.195        0.195           1           0        195 VERIFY 
  0.0        0.144        0.144          16           0          9 MPI_Barrier() 
  0.0        0.004        0.114           4           6         28 EXCHANGE_6 
  0.0        0.024          0.1           8          30         12 EXCHANGE_4 
  0.0        0.008        0.051           8          18          6 EXCHANGE_5 
  0.0        0.026        0.028           8           8          4 PROC_GRID 
  0.0        0.007        0.007           8           0          1 SETCOEFF 
  0.0        0.006        0.006           8           0          1 MPI_Comm_size() 
  0.0        0.006        0.006           8           0          1 NEIGHBORS 
  0.0        0.004        0.004           8           0          0 SUBDOMAIN 
  0.0        0.003        0.003           8           0          0 MPI_Comm_rank() 
  0.0        0.002        0.002           8           0          0 ISQRT2 
  0.0            0            0           1           0          0 SET_CLASS 

FUNCTION SUMMARY (mean):
---------------------------------------------------------------------------------------
%Time    Exclusive    Inclusive       #Call      #Subrs  Inclusive Name
              msec   total msec                          usec/call 
---------------------------------------------------------------------------------------
100.0      0.00513       22,884           1           1   22884263 .TAU application
100.0       0.0819       22,884           1      17.125   22884258 APPLU 
 92.4          984       21,138           2 5.12066E+06   10569359 SSOR 
 25.4        5,078        5,804         253         506      22942 RHS 
 14.6        3,342        3,342   1.255E+06           0          3 JACU 
 14.6        3,333        3,333   1.255E+06           0          3 JACLD 
 13.6        3,121        3,121   1.255E+06           0          2 BLTS 
 13.4        3,060        3,060   1.255E+06           0          2 BUTS 
  6.5           87        1,483      100400      125500         15 EXCHANGE_1 
  5.9        1,341        1,341       62750           0         21 MPI_Recv() 
  3.3          205          765         508        1905       1506 EXCHANGE_3 
  2.9          662          662           1           0     662044 MPI_Finalize() 
  2.5       0.0424          564           1           3     564551 INIT_COMM 
  2.5          564          564           1           0     564507 MPI_Init() 
  1.8          170          409           2     1.5E+06     204878 SETIV 
  1.5          337          337      637.25           0        530 MPI_Wait() 
  1.2          270          270     63387.2           0          4 MPI_Send() 
  1.1          262          262 1.64061E+06           0          0 EXACT 
  0.3           25           65           1           2      65076 ERHS 
  0.2           14           34           1      125001      34404 ERROR 
  0.0            8            8          10           0        851 MPI_Allreduce() 
  0.0            1            7           4           4       1985 L2NORM 
  0.0            2            6           2       15606       3399 SETBV 
  0.0            5            5      637.25           0          8 MPI_Irecv() 
  0.0            1            1           1           0       1798 ALLOC_SPACE 
  0.0       0.0704        0.754           1       1.125        754 READ_INPUT 
  0.0       0.0105        0.684           1          10        684 BCAST_INPUTS 
  0.0        0.673        0.673          10           0         67 MPI_Bcast() 
  0.0        0.137        0.247           1         5.5        247 PINTGR 
  0.0       0.0244       0.0244       0.125           0        195 VERIFY 
  0.0        0.018        0.018           2           0          9 MPI_Barrier() 
  0.0       0.0005       0.0143         0.5        0.75         28 EXCHANGE_6 
  0.0        0.003       0.0125           1        3.75         12 EXCHANGE_4 
  0.0        0.001      0.00637           1        2.25          6 EXCHANGE_5 
  0.0      0.00325       0.0035           1           1          4 PROC_GRID 
  0.0     0.000875     0.000875           1           0          1 SETCOEFF 
  0.0      0.00075      0.00075           1           0          1 MPI_Comm_size() 
  0.0      0.00075      0.00075           1           0          1 NEIGHBORS 
  0.0       0.0005       0.0005           1           0          0 SUBDOMAIN 
  0.0     0.000375     0.000375           1           0          0 MPI_Comm_rank() 
  0.0      0.00025      0.00025           1           0          0 ISQRT2 
  0.0            0            0       0.125           0          0 SET_CLASS 
