Reading Profile files in profile.*

FUNCTION SUMMARY (total):
---------------------------------------------------------------------------------------
%Time    Exclusive    Inclusive       #Call      #Subrs  Inclusive Name
              msec   total msec                          usec/call 
---------------------------------------------------------------------------------------
100.0            1     6:38.621         128         128    3114230 .TAU application
100.0          121     6:38.620         128      127488    3114221 CG 
 46.9       49,127     3:07.030        9728 9.86419E+06      19226 CONJ_GRAD 
 26.9     1:47.131     1:47.131 3.32698E+06           0         32 MPI_Wait() 
 19.3            6     1:17.049         128         512     601951 INITIALIZE_MPI 
 19.3     1:16.966     1:16.966         128           0     601302 MPI_Init() 
 16.9     1:07.307     1:07.307         128           0     525838 MPI_Finalize() 
 16.8        3,476     1:06.932         128 1.92001E+07     522911 MAKEA 
 15.4       31,427     1:01.475     9.6E+06 2.18369E+08          6 SPRNVC 
  7.5       30,047       30,047 2.18369E+08           0          0 ICNVRT 
  7.3       29,206       29,206 3.32698E+06           0          9 MPI_Send() 
  0.4        1,693        1,693 3.32698E+06           0          1 MPI_Irecv() 
  0.4        1,476        1,476     9.6E+06           0          0 VECSET 
  0.1          504          504         128           0       3942 SPARSE 
  0.0           76           76         128           0        597 MPI_Bcast() 
  0.0           36           36         128           0        282 MPI_Barrier() 
  0.0            8            8         128           0         65 ALLOC_SPACE 
  0.0            6            6         128           0         54 MPI_Reduce() 
  0.0        0.075        0.075         128           0          1 MPI_Comm_size() 
  0.0        0.059        0.059         128           0          0 SETUP_SUBMATRIX_INFO 
  0.0        0.032        0.032         128           0          0 MPI_Comm_rank() 
  0.0        0.032        0.032         128           0          0 SETUP_PROC_INFO 

FUNCTION SUMMARY (mean):
---------------------------------------------------------------------------------------
%Time    Exclusive    Inclusive       #Call      #Subrs  Inclusive Name
              msec   total msec                          usec/call 
---------------------------------------------------------------------------------------
100.0      0.00867        3,114           1           1    3114230 .TAU application
100.0        0.946        3,114           1         996    3114221 CG 
 46.9          383        1,461          76       77064      19226 CONJ_GRAD 
 26.9          836          836       25992           0         32 MPI_Wait() 
 19.3       0.0521          601           1           4     601951 INITIALIZE_MPI 
 19.3          601          601           1           0     601302 MPI_Init() 
 16.9          525          525           1           0     525838 MPI_Finalize() 
 16.8           27          522           1      150001     522911 MAKEA 
 15.4          245          480       75000 1.70601E+06          6 SPRNVC 
  7.5          234          234 1.70601E+06           0          0 ICNVRT 
  7.3          228          228       25992           0          9 MPI_Send() 
  0.4           13           13       25992           0          1 MPI_Irecv() 
  0.4           11           11       75000           0          0 VECSET 
  0.1            3            3           1           0       3942 SPARSE 
  0.0        0.597        0.597           1           0        597 MPI_Bcast() 
  0.0        0.282        0.282           1           0        282 MPI_Barrier() 
  0.0        0.065        0.065           1           0         65 ALLOC_SPACE 
  0.0       0.0539       0.0539           1           0         54 MPI_Reduce() 
  0.0     0.000586     0.000586           1           0          1 MPI_Comm_size() 
  0.0     0.000461     0.000461           1           0          0 SETUP_SUBMATRIX_INFO 
  0.0      0.00025      0.00025           1           0          0 MPI_Comm_rank() 
  0.0      0.00025      0.00025           1           0          0 SETUP_PROC_INFO 
