Reading Profile files in profile.*

FUNCTION SUMMARY (total):
---------------------------------------------------------------------------------------
%Time    Exclusive    Inclusive       #Call      #Subrs  Inclusive Name
              msec   total msec                          usec/call 
---------------------------------------------------------------------------------------
100.0        0.391    16:42.269          64          64   15660456 .TAU application
100.0            4    16:42.268          64        1089   15660450 APPLU 
 89.5       35,527    14:57.422         128 2.15917E+08    7011114 SSOR 
 21.4        7,289     3:34.616  1.0281E+07 1.79917E+07         21 EXCHANGE_1 
 21.2     2:30.017     3:32.165       16192       32384      13103 RHS 
 20.1     3:21.781     3:21.781 8.99584E+06           0         22 MPI_Recv() 
 11.3     1:53.066     1:53.066 5.14048E+07           0          2 JACU 
 11.3     1:53.027     1:53.027 5.14048E+07           0          2 JACLD 
 10.3     1:43.452     1:43.452 5.14048E+07           0          2 BLTS 
 10.2     1:42.294     1:42.294 5.14048E+07           0          2 BUTS 
  6.6       12,669     1:06.189       32512      170688       2036 EXCHANGE_3 
  4.7       47,340       47,340          64           0     739699 MPI_Finalize() 
  3.5            2       35,573          64         192     555843 INIT_COMM 
  3.5       35,570       35,570          64           0     555796 MPI_Init() 
  3.1       31,112       31,112 9.05288E+06           0          3 MPI_Send() 
  2.8       27,798       27,798       57036           0        487 MPI_Wait() 
  1.5        6,666       15,454         128  4.9152E+07     120736 SETIV 
  0.9        9,494        9,494 5.35629E+07           0          0 EXACT 
  0.5          855        4,895          64         128      76496 ERHS 
  0.3        3,289        3,289         640           0       5140 MPI_Allreduce() 
  0.3           47        2,709         256         256      10585 L2NORM 
  0.1          458        1,196          64 4.09606E+06      18703 ERROR 
  0.0          209          209       57036           0          4 MPI_Irecv() 
  0.0           43          126         128      314928        989 SETBV 
  0.0          111          111          64           0       1740 ALLOC_SPACE 
  0.0            5           80          64         288       1258 PINTGR 
  0.0           68           68         128           0        533 MPI_Barrier() 
  0.0        0.921           61          64          65        957 READ_INPUT 
  0.0        0.626           60          64         640        943 BCAST_INPUTS 
  0.0           59           59         640           0         93 MPI_Bcast() 
  0.0        0.195           55          64         336        864 EXCHANGE_4 
  0.0        0.017         0.38          16          42         24 EXCHANGE_6 
  0.0        0.021         0.24          16          42         15 EXCHANGE_5 
  0.0        0.176        0.188          64          64          3 PROC_GRID 
  0.0        0.179        0.179           1           0        179 VERIFY 
  0.0        0.048        0.048          64           0          1 SETCOEFF 
  0.0        0.033        0.033          64           0          1 MPI_Comm_size() 
  0.0        0.022        0.022          64           0          0 MPI_Comm_rank() 
  0.0        0.022        0.022          64           0          0 NEIGHBORS 
  0.0        0.016        0.016          64           0          0 SUBDOMAIN 
  0.0        0.012        0.012          64           0          0 ISQRT2 
  0.0            0            0           1           0          0 SET_CLASS 

FUNCTION SUMMARY (mean):
---------------------------------------------------------------------------------------
%Time    Exclusive    Inclusive       #Call      #Subrs  Inclusive Name
              msec   total msec                          usec/call 
---------------------------------------------------------------------------------------
100.0      0.00611       15,660           1           1   15660456 .TAU application
100.0       0.0702       15,660           1     17.0156   15660450 APPLU 
 89.5          555       14,022           2  3.3737E+06    7011114 SSOR 
 21.4          113        3,353      160640      281120         21 EXCHANGE_1 
 21.2        2,344        3,315         253         506      13103 RHS 
 20.1        3,152        3,152      140560           0         22 MPI_Recv() 
 11.3        1,766        1,766      803200           0          2 JACU 
 11.3        1,766        1,766      803200           0          2 JACLD 
 10.3        1,616        1,616      803200           0          2 BLTS 
 10.2        1,598        1,598      803200           0          2 BUTS 
  6.6          197        1,034         508        2667       2036 EXCHANGE_3 
  4.7          739          739           1           0     739699 MPI_Finalize() 
  3.5       0.0465          555           1           3     555843 INIT_COMM 
  3.5          555          555           1           0     555796 MPI_Init() 
  3.1          486          486      141451           0          3 MPI_Send() 
  2.8          434          434     891.188           0        487 MPI_Wait() 
  1.5          104          241           2      768000     120736 SETIV 
  0.9          148          148      836921           0          0 EXACT 
  0.5           13           76           1           2      76496 ERHS 
  0.3           51           51          10           0       5140 MPI_Allreduce() 
  0.3        0.742           42           4           4      10585 L2NORM 
  0.1            7           18           1       64001      18703 ERROR 
  0.0            3            3     891.188           0          4 MPI_Irecv() 
  0.0        0.685            1           2     4920.75        989 SETBV 
  0.0            1            1           1           0       1740 ALLOC_SPACE 
  0.0       0.0844            1           1         4.5       1258 PINTGR 
  0.0            1            1           2           0        533 MPI_Barrier() 
  0.0       0.0144        0.957           1     1.01562        957 READ_INPUT 
  0.0      0.00978        0.943           1          10        943 BCAST_INPUTS 
  0.0        0.933        0.933          10           0         93 MPI_Bcast() 
  0.0      0.00305        0.864           1        5.25        864 EXCHANGE_4 
  0.0     0.000266      0.00594        0.25     0.65625         24 EXCHANGE_6 
  0.0     0.000328      0.00375        0.25     0.65625         15 EXCHANGE_5 
  0.0      0.00275      0.00294           1           1          3 PROC_GRID 
  0.0       0.0028       0.0028    0.015625           0        179 VERIFY 
  0.0      0.00075      0.00075           1           0          1 SETCOEFF 
  0.0     0.000516     0.000516           1           0          1 MPI_Comm_size() 
  0.0     0.000344     0.000344           1           0          0 MPI_Comm_rank() 
  0.0     0.000344     0.000344           1           0          0 NEIGHBORS 
  0.0      0.00025      0.00025           1           0          0 SUBDOMAIN 
  0.0     0.000188     0.000188           1           0          0 ISQRT2 
  0.0            0            0    0.015625           0          0 SET_CLASS 
