Reading Profile files in profile.*

FUNCTION SUMMARY (total):
---------------------------------------------------------------------------------------
%Time    Exclusive    Inclusive       #Call      #Subrs  Inclusive Name
              msec   total msec                          usec/call 
---------------------------------------------------------------------------------------
100.0        0.676  4:28:54.304         128         128  126049252 .TAU application
100.0            9  4:28:54.303         128        2177  126049247 APPLU 
 97.5    11:26.876  4:22:08.218         256 3.23801E+09   61438354 SSOR 
 23.5    53:50.073  1:03:15.898       38784       77568      97873 RHS 
 18.4     1:10.437    49:31.975 6.25695E+07 1.13407E+08         47 EXCHANGE_1 
 17.7    47:36.880    47:36.880 5.67036E+07           0         50 MPI_Recv() 
 13.3    35:51.698    35:51.698  7.9385E+08           0          3 JACU 
 13.2    35:31.022    35:31.022  7.9385E+08           0          3 JACLD 
 12.4    33:27.228    33:27.228  7.9385E+08           0          3 BLTS 
 12.2    32:41.945    32:41.945  7.9385E+08           0          2 BUTS 
  3.6     3:23.240     9:39.902       77824      423168       7451 EXCHANGE_3 
  1.4     3:49.335     3:49.335 5.68449E+07           0          4 MPI_Send() 
  1.3     1:27.044     3:30.680         256 8.03081E+08     822970 SETIV 
  1.2     3:10.280     3:10.280      141332           0       1346 MPI_Wait() 
  0.8     2:14.519     2:14.519 8.72002E+08           0          0 EXACT 
  0.4            5     1:12.573         128         384     566984 INIT_COMM 
  0.4     1:12.568     1:12.568         128           0     566941 MPI_Init() 
  0.4     1:08.610     1:08.610         128           0     536023 MPI_Finalize() 
  0.2       13,888       27,965         128         256     218482 ERHS 
  0.2       27,381       27,381        1280           0      21391 MPI_Allreduce() 
  0.2        7,531       24,846         128 6.69235E+07     194113 ERROR 
  0.1        1,355       18,133         512         512      35417 L2NORM 
  0.0        1,711        1,711      141332           0         12 MPI_Irecv() 
  0.0          262          922         256 1.99757E+06       3605 SETBV 
  0.0          218          218         128           0       1706 ALLOC_SPACE 
  0.0           47          139         128         560       1088 PINTGR 
  0.0            1          116         128         129        912 READ_INPUT 
  0.0            1          115         128        1280        903 BCAST_INPUTS 
  0.0          114          114        1280           0         89 MPI_Bcast() 
  0.0           12           12         256           0         47 MPI_Barrier() 
  0.0        0.428            6         128         696         49 EXCHANGE_4 
  0.0        0.091            2          32          90         63 EXCHANGE_5 
  0.0        0.041        0.571          16          42         36 EXCHANGE_6 
  0.0        0.246        0.274         128         128          2 PROC_GRID 
  0.0        0.246        0.246           1           0        246 VERIFY 
  0.0        0.095        0.095         128           0          1 SETCOEFF 
  0.0        0.065        0.065         128           0          1 MPI_Comm_size() 
  0.0        0.057        0.057         128           0          0 NEIGHBORS 
  0.0        0.043        0.043         128           0          0 MPI_Comm_rank() 
  0.0        0.038        0.038         128           0          0 SUBDOMAIN 
  0.0        0.028        0.028         128           0          0 ISQRT2 
  0.0        0.001        0.001           1           0          1 SET_CLASS 

FUNCTION SUMMARY (mean):
---------------------------------------------------------------------------------------
%Time    Exclusive    Inclusive       #Call      #Subrs  Inclusive Name
              msec   total msec                          usec/call 
---------------------------------------------------------------------------------------
100.0      0.00528     2:06.049           1           1  126049252 .TAU application
100.0       0.0741     2:06.049           1     17.0078  126049247 APPLU 
 97.5        5,366     2:02.876           2  2.5297E+07   61438354 SSOR 
 23.5       25,234       29,655         303         606      97873 RHS 
 18.4          550       23,218      488824      885994         47 EXCHANGE_1 
 17.7       22,319       22,319      442997           0         50 MPI_Recv() 
 13.3       16,810       16,810 6.20195E+06           0          3 JACU 
 13.2       16,648       16,648 6.20195E+06           0          3 JACLD 
 12.4       15,681       15,681 6.20195E+06           0          3 BLTS 
 12.2       15,327       15,327 6.20195E+06           0          2 BUTS 
  3.6        1,587        4,530         608        3306       7451 EXCHANGE_3 
  1.4        1,791        1,791      444101           0          4 MPI_Send() 
  1.3          680        1,645           2 6.27407E+06     822970 SETIV 
  1.2        1,486        1,486     1104.16           0       1346 MPI_Wait() 
  0.8        1,050        1,050 6.81252E+06           0          0 EXACT 
  0.4       0.0424          566           1           3     566984 INIT_COMM 
  0.4          566          566           1           0     566941 MPI_Init() 
  0.4          536          536           1           0     536023 MPI_Finalize() 
  0.2          108          218           1           2     218482 ERHS 
  0.2          213          213          10           0      21391 MPI_Allreduce() 
  0.2           58          194           1      522840     194113 ERROR 
  0.1           10          141           4           4      35417 L2NORM 
  0.0           13           13     1104.16           0         12 MPI_Irecv() 
  0.0            2            7           2       15606       3605 SETBV 
  0.0            1            1           1           0       1706 ALLOC_SPACE 
  0.0        0.369            1           1       4.375       1088 PINTGR 
  0.0      0.00899        0.912           1     1.00781        912 READ_INPUT 
  0.0      0.00943        0.903           1          10        903 BCAST_INPUTS 
  0.0        0.893        0.893          10           0         89 MPI_Bcast() 
  0.0       0.0945       0.0945           2           0         47 MPI_Barrier() 
  0.0      0.00334       0.0492           1      5.4375         49 EXCHANGE_4 
  0.0     0.000711       0.0157        0.25    0.703125         63 EXCHANGE_5 
  0.0      0.00032      0.00446       0.125    0.328125         36 EXCHANGE_6 
  0.0      0.00192      0.00214           1           1          2 PROC_GRID 
  0.0      0.00192      0.00192   0.0078125           0        246 VERIFY 
  0.0     0.000742     0.000742           1           0          1 SETCOEFF 
  0.0     0.000508     0.000508           1           0          1 MPI_Comm_size() 
  0.0     0.000445     0.000445           1           0          0 NEIGHBORS 
  0.0     0.000336     0.000336           1           0          0 MPI_Comm_rank() 
  0.0     0.000297     0.000297           1           0          0 SUBDOMAIN 
  0.0     0.000219     0.000219           1           0          0 ISQRT2 
  0.0     7.81E-06     7.81E-06   0.0078125           0          1 SET_CLASS 
