Reading Profile files in profile.*

FUNCTION SUMMARY (total):
---------------------------------------------------------------------------------------
%Time    Exclusive    Inclusive       #Call      #Subrs  Inclusive Name
              msec   total msec                          usec/call 
---------------------------------------------------------------------------------------
100.0            1  4:42:36.603         256         256   66236732 .TAU application
100.0           18  4:42:36.601         256        4353   66236726 APPLU 
 96.2    11:15.486  4:31:45.932         512 3.30062E+09   31847524 SSOR 
 21.9    52:15.368  1:01:48.940       77568      155136      47815 RHS 
 20.8     1:47.956    58:52.030 1.25139E+08 2.34636E+08         28 EXCHANGE_1 
 19.8    55:51.891    55:51.891 1.17318E+08           0         29 MPI_Recv() 
 12.6    35:38.029    35:38.029  7.9385E+08           0          3 JACLD 
 12.6    35:34.364    35:34.364  7.9385E+08           0          3 JACU 
 11.8    33:26.503    33:26.503  7.9385E+08           0          3 BLTS 
 11.6    32:41.066    32:41.066  7.9385E+08           0          2 BUTS 
  3.6     3:36.729    10:16.921      155648      875520       3964 EXCHANGE_3 
  1.6     4:35.166     4:35.166  1.1761E+08           0          2 MPI_Send() 
  1.3     1:30.197     3:36.529         512 8.03081E+08     422910 SETIV 
  1.2           10     3:30.342         256         768     821649 INIT_COMM 
  1.2     3:30.331     3:30.331         256           0     821607 MPI_Init() 
  1.2     3:15.193     3:15.193      292380           0        668 MPI_Wait() 
  0.9     2:29.529     2:29.529        2560           0      58410 MPI_Allreduce() 
  0.9     2:26.288     2:26.288         256           0     571438 MPI_Finalize() 
  0.8     2:17.110     2:17.110 8.72002E+08           0          0 EXACT 
  0.8        1,259     2:15.721        1024        1024     132540 L2NORM 
  0.3       13,481       56,831         256         512     221998 ERHS 
  0.1        7,600       18,981         256 6.69237E+07      74145 ERROR 
  0.0        2,032        2,032      292380           0          7 MPI_Irecv() 
  0.0          250          833         512 1.99757E+06       1629 SETBV 
  0.0          421          421         256           0       1645 ALLOC_SPACE 
  0.0            1          236         256         257        923 READ_INPUT 
  0.0            2          235         256        2560        918 BCAST_INPUTS 
  0.0          232          232        2560           0         91 MPI_Bcast() 
  0.0           52          186         256        1088        729 PINTGR 
  0.0           25           25         512           0         49 MPI_Barrier() 
  0.0        0.779           15         256        1440         59 EXCHANGE_4 
  0.0        0.085            1          32          90         49 EXCHANGE_6 
  0.0        0.079            1          32          90         48 EXCHANGE_5 
  0.0         0.58        0.628         256         256          2 PROC_GRID 
  0.0        0.206        0.206           1           0        206 VERIFY 
  0.0         0.19         0.19         256           0          1 SETCOEFF 
  0.0        0.104        0.104         256           0          0 MPI_Comm_size() 
  0.0        0.102        0.102         256           0          0 NEIGHBORS 
  0.0        0.084        0.084         256           0          0 MPI_Comm_rank() 
  0.0        0.072        0.072         256           0          0 SUBDOMAIN 
  0.0        0.048        0.048         256           0          0 ISQRT2 
  0.0        0.001        0.001           1           0          1 SET_CLASS 

FUNCTION SUMMARY (mean):
---------------------------------------------------------------------------------------
%Time    Exclusive    Inclusive       #Call      #Subrs  Inclusive Name
              msec   total msec                          usec/call 
---------------------------------------------------------------------------------------
100.0      0.00546     1:06.236           1           1   66236732 .TAU application
100.0       0.0709     1:06.236           1     17.0039   66236726 APPLU 
 96.2        2,638     1:03.695           2  1.2893E+07   31847524 SSOR 
 21.9       12,247       14,488         303         606      47815 RHS 
 20.8          421       13,796      488824      916545         28 EXCHANGE_1 
 19.8       13,093       13,093      458272           0         29 MPI_Recv() 
 12.6        8,351        8,351 3.10098E+06           0          3 JACLD 
 12.6        8,337        8,337 3.10098E+06           0          3 JACU 
 11.8        7,837        7,837 3.10098E+06           0          3 BLTS 
 11.6        7,660        7,660 3.10098E+06           0          2 BUTS 
  3.6          846        2,409         608        3420       3964 EXCHANGE_3 
  1.6        1,074        1,074      459415           0          2 MPI_Send() 
  1.3          352          845           2 3.13704E+06     422910 SETIV 
  1.2       0.0416          821           1           3     821649 INIT_COMM 
  1.2          821          821           1           0     821607 MPI_Init() 
  1.2          762          762     1142.11           0        668 MPI_Wait() 
  0.9          584          584          10           0      58410 MPI_Allreduce() 
  0.9          571          571           1           0     571438 MPI_Finalize() 
  0.8          535          535 3.40626E+06           0          0 EXACT 
  0.8            4          530           4           4     132540 L2NORM 
  0.3           52          221           1           2     221998 ERHS 
  0.1           29           74           1      261421      74145 ERROR 
  0.0            7            7     1142.11           0          7 MPI_Irecv() 
  0.0        0.977            3           2        7803       1629 SETBV 
  0.0            1            1           1           0       1645 ALLOC_SPACE 
  0.0       0.0052        0.923           1     1.00391        923 READ_INPUT 
  0.0      0.00881        0.918           1          10        918 BCAST_INPUTS 
  0.0        0.909        0.909          10           0         91 MPI_Bcast() 
  0.0        0.206        0.729           1        4.25        729 PINTGR 
  0.0       0.0989       0.0989           2           0         49 MPI_Barrier() 
  0.0      0.00304       0.0592           1       5.625         59 EXCHANGE_4 
  0.0     0.000332      0.00607       0.125    0.351562         49 EXCHANGE_6 
  0.0     0.000309      0.00595       0.125    0.351562         48 EXCHANGE_5 
  0.0      0.00227      0.00245           1           1          2 PROC_GRID 
  0.0     0.000805     0.000805  0.00390625           0        206 VERIFY 
  0.0     0.000742     0.000742           1           0          1 SETCOEFF 
  0.0     0.000406     0.000406           1           0          0 MPI_Comm_size() 
  0.0     0.000398     0.000398           1           0          0 NEIGHBORS 
  0.0     0.000328     0.000328           1           0          0 MPI_Comm_rank() 
  0.0     0.000281     0.000281           1           0          0 SUBDOMAIN 
  0.0     0.000188     0.000188           1           0          0 ISQRT2 
  0.0     3.91E-06     3.91E-06  0.00390625           0          1 SET_CLASS 
