Reading Profile files in profile.*

FUNCTION SUMMARY (total):
---------------------------------------------------------------------------------------
%Time    Exclusive    Inclusive       #Call      #Subrs  Inclusive Name
              msec   total msec                          usec/call 
---------------------------------------------------------------------------------------
100.0        0.278     6:58.628          32          32   13082149 .TAU application
100.0          118     6:58.628          32       24576   13082140 CG 
 80.7     2:31.437     5:37.926        2432 1.89696E+06     138950 CONJ_GRAD 
 22.5     1:33.991     1:33.991      639616           0        147 MPI_Wait() 
 21.8     1:31.313     1:31.313      639616           0        143 MPI_Send() 
 10.0        2,623       42,033          32 9.60003E+06    1313552 MAKEA 
  8.7       19,239       36,609     4.8E+06 1.25956E+08          8 SPRNVC 
  5.2       21,724       21,724          32           0     678881 MPI_Finalize() 
  4.1       17,370       17,370 1.25956E+08           0          0 ICNVRT 
  4.0            2       16,715          32         128     522357 INITIALIZE_MPI 
  4.0       16,682       16,682          32           0     521331 MPI_Init() 
  0.5        2,039        2,039          32           0      63744 SPARSE 
  0.3        1,208        1,208      639616           0          2 MPI_Irecv() 
  0.2          761          761     4.8E+06           0          0 VECSET 
  0.0           74           74          32           0       2332 ALLOC_SPACE 
  0.0           30           30          32           0        952 MPI_Bcast() 
  0.0            9            9          32           0        291 MPI_Barrier() 
  0.0            2            2          32           0         63 MPI_Reduce() 
  0.0        0.026        0.026          32           0          1 SETUP_SUBMATRIX_INFO 
  0.0        0.015        0.015          32           0          0 MPI_Comm_size() 
  0.0        0.006        0.006          32           0          0 SETUP_PROC_INFO 
  0.0        0.005        0.005          32           0          0 MPI_Comm_rank() 

FUNCTION SUMMARY (mean):
---------------------------------------------------------------------------------------
%Time    Exclusive    Inclusive       #Call      #Subrs  Inclusive Name
              msec   total msec                          usec/call 
---------------------------------------------------------------------------------------
100.0      0.00869       13,082           1           1   13082149 .TAU application
100.0            3       13,082           1         768   13082140 CG 
 80.7        4,732       10,560          76       59280     138950 CONJ_GRAD 
 22.5        2,937        2,937       19988           0        147 MPI_Wait() 
 21.8        2,853        2,853       19988           0        143 MPI_Send() 
 10.0           81        1,313           1      300001    1313552 MAKEA 
  8.7          601        1,144      150000 3.93614E+06          8 SPRNVC 
  5.2          678          678           1           0     678881 MPI_Finalize() 
  4.1          542          542 3.93614E+06           0          0 ICNVRT 
  4.0       0.0731          522           1           4     522357 INITIALIZE_MPI 
  4.0          521          521           1           0     521331 MPI_Init() 
  0.5           63           63           1           0      63744 SPARSE 
  0.3           37           37       19988           0          2 MPI_Irecv() 
  0.2           23           23      150000           0          0 VECSET 
  0.0            2            2           1           0       2332 ALLOC_SPACE 
  0.0        0.952        0.952           1           0        952 MPI_Bcast() 
  0.0        0.291        0.291           1           0        291 MPI_Barrier() 
  0.0       0.0634       0.0634           1           0         63 MPI_Reduce() 
  0.0     0.000812     0.000812           1           0          1 SETUP_SUBMATRIX_INFO 
  0.0     0.000469     0.000469           1           0          0 MPI_Comm_size() 
  0.0     0.000188     0.000188           1           0          0 SETUP_PROC_INFO 
  0.0     0.000156     0.000156           1           0          0 MPI_Comm_rank() 
