Reading Profile files in profile.*

FUNCTION SUMMARY (total):
---------------------------------------------------------------------------------------
%Time    Exclusive    Inclusive       #Call      #Subrs  Inclusive Name
              msec   total msec                          usec/call 
---------------------------------------------------------------------------------------
100.0        0.176    14:34.398          32          32   27324961 .TAU application
100.0            2    14:34.398          32         545   27324956 APPLU 
 93.7       37,962    13:39.398          64 2.10768E+08   12803104 SSOR 
 24.4     2:47.145     3:33.138        8096       16192      26326 RHS 
 15.3        4,700     2:14.028 5.14048E+06 8.35328E+06         26 EXCHANGE_1 
 14.5     2:06.356     2:06.356 4.17664E+06           0         30 MPI_Recv() 
 13.0     1:53.434     1:53.434 5.14048E+07           0          2 JACU 
 12.9     1:52.897     1:52.897 5.14048E+07           0          2 JACLD 
 12.0     1:44.686     1:44.686 5.14048E+07           0          2 BLTS 
 11.7     1:42.155     1:42.155 5.14048E+07           0          2 BUTS 
  5.5       10,800       47,839       16256       79248       2943 EXCHANGE_3 
  2.7       23,287       23,287       26488           0        879 MPI_Wait() 
  2.4       20,695       20,695          32           0     646733 MPI_Finalize() 
  1.9       16,543       16,543 4.20313E+06           0          4 MPI_Send() 
  1.9            1       16,530          32          96     516584 INIT_COMM 
  1.9       16,529       16,529          32           0     516534 MPI_Init() 
  1.6        5,700       13,629          64  4.9152E+07     212955 SETIV 
  1.0        8,677        8,677 5.35629E+07           0          0 EXACT 
  0.3          857        2,703          32          64      84480 ERHS 
  0.1          460        1,205          32 4.09603E+06      37660 ERROR 
  0.1        1,117        1,117         320           0       3492 MPI_Allreduce() 
  0.1           71        1,013         128         128       7917 L2NORM 
  0.0          179          179       26488           0          7 MPI_Irecv() 
  0.0           42          135          64      314928       2110 SETBV 
  0.0           60           60          32           0       1876 ALLOC_SPACE 
  0.0        0.593           26          32          33        835 READ_INPUT 
  0.0        0.378           26          32         320        816 BCAST_INPUTS 
  0.0           25           25         320           0         80 MPI_Bcast() 
  0.0            4           11          32         152        365 PINTGR 
  0.0            1            1          64           0         24 MPI_Barrier() 
  0.0         0.09        0.885          32         156         28 EXCHANGE_4 
  0.0        0.029        0.386          16          42         24 EXCHANGE_5 
  0.0        0.219        0.219           1           0        219 VERIFY 
  0.0        0.011        0.172           8          18         22 EXCHANGE_6 
  0.0        0.097         0.11          32          32          3 PROC_GRID 
  0.0        0.025        0.025          32           0          1 SETCOEFF 
  0.0        0.014        0.014          32           0          0 NEIGHBORS 
  0.0        0.013        0.013          32           0          0 ISQRT2 
  0.0        0.011        0.011          32           0          0 MPI_Comm_rank() 
  0.0        0.011        0.011          32           0          0 MPI_Comm_size() 
  0.0        0.011        0.011          32           0          0 SUBDOMAIN 
  0.0            0            0           1           0          0 SET_CLASS 

FUNCTION SUMMARY (mean):
---------------------------------------------------------------------------------------
%Time    Exclusive    Inclusive       #Call      #Subrs  Inclusive Name
              msec   total msec                          usec/call 
---------------------------------------------------------------------------------------
100.0       0.0055       27,324           1           1   27324961 .TAU application
100.0       0.0732       27,324           1     17.0312   27324956 APPLU 
 93.7        1,186       25,606           2  6.5865E+06   12803104 SSOR 
 24.4        5,223        6,660         253         506      26326 RHS 
 15.3          146        4,188      160640      261040         26 EXCHANGE_1 
 14.5        3,948        3,948      130520           0         30 MPI_Recv() 
 13.0        3,544        3,544  1.6064E+06           0          2 JACU 
 12.9        3,528        3,528  1.6064E+06           0          2 JACLD 
 12.0        3,271        3,271  1.6064E+06           0          2 BLTS 
 11.7        3,192        3,192  1.6064E+06           0          2 BUTS 
  5.5          337        1,494         508      2476.5       2943 EXCHANGE_3 
  2.7          727          727      827.75           0        879 MPI_Wait() 
  2.4          646          646           1           0     646733 MPI_Finalize() 
  1.9          516          516      131348           0          4 MPI_Send() 
  1.9       0.0498          516           1           3     516584 INIT_COMM 
  1.9          516          516           1           0     516534 MPI_Init() 
  1.6          178          425           2   1.536E+06     212955 SETIV 
  1.0          271          271 1.67384E+06           0          0 EXACT 
  0.3           26           84           1           2      84480 ERHS 
  0.1           14           37           1      128001      37660 ERROR 
  0.1           34           34          10           0       3492 MPI_Allreduce() 
  0.1            2           31           4           4       7917 L2NORM 
  0.0            5            5      827.75           0          7 MPI_Irecv() 
  0.0            1            4           2      9841.5       2110 SETBV 
  0.0            1            1           1           0       1876 ALLOC_SPACE 
  0.0       0.0185        0.835           1     1.03125        835 READ_INPUT 
  0.0       0.0118        0.816           1          10        816 BCAST_INPUTS 
  0.0        0.804        0.804          10           0         80 MPI_Bcast() 
  0.0        0.143        0.365           1        4.75        365 PINTGR 
  0.0       0.0478       0.0478           2           0         24 MPI_Barrier() 
  0.0      0.00281       0.0277           1       4.875         28 EXCHANGE_4 
  0.0     0.000906       0.0121         0.5      1.3125         24 EXCHANGE_5 
  0.0      0.00684      0.00684     0.03125           0        219 VERIFY 
  0.0     0.000344      0.00537        0.25      0.5625         22 EXCHANGE_6 
  0.0      0.00303      0.00344           1           1          3 PROC_GRID 
  0.0     0.000781     0.000781           1           0          1 SETCOEFF 
  0.0     0.000438     0.000438           1           0          0 NEIGHBORS 
  0.0     0.000406     0.000406           1           0          0 ISQRT2 
  0.0     0.000344     0.000344           1           0          0 MPI_Comm_rank() 
  0.0     0.000344     0.000344           1           0          0 MPI_Comm_size() 
  0.0     0.000344     0.000344           1           0          0 SUBDOMAIN 
  0.0            0            0     0.03125           0          0 SET_CLASS 
