Reading Profile files in profile.*

FUNCTION SUMMARY (total):
---------------------------------------------------------------------------------------
%Time    Exclusive    Inclusive       #Call      #Subrs  Inclusive Name
              msec   total msec                          usec/call 
---------------------------------------------------------------------------------------
100.0        0.006     2:29.761           1           1  149761913 .TAU application
100.0        0.193     2:29.761           1          18  149761907 APPLU 
 91.5        4,525     2:17.084           2 1.01407E+07   68542018 SSOR 
 24.3       36,398       36,399         253         506     143871 RHS 
 16.4       24,627       24,627    2.51E+06           0         10 JACLD 
 16.1       24,065       24,065    2.51E+06           0         10 JACU 
 16.0       23,911       23,911    2.51E+06           0         10 BLTS 
 15.7       23,520       23,520    2.51E+06           0          9 BUTS 
  5.7        8,550        8,550           1           0    8550551 MPI_Finalize() 
  2.1        1,267        3,083           2     1.2E+07    1541774 SETIV 
  1.3        1,998        1,998 1.31248E+07           0          0 EXACT 
  0.4        0.043          537           1           3     537271 INIT_COMM 
  0.4          537          537           1           0     537228 MPI_Init() 
  0.2          111          262           1       1E+06     262391 ERROR 
  0.1          196          196           1           2     196412 ERHS 
  0.0           12           44           2      124848      22122 SETBV 
  0.0           17           17           4           4       4467 L2NORM 
  0.0           16           16      100400           0          0 EXCHANGE_1 
  0.0            1            1           1           0       1778 ALLOC_SPACE 
  0.0        0.655        0.672           1           2        672 READ_INPUT 
  0.0        0.631        0.632           1           8        632 PINTGR 
  0.0        0.592        0.592         508           0          1 EXCHANGE_3 
  0.0        0.176        0.176           1           0        176 VERIFY 
  0.0        0.072        0.072          10           0          7 MPI_Allreduce() 
  0.0        0.009        0.017           1          10         17 BCAST_INPUTS 
  0.0        0.008        0.008          10           0          1 MPI_Bcast() 
  0.0        0.002        0.002           2           0          1 MPI_Barrier() 
  0.0        0.002        0.002           1           1          2 PROC_GRID 
  0.0        0.001        0.001           1           0          1 SETCOEFF 
  0.0            0            0           1           0          0 EXCHANGE_4 
  0.0            0            0           2           0          0 EXCHANGE_5 
  0.0            0            0           2           0          0 EXCHANGE_6 
  0.0            0            0           1           0          0 ISQRT2 
  0.0            0            0           1           0          0 MPI_Comm_rank() 
  0.0            0            0           1           0          0 MPI_Comm_size() 
  0.0            0            0           1           0          0 NEIGHBORS 
  0.0            0            0           1           0          0 SET_CLASS 
  0.0            0            0           1           0          0 SUBDOMAIN 

FUNCTION SUMMARY (mean):
---------------------------------------------------------------------------------------
%Time    Exclusive    Inclusive       #Call      #Subrs  Inclusive Name
              msec   total msec                          usec/call 
---------------------------------------------------------------------------------------
100.0        0.006     2:29.761           1           1  149761913 .TAU application
100.0        0.193     2:29.761           1          18  149761907 APPLU 
 91.5        4,525     2:17.084           2 1.01407E+07   68542018 SSOR 
 24.3       36,398       36,399         253         506     143871 RHS 
 16.4       24,627       24,627    2.51E+06           0         10 JACLD 
 16.1       24,065       24,065    2.51E+06           0         10 JACU 
 16.0       23,911       23,911    2.51E+06           0         10 BLTS 
 15.7       23,520       23,520    2.51E+06           0          9 BUTS 
  5.7        8,550        8,550           1           0    8550551 MPI_Finalize() 
  2.1        1,267        3,083           2     1.2E+07    1541774 SETIV 
  1.3        1,998        1,998 1.31248E+07           0          0 EXACT 
  0.4        0.043          537           1           3     537271 INIT_COMM 
  0.4          537          537           1           0     537228 MPI_Init() 
  0.2          111          262           1       1E+06     262391 ERROR 
  0.1          196          196           1           2     196412 ERHS 
  0.0           12           44           2      124848      22122 SETBV 
  0.0           17           17           4           4       4467 L2NORM 
  0.0           16           16      100400           0          0 EXCHANGE_1 
  0.0            1            1           1           0       1778 ALLOC_SPACE 
  0.0        0.655        0.672           1           2        672 READ_INPUT 
  0.0        0.631        0.632           1           8        632 PINTGR 
  0.0        0.592        0.592         508           0          1 EXCHANGE_3 
  0.0        0.176        0.176           1           0        176 VERIFY 
  0.0        0.072        0.072          10           0          7 MPI_Allreduce() 
  0.0        0.009        0.017           1          10         17 BCAST_INPUTS 
  0.0        0.008        0.008          10           0          1 MPI_Bcast() 
  0.0        0.002        0.002           2           0          1 MPI_Barrier() 
  0.0        0.002        0.002           1           1          2 PROC_GRID 
  0.0        0.001        0.001           1           0          1 SETCOEFF 
  0.0            0            0           1           0          0 EXCHANGE_4 
  0.0            0            0           2           0          0 EXCHANGE_5 
  0.0            0            0           2           0          0 EXCHANGE_6 
  0.0            0            0           1           0          0 ISQRT2 
  0.0            0            0           1           0          0 MPI_Comm_rank() 
  0.0            0            0           1           0          0 MPI_Comm_size() 
  0.0            0            0           1           0          0 NEIGHBORS 
  0.0            0            0           1           0          0 SET_CLASS 
  0.0            0            0           1           0          0 SUBDOMAIN 
