Reading Profile files in profile.*

FUNCTION SUMMARY (total):
---------------------------------------------------------------------------------------
%Time    Exclusive    Inclusive       #Call      #Subrs  Inclusive Name
              msec   total msec                          usec/call 
---------------------------------------------------------------------------------------
100.0        0.728    10:00.043         128         128    4687842 .TAU application
100.0            6    10:00.043         128        2177    4687836 APPLU 
 69.4       21,924     6:56.164         256 1.73525E+08    1625641 SSOR 
 34.8        6,280     3:28.647 1.28512E+07 2.32928E+07         16 EXCHANGE_1 
 32.9     3:17.210     3:17.210 1.16464E+07           0         17 MPI_Recv() 
 15.2     1:31.487     1:31.487         128           0     714747 MPI_Finalize() 
 14.4            5     1:26.174         128         384     673240 INIT_COMM 
 14.4     1:26.169     1:26.169         128           0     673196 MPI_Init() 
  9.8       30,423       58,529       32384       64768       1807 RHS 
  5.7       33,998       33,998   4.016E+07           0          1 JACLD 
  5.6       33,608       33,608   4.016E+07           0          1 JACU 
  4.9       29,236       29,236   4.016E+07           0          1 BLTS 
  4.9        4,317       29,128       65024      353568        448 EXCHANGE_3 
  4.8       29,052       29,052   4.016E+07           0          1 BUTS 
  2.8       16,685       16,685      118132           0        141 MPI_Wait() 
  2.2       13,054       13,054 1.17645E+07           0          1 MPI_Send() 
  0.7        1,898        4,305         256     1.2E+07      16816 SETIV 
  0.4        2,598        2,598 1.31248E+07           0          0 EXACT 
  0.2          312        1,334         128         256      10427 ERHS 
  0.2        1,224        1,224        1280           0        957 MPI_Allreduce() 
  0.2           14          963         512         512       1881 L2NORM 
  0.1          112          323         128 1.00013E+06       2526 ERROR 
  0.0          232          232      118132           0          2 MPI_Irecv() 
  0.0            1          149         128         129       1167 READ_INPUT 
  0.0            1          147         128        1280       1156 BCAST_INPUTS 
  0.0          146          146        1280           0        115 MPI_Bcast() 
  0.0           18           56         256      124848        220 SETBV 
  0.0            3           35         128         560        277 PINTGR 
  0.0           11           11         256           0         46 MPI_Barrier() 
  0.0            5            5         128           0         43 ALLOC_SPACE 
  0.0        0.209            3         128         696         25 EXCHANGE_4 
  0.0        0.033            2          32          90         85 EXCHANGE_5 
  0.0        0.259        0.298         128         128          2 PROC_GRID 
  0.0        0.018        0.258          16          42         16 EXCHANGE_6 
  0.0        0.165        0.165           1           0        165 VERIFY 
  0.0        0.108        0.108         128           0          1 SETCOEFF 
  0.0        0.063        0.063         128           0          0 MPI_Comm_size() 
  0.0        0.045        0.045         128           0          0 SUBDOMAIN 
  0.0        0.039        0.039         128           0          0 ISQRT2 
  0.0        0.037        0.037         128           0          0 MPI_Comm_rank() 
  0.0        0.025        0.025         128           0          0 NEIGHBORS 
  0.0        0.001        0.001           1           0          1 SET_CLASS 

FUNCTION SUMMARY (mean):
---------------------------------------------------------------------------------------
%Time    Exclusive    Inclusive       #Call      #Subrs  Inclusive Name
              msec   total msec                          usec/call 
---------------------------------------------------------------------------------------
100.0      0.00569        4,687           1           1    4687842 .TAU application
100.0       0.0498        4,687           1     17.0078    4687836 APPLU 
 69.4          171        3,251           2 1.35566E+06    1625641 SSOR 
 34.8           49        1,630      100400      181975         16 EXCHANGE_1 
 32.9        1,540        1,540     90987.5           0         17 MPI_Recv() 
 15.2          714          714           1           0     714747 MPI_Finalize() 
 14.4       0.0434          673           1           3     673240 INIT_COMM 
 14.4          673          673           1           0     673196 MPI_Init() 
  9.8          237          457         253         506       1807 RHS 
  5.7          265          265      313750           0          1 JACLD 
  5.6          262          262      313750           0          1 JACU 
  4.9          228          228      313750           0          1 BLTS 
  4.9           33          227         508     2762.25        448 EXCHANGE_3 
  4.8          226          226      313750           0          1 BUTS 
  2.8          130          130     922.906           0        141 MPI_Wait() 
  2.2          101          101     91910.4           0          1 MPI_Send() 
  0.7           14           33           2       93750      16816 SETIV 
  0.4           20           20      102538           0          0 EXACT 
  0.2            2           10           1           2      10427 ERHS 
  0.2            9            9          10           0        957 MPI_Allreduce() 
  0.2        0.113            7           4           4       1881 L2NORM 
  0.1        0.878            2           1      7813.5       2526 ERROR 
  0.0            1            1     922.906           0          2 MPI_Irecv() 
  0.0        0.011            1           1     1.00781       1167 READ_INPUT 
  0.0      0.00887            1           1          10       1156 BCAST_INPUTS 
  0.0            1            1          10           0        115 MPI_Bcast() 
  0.0        0.146         0.44           2     975.375        220 SETBV 
  0.0       0.0299        0.277           1       4.375        277 PINTGR 
  0.0       0.0913       0.0913           2           0         46 MPI_Barrier() 
  0.0       0.0435       0.0435           1           0         43 ALLOC_SPACE 
  0.0      0.00163       0.0252           1      5.4375         25 EXCHANGE_4 
  0.0     0.000258       0.0212        0.25    0.703125         85 EXCHANGE_5 
  0.0      0.00202      0.00233           1           1          2 PROC_GRID 
  0.0     0.000141      0.00202       0.125    0.328125         16 EXCHANGE_6 
  0.0      0.00129      0.00129   0.0078125           0        165 VERIFY 
  0.0     0.000844     0.000844           1           0          1 SETCOEFF 
  0.0     0.000492     0.000492           1           0          0 MPI_Comm_size() 
  0.0     0.000352     0.000352           1           0          0 SUBDOMAIN 
  0.0     0.000305     0.000305           1           0          0 ISQRT2 
  0.0     0.000289     0.000289           1           0          0 MPI_Comm_rank() 
  0.0     0.000195     0.000195           1           0          0 NEIGHBORS 
  0.0     7.81E-06     7.81E-06   0.0078125           0          1 SET_CLASS 
