Reading Profile files in profile.*

FUNCTION SUMMARY (total):
---------------------------------------------------------------------------------------
%Time    Exclusive    Inclusive       #Call      #Subrs  Inclusive Name
              msec   total msec                          usec/call 
---------------------------------------------------------------------------------------
100.0        0.024     3:07.291           4           4   46822941 .TAU application
100.0        0.422     3:07.291           4          69   46822935 APPLU 
 81.6        6,660     2:32.907           8 2.04826E+07   19113436 SSOR 
 23.9       42,070       44,802        1012        2024      44271 RHS 
 15.0       28,117       28,117           4           0    7029440 MPI_Finalize() 
 13.3       24,900       24,900    5.02E+06           0          5 JACLD 
 13.2       24,684       24,684    5.02E+06           0          5 JACU 
 13.1       24,498       24,498    5.02E+06           0          5 BLTS 
 12.7       23,878       23,878    5.02E+06           0          5 BUTS 
  1.8          340        3,450      401600      401600          9 EXCHANGE_1 
  1.6        1,268        3,088           8     1.2E+07     386058 SETIV 
  1.5        2,895        2,895      200800           0         14 MPI_Recv() 
  1.5          860        2,770        2032        6096       1363 EXCHANGE_3 
  1.4        0.205        2,587           4          12     646811 INIT_COMM 
  1.4        2,587        2,587           4           0     646759 MPI_Init() 
  1.1        2,010        2,010 1.31248E+07           0          0 EXACT 
  0.9        1,641        1,641        2040           0        805 MPI_Wait() 
  0.3          479          479      202840           0          2 MPI_Send() 
  0.1          112          263           4       1E+06      65870 ERROR 
  0.1          221          260           4           8      65027 ERHS 
  0.0           16           55           8      124848       6916 SETBV 
  0.0           21           30          16          16       1918 L2NORM 
  0.0           11           11          40           0        288 MPI_Allreduce() 
  0.0            7            7           4           0       1810 ALLOC_SPACE 
  0.0            3            3        2040           0          2 MPI_Irecv() 
  0.0         0.63            2           4           5        730 READ_INPUT 
  0.0        0.036            2           4          40        572 BCAST_INPUTS 
  0.0            2            2          40           0         56 MPI_Bcast() 
  0.0        0.934            1           4          24        265 PINTGR 
  0.0        0.221        0.221           1           0        221 VERIFY 
  0.0        0.059        0.059           8           0          7 MPI_Barrier() 
  0.0        0.008        0.027           4          12          7 EXCHANGE_4 
  0.0        0.003        0.015           4           6          4 EXCHANGE_5 
  0.0        0.004        0.009           4           6          2 EXCHANGE_6 
  0.0        0.008        0.009           4           4          2 PROC_GRID 
  0.0        0.003        0.003           4           0          1 MPI_Comm_size() 
  0.0        0.002        0.002           4           0          0 NEIGHBORS 
  0.0        0.002        0.002           4           0          0 SETCOEFF 
  0.0        0.001        0.001           4           0          0 ISQRT2 
  0.0        0.001        0.001           1           0          1 SET_CLASS 
  0.0            0            0           4           0          0 MPI_Comm_rank() 
  0.0            0            0           4           0          0 SUBDOMAIN 

FUNCTION SUMMARY (mean):
---------------------------------------------------------------------------------------
%Time    Exclusive    Inclusive       #Call      #Subrs  Inclusive Name
              msec   total msec                          usec/call 
---------------------------------------------------------------------------------------
100.0        0.006       46,822           1           1   46822941 .TAU application
100.0        0.105       46,822           1       17.25   46822935 APPLU 
 81.6        1,665       38,226           2 5.12066E+06   19113436 SSOR 
 23.9       10,517       11,200         253         506      44271 RHS 
 15.0        7,029        7,029           1           0    7029440 MPI_Finalize() 
 13.3        6,225        6,225   1.255E+06           0          5 JACLD 
 13.2        6,171        6,171   1.255E+06           0          5 JACU 
 13.1        6,124        6,124   1.255E+06           0          5 BLTS 
 12.7        5,969        5,969   1.255E+06           0          5 BUTS 
  1.8           85          862      100400      100400          9 EXCHANGE_1 
  1.6          317          772           2       3E+06     386058 SETIV 
  1.5          723          723       50200           0         14 MPI_Recv() 
  1.5          215          692         508        1524       1363 EXCHANGE_3 
  1.4       0.0512          646           1           3     646811 INIT_COMM 
  1.4          646          646           1           0     646759 MPI_Init() 
  1.1          502          502 3.28121E+06           0          0 EXACT 
  0.9          410          410         510           0        805 MPI_Wait() 
  0.3          119          119       50710           0          2 MPI_Send() 
  0.1           28           65           1      250001      65870 ERROR 
  0.1           55           65           1           2      65027 ERHS 
  0.0            4           13           2       31212       6916 SETBV 
  0.0            5            7           4           4       1918 L2NORM 
  0.0            2            2          10           0        288 MPI_Allreduce() 
  0.0            1            1           1           0       1810 ALLOC_SPACE 
  0.0        0.962        0.962         510           0          2 MPI_Irecv() 
  0.0        0.158         0.73           1        1.25        730 READ_INPUT 
  0.0        0.009        0.572           1          10        572 BCAST_INPUTS 
  0.0        0.563        0.563          10           0         56 MPI_Bcast() 
  0.0        0.234        0.265           1           6        265 PINTGR 
  0.0       0.0553       0.0553        0.25           0        221 VERIFY 
  0.0       0.0147       0.0147           2           0          7 MPI_Barrier() 
  0.0        0.002      0.00675           1           3          7 EXCHANGE_4 
  0.0      0.00075      0.00375           1         1.5          4 EXCHANGE_5 
  0.0        0.001      0.00225           1         1.5          2 EXCHANGE_6 
  0.0        0.002      0.00225           1           1          2 PROC_GRID 
  0.0      0.00075      0.00075           1           0          1 MPI_Comm_size() 
  0.0       0.0005       0.0005           1           0          0 NEIGHBORS 
  0.0       0.0005       0.0005           1           0          0 SETCOEFF 
  0.0      0.00025      0.00025           1           0          0 ISQRT2 
  0.0      0.00025      0.00025        0.25           0          1 SET_CLASS 
  0.0            0            0           1           0          0 MPI_Comm_rank() 
  0.0            0            0           1           0          0 SUBDOMAIN 
