Reading Profile files in profile.*

FUNCTION SUMMARY (total):
---------------------------------------------------------------------------------------
%Time    Exclusive    Inclusive       #Call      #Subrs  Inclusive Name
              msec   total msec                          usec/call 
---------------------------------------------------------------------------------------
100.0        0.039       18,015           8           8    2251966 .TAU application
100.0        0.511       18,015           8         137    2251961 APPLU 
 45.5          621        8,201          16 4.92926E+06     512564 SSOR 
 29.6        5,327        5,327           8           0     665950 MPI_Finalize() 
 23.9        0.376        4,305           8          24     538224 INIT_COMM 
 23.9        4,305        4,305           8           0     538176 MPI_Init() 
  9.7        1,063        1,745        2424        4848        720 RHS 
  8.5          118        1,535      298592      373240          5 EXCHANGE_1 
  7.3        1,322        1,322      186620           0          7 MPI_Recv() 
  6.4        1,150        1,150 1.15704E+06           0          1 JACLD 
  6.3        1,138        1,138 1.15704E+06           0          1 JACU 
  5.6        1,000        1,000 1.15704E+06           0          1 BLTS 
  5.5          997          997 1.15704E+06           0          1 BUTS 
  4.0           97          720        4864       18240        148 EXCHANGE_3 
  2.7          479          479        6098           0         79 MPI_Wait() 
  1.3          226          226      192718           0          1 MPI_Send() 
  0.6           47          112          16      357492       7008 SETIV 
  0.4           72           72      400351           0          0 EXACT 
  0.3            8           47           8          16       5987 ERHS 
  0.1           12           12        6098           0          2 MPI_Irecv() 
  0.1           11           11          80           0        142 MPI_Allreduce() 
  0.0        0.405            8          32          32        273 L2NORM 
  0.0            3            8           8       29799       1047 ERROR 
  0.0        0.615            5           8           9        738 READ_INPUT 
  0.0            1            5          16       13068        346 SETBV 
  0.0        0.079            5           8          80        661 BCAST_INPUTS 
  0.0            5            5          80           0         65 MPI_Bcast() 
  0.0        0.134        0.366           8          44         46 PINTGR 
  0.0        0.335        0.335           8           0         42 ALLOC_SPACE 
  0.0         0.17         0.17           1           0        170 VERIFY 
  0.0        0.128        0.128          16           0          8 MPI_Barrier() 
  0.0        0.007        0.043           8          30          5 EXCHANGE_4 
  0.0        0.022        0.025           8           8          3 PROC_GRID 
  0.0        0.005        0.022           8          18          3 EXCHANGE_5 
  0.0        0.003        0.007           4           6          2 EXCHANGE_6 
  0.0        0.006        0.006           8           0          1 SETCOEFF 
  0.0        0.004        0.004           8           0          0 MPI_Comm_rank() 
  0.0        0.003        0.003           8           0          0 ISQRT2 
  0.0        0.002        0.002           8           0          0 MPI_Comm_size() 
  0.0        0.002        0.002           8           0          0 SUBDOMAIN 
  0.0        0.001        0.001           1           0          1 SET_CLASS 
  0.0            0            0           8           0          0 NEIGHBORS 

FUNCTION SUMMARY (mean):
---------------------------------------------------------------------------------------
%Time    Exclusive    Inclusive       #Call      #Subrs  Inclusive Name
              msec   total msec                          usec/call 
---------------------------------------------------------------------------------------
100.0      0.00487        2,251           1           1    2251966 .TAU application
100.0       0.0639        2,251           1      17.125    2251961 APPLU 
 45.5           77        1,025           2      616157     512564 SSOR 
 29.6          665          665           1           0     665950 MPI_Finalize() 
 23.9        0.047          538           1           3     538224 INIT_COMM 
 23.9          538          538           1           0     538176 MPI_Init() 
  9.7          132          218         303         606        720 RHS 
  8.5           14          191       37324       46655          5 EXCHANGE_1 
  7.3          165          165     23327.5           0          7 MPI_Recv() 
  6.4          143          143      144630           0          1 JACLD 
  6.3          142          142      144630           0          1 JACU 
  5.6          125          125      144630           0          1 BLTS 
  5.5          124          124      144630           0          1 BUTS 
  4.0           12           90         608        2280        148 EXCHANGE_3 
  2.7           59           59      762.25           0         79 MPI_Wait() 
  1.3           28           28     24089.8           0          1 MPI_Send() 
  0.6            5           14           2     44686.5       7008 SETIV 
  0.4            9            9     50043.9           0          0 EXACT 
  0.3            1            5           1           2       5987 ERHS 
  0.1            1            1      762.25           0          2 MPI_Irecv() 
  0.1            1            1          10           0        142 MPI_Allreduce() 
  0.0       0.0506            1           4           4        273 L2NORM 
  0.0        0.406            1           1     3724.88       1047 ERROR 
  0.0       0.0769        0.738           1       1.125        738 READ_INPUT 
  0.0        0.236        0.693           2      1633.5        346 SETBV 
  0.0      0.00988        0.661           1          10        661 BCAST_INPUTS 
  0.0        0.651        0.651          10           0         65 MPI_Bcast() 
  0.0       0.0168       0.0457           1         5.5         46 PINTGR 
  0.0       0.0419       0.0419           1           0         42 ALLOC_SPACE 
  0.0       0.0213       0.0213       0.125           0        170 VERIFY 
  0.0        0.016        0.016           2           0          8 MPI_Barrier() 
  0.0     0.000875      0.00537           1        3.75          5 EXCHANGE_4 
  0.0      0.00275      0.00313           1           1          3 PROC_GRID 
  0.0     0.000625      0.00275           1        2.25          3 EXCHANGE_5 
  0.0     0.000375     0.000875         0.5        0.75          2 EXCHANGE_6 
  0.0      0.00075      0.00075           1           0          1 SETCOEFF 
  0.0       0.0005       0.0005           1           0          0 MPI_Comm_rank() 
  0.0     0.000375     0.000375           1           0          0 ISQRT2 
  0.0      0.00025      0.00025           1           0          0 MPI_Comm_size() 
  0.0      0.00025      0.00025           1           0          0 SUBDOMAIN 
  0.0     0.000125     0.000125       0.125           0          1 SET_CLASS 
  0.0            0            0           1           0          0 NEIGHBORS 
