Reading Profile files in profile.*

FUNCTION SUMMARY (total):
---------------------------------------------------------------------------------------
%Time    Exclusive    Inclusive       #Call      #Subrs  Inclusive Name
              msec   total msec                          usec/call 
---------------------------------------------------------------------------------------
100.0        0.128     3:27.292          16          16   12955776 .TAU application
100.0            1     3:27.292          16         273   12955768 APPLU 
 87.1        7,260     3:00.511          32 4.17706E+07    5640978 SSOR 
 22.0       34,471       45,636        4048        8096      11274 RHS 
 13.0       26,872       26,872   1.004E+07           0          3 JACLD 
 12.9       26,771       26,771   1.004E+07           0          3 JACU 
 12.1       25,004       25,004   1.004E+07           0          2 BLTS 
 11.8       24,478       24,478   1.004E+07           0          2 BUTS 
 11.7        1,161       24,242  1.6064E+06  2.4096E+06         15 EXCHANGE_1 
 10.7       22,251       22,251  1.2048E+06           0         18 MPI_Recv() 
  6.0       12,449       12,449          16           0     778095 MPI_Finalize() 
  6.0        2,015       12,368        8128       36576       1522 EXCHANGE_3 
  4.3        0.712        8,893          16          48     555863 INIT_COMM 
  4.3        8,893        8,893          16           0     555818 MPI_Init() 
  3.0        6,271        6,271       12228           0        513 MPI_Wait() 
  2.3        4,852        4,852 1.21703E+06           0          4 MPI_Send() 
  1.7        1,462        3,474          32     1.2E+07     108589 SETIV 
  1.1        2,210        2,210 1.31248E+07           0          0 EXACT 
  0.7          198        1,401          16          32      87616 ERHS 
  0.2          125          465          16 1.00002E+06      29119 ERROR 
  0.2          411          411         160           0       2573 MPI_Allreduce() 
  0.1           10          212          64          64       3313 L2NORM 
  0.0           58           58       12228           0          5 MPI_Irecv() 
  0.0           15           46          32      124848       1444 SETBV 
  0.0           27           27          16           0       1700 ALLOC_SPACE 
  0.0        0.682           13          16          17        856 READ_INPUT 
  0.0        0.177           13          16         160        813 BCAST_INPUTS 
  0.0           12           12         160           0         80 MPI_Bcast() 
  0.0            1            6          16          80        404 PINTGR 
  0.0        0.721        0.721          32           0         23 MPI_Barrier() 
  0.0        0.039        0.562          16          72         35 EXCHANGE_4 
  0.0        0.008        0.229           8          18         29 EXCHANGE_6 
  0.0        0.205        0.205           1           0        205 VERIFY 
  0.0        0.057        0.059          16          16          4 PROC_GRID 
  0.0        0.014         0.03           8          18          4 EXCHANGE_5 
  0.0        0.014        0.014          16           0          1 SETCOEFF 
  0.0        0.009        0.009          16           0          1 NEIGHBORS 
  0.0        0.005        0.005          16           0          0 MPI_Comm_rank() 
  0.0        0.005        0.005          16           0          0 MPI_Comm_size() 
  0.0        0.002        0.002          16           0          0 ISQRT2 
  0.0        0.001        0.001           1           0          1 SET_CLASS 
  0.0        0.001        0.001          16           0          0 SUBDOMAIN 

FUNCTION SUMMARY (mean):
---------------------------------------------------------------------------------------
%Time    Exclusive    Inclusive       #Call      #Subrs  Inclusive Name
              msec   total msec                          usec/call 
---------------------------------------------------------------------------------------
100.0        0.008       12,955           1           1   12955776 .TAU application
100.0       0.0741       12,955           1     17.0625   12955768 APPLU 
 87.1          453       11,281           2 2.61066E+06    5640978 SSOR 
 22.0        2,154        2,852         253         506      11274 RHS 
 13.0        1,679        1,679      627500           0          3 JACLD 
 12.9        1,673        1,673      627500           0          3 JACU 
 12.1        1,562        1,562      627500           0          2 BLTS 
 11.8        1,529        1,529      627500           0          2 BUTS 
 11.7           72        1,515      100400      150600         15 EXCHANGE_1 
 10.7        1,390        1,390       75300           0         18 MPI_Recv() 
  6.0          778          778           1           0     778095 MPI_Finalize() 
  6.0          125          773         508        2286       1522 EXCHANGE_3 
  4.3       0.0445          555           1           3     555863 INIT_COMM 
  4.3          555          555           1           0     555818 MPI_Init() 
  3.0          391          391      764.25           0        513 MPI_Wait() 
  2.3          303          303     76064.2           0          4 MPI_Send() 
  1.7           91          217           2      750000     108589 SETIV 
  1.1          138          138      820303           0          0 EXACT 
  0.7           12           87           1           2      87616 ERHS 
  0.2            7           29           1       62501      29119 ERROR 
  0.2           25           25          10           0       2573 MPI_Allreduce() 
  0.1        0.647           13           4           4       3313 L2NORM 
  0.0            3            3      764.25           0          5 MPI_Irecv() 
  0.0        0.938            2           2        7803       1444 SETBV 
  0.0            1            1           1           0       1700 ALLOC_SPACE 
  0.0       0.0426        0.856           1      1.0625        856 READ_INPUT 
  0.0       0.0111        0.813           1          10        813 BCAST_INPUTS 
  0.0        0.802        0.802          10           0         80 MPI_Bcast() 
  0.0       0.0931        0.404           1           5        404 PINTGR 
  0.0       0.0451       0.0451           2           0         23 MPI_Barrier() 
  0.0      0.00244       0.0351           1         4.5         35 EXCHANGE_4 
  0.0       0.0005       0.0143         0.5       1.125         29 EXCHANGE_6 
  0.0       0.0128       0.0128      0.0625           0        205 VERIFY 
  0.0      0.00356      0.00369           1           1          4 PROC_GRID 
  0.0     0.000875      0.00187         0.5       1.125          4 EXCHANGE_5 
  0.0     0.000875     0.000875           1           0          1 SETCOEFF 
  0.0     0.000562     0.000562           1           0          1 NEIGHBORS 
  0.0     0.000313     0.000313           1           0          0 MPI_Comm_rank() 
  0.0     0.000313     0.000313           1           0          0 MPI_Comm_size() 
  0.0     0.000125     0.000125           1           0          0 ISQRT2 
  0.0     6.25E-05     6.25E-05      0.0625           0          1 SET_CLASS 
  0.0     6.25E-05     6.25E-05           1           0          0 SUBDOMAIN 
