Reading Profile files in profile.*

FUNCTION SUMMARY (total):
---------------------------------------------------------------------------------------
%Time    Exclusive    Inclusive       #Call      #Subrs  Inclusive Name
              msec   total msec                          usec/call 
---------------------------------------------------------------------------------------
100.0        0.045       52,229           8           8    6528727 .TAU application
100.0        0.709       52,229           8         137    6528722 APPLU 
 78.9        2,298       41,218          16 1.59376E+07    2576185 SSOR 
 18.0        7,053        9,401        2024        4048       4645 RHS 
 12.8        6,703        6,703 3.85938E+06           0          2 JACLD 
 12.7        6,632        6,632 3.85938E+06           0          2 JACU 
 11.7        6,109        6,109 3.85938E+06           0          2 BLTS 
 11.6        6,063        6,063 3.85938E+06           0          2 BUTS 
 10.5        5,484        5,484           8           0     685567 MPI_Finalize() 
  8.1        0.389        4,236           8          24     529611 INIT_COMM 
  8.1        4,236        4,236           8           0     529561 MPI_Init() 
  7.6          298        3,986      497984      622480          8 EXCHANGE_1 
  6.7        3,482        3,482      311240           0         11 MPI_Recv() 
  4.7          429        2,466        4064       15240        607 EXCHANGE_3 
  3.1        1,612        1,612        5098           0        316 MPI_Wait() 
  1.9          438          999          16 2.85994E+06      62465 SETIV 
  1.2          612          612 3.14742E+06           0          0 EXACT 
  1.2          610          610      316338           0          2 MPI_Send() 
  0.4           72          191           8          16      23950 ERHS 
  0.1           26           65           8      238336       8141 ERROR 
  0.0            8           23          16       49152       1486 SETBV 
  0.0           23           23          80           0        292 MPI_Allreduce() 
  0.0           19           19        5098           0          4 MPI_Irecv() 
  0.0            2           13          32          32        429 L2NORM 
  0.0        0.685            7           8           9        894 READ_INPUT 
  0.0        0.094            6           8          80        808 BCAST_INPUTS 
  0.0            6            6          80           0         80 MPI_Bcast() 
  0.0        0.424        0.875           8          44        109 PINTGR 
  0.0        0.452        0.452           8           0         56 ALLOC_SPACE 
  0.0        0.216        0.216          16           0         14 MPI_Barrier() 
  0.0        0.196        0.196           1           0        196 VERIFY 
  0.0        0.019        0.093           8          30         12 EXCHANGE_4 
  0.0        0.029        0.029           8           8          4 PROC_GRID 
  0.0        0.008        0.027           8          18          3 EXCHANGE_5 
  0.0        0.021        0.021           8           0          3 SETCOEFF 
  0.0        0.004         0.01           4           6          2 EXCHANGE_6 
  0.0        0.005        0.005           8           0          1 MPI_Comm_size() 
  0.0        0.005        0.005           8           0          1 SUBDOMAIN 
  0.0        0.004        0.004           8           0          0 NEIGHBORS 
  0.0        0.001        0.001           8           0          0 MPI_Comm_rank() 
  0.0        0.001        0.001           1           0          1 SET_CLASS 
  0.0            0            0           8           0          0 ISQRT2 

FUNCTION SUMMARY (mean):
---------------------------------------------------------------------------------------
%Time    Exclusive    Inclusive       #Call      #Subrs  Inclusive Name
              msec   total msec                          usec/call 
---------------------------------------------------------------------------------------
100.0      0.00562        6,528           1           1    6528727 .TAU application
100.0       0.0886        6,528           1      17.125    6528722 APPLU 
 78.9          287        5,152           2  1.9922E+06    2576185 SSOR 
 18.0          881        1,175         253         506       4645 RHS 
 12.8          837          837      482422           0          2 JACLD 
 12.7          829          829      482422           0          2 JACU 
 11.7          763          763      482422           0          2 BLTS 
 11.6          757          757      482422           0          2 BUTS 
 10.5          685          685           1           0     685567 MPI_Finalize() 
  8.1       0.0486          529           1           3     529611 INIT_COMM 
  8.1          529          529           1           0     529561 MPI_Init() 
  7.6           37          498       62248       77810          8 EXCHANGE_1 
  6.7          435          435       38905           0         11 MPI_Recv() 
  4.7           53          308         508        1905        607 EXCHANGE_3 
  3.1          201          201      637.25           0        316 MPI_Wait() 
  1.9           54          124           2      357492      62465 SETIV 
  1.2           76           76      393427           0          0 EXACT 
  1.2           76           76     39542.2           0          2 MPI_Send() 
  0.4            9           23           1           2      23950 ERHS 
  0.1            3            8           1       29792       8141 ERROR 
  0.0            1            2           2        6144       1486 SETBV 
  0.0            2            2          10           0        292 MPI_Allreduce() 
  0.0            2            2      637.25           0          4 MPI_Irecv() 
  0.0        0.333            1           4           4        429 L2NORM 
  0.0       0.0856        0.894           1       1.125        894 READ_INPUT 
  0.0       0.0118        0.808           1          10        808 BCAST_INPUTS 
  0.0        0.797        0.797          10           0         80 MPI_Bcast() 
  0.0        0.053        0.109           1         5.5        109 PINTGR 
  0.0       0.0565       0.0565           1           0         56 ALLOC_SPACE 
  0.0        0.027        0.027           2           0         14 MPI_Barrier() 
  0.0       0.0245       0.0245       0.125           0        196 VERIFY 
  0.0      0.00237       0.0116           1        3.75         12 EXCHANGE_4 
  0.0      0.00363      0.00363           1           1          4 PROC_GRID 
  0.0        0.001      0.00337           1        2.25          3 EXCHANGE_5 
  0.0      0.00263      0.00263           1           0          3 SETCOEFF 
  0.0       0.0005      0.00125         0.5        0.75          2 EXCHANGE_6 
  0.0     0.000625     0.000625           1           0          1 MPI_Comm_size() 
  0.0     0.000625     0.000625           1           0          1 SUBDOMAIN 
  0.0       0.0005       0.0005           1           0          0 NEIGHBORS 
  0.0     0.000125     0.000125           1           0          0 MPI_Comm_rank() 
  0.0     0.000125     0.000125       0.125           0          1 SET_CLASS 
  0.0            0            0           1           0          0 ISQRT2 
