Reading Profile files in profile.*

FUNCTION SUMMARY (total):
---------------------------------------------------------------------------------------
%Time    Exclusive    Inclusive       #Call      #Subrs  Inclusive Name
              msec   total msec                          usec/call 
---------------------------------------------------------------------------------------
100.0         0.27  3:01:36.965          32          32  340530162 .TAU application
100.0        1,641  3:01:36.964          32       32576  340530153 CG 
 95.2  2:29:19.031  2:52:52.922        3232 2.52096E+06    3209444 CONJ_GRAD 
  6.7    12:08.840    12:08.840      850016           0        857 MPI_Send() 
  6.2    11:17.367    11:17.367      850016           0        797 MPI_Wait() 
  4.4       33,111     8:04.122          32     9.6E+07   15128820 MAKEA 
  3.6     3:35.849     6:34.054     4.8E+07 1.40951E+09          8 SPRNVC 
  1.6     2:58.204     2:58.204 1.40951E+09           0          0 ICNVRT 
  0.5       49,816       49,816          32           0    1556755 SPARSE 
  0.2       20,344       20,344          32           0     635751 MPI_Finalize() 
  0.2            1       17,504          32         128     547027 INITIALIZE_MPI 
  0.2       17,478       17,478          32           0     546218 MPI_Init() 
  0.1        7,836        7,836      850016           0          9 MPI_Irecv() 
  0.1        7,140        7,140     4.8E+07           0          0 VECSET 
  0.0          239          239          32           0       7482 ALLOC_SPACE 
  0.0           34           34          32           0       1077 MPI_Barrier() 
  0.0           23           23          32           0        746 MPI_Bcast() 
  0.0            1            1          32           0         62 MPI_Reduce() 
  0.0        0.024        0.024          32           0          1 SETUP_SUBMATRIX_INFO 
  0.0        0.015        0.015          32           0          0 MPI_Comm_size() 
  0.0        0.006        0.006          32           0          0 MPI_Comm_rank() 
  0.0        0.006        0.006          32           0          0 SETUP_PROC_INFO 

FUNCTION SUMMARY (mean):
---------------------------------------------------------------------------------------
%Time    Exclusive    Inclusive       #Call      #Subrs  Inclusive Name
              msec   total msec                          usec/call 
---------------------------------------------------------------------------------------
100.0      0.00844     5:40.530           1           1  340530162 .TAU application
100.0           51     5:40.530           1        1018  340530153 CG 
 95.2     4:39.969     5:24.153         101       78780    3209444 CONJ_GRAD 
  6.7       22,776       22,776       26563           0        857 MPI_Send() 
  6.2       21,167       21,167       26563           0        797 MPI_Wait() 
  4.4        1,034       15,128           1       3E+06   15128820 MAKEA 
  3.6        6,745       12,314     1.5E+06 4.40472E+07          8 SPRNVC 
  1.6        5,568        5,568 4.40472E+07           0          0 ICNVRT 
  0.5        1,556        1,556           1           0    1556755 SPARSE 
  0.2          635          635           1           0     635751 MPI_Finalize() 
  0.2       0.0621          547           1           4     547027 INITIALIZE_MPI 
  0.2          546          546           1           0     546218 MPI_Init() 
  0.1          244          244       26563           0          9 MPI_Irecv() 
  0.1          223          223     1.5E+06           0          0 VECSET 
  0.0            7            7           1           0       7482 ALLOC_SPACE 
  0.0            1            1           1           0       1077 MPI_Barrier() 
  0.0        0.746        0.746           1           0        746 MPI_Bcast() 
  0.0       0.0624       0.0624           1           0         62 MPI_Reduce() 
  0.0      0.00075      0.00075           1           0          1 SETUP_SUBMATRIX_INFO 
  0.0     0.000469     0.000469           1           0          0 MPI_Comm_size() 
  0.0     0.000188     0.000188           1           0          0 MPI_Comm_rank() 
  0.0     0.000188     0.000188           1           0          0 SETUP_PROC_INFO 
