Reading Profile files in profile.*

FUNCTION SUMMARY (total):
---------------------------------------------------------------------------------------
%Time    Exclusive    Inclusive       #Call      #Subrs  Inclusive Name
              msec   total msec                          usec/call 
---------------------------------------------------------------------------------------
100.0        0.102    16:23.138          16          16   61446126 .TAU application
100.0            9    16:23.137          16        6705   61446119 MPSP 
 96.3           31    15:46.990        6416       38496     147598 ADI 
 25.5       16,682     4:10.565        6432       90048      38956 COPY_FACES 
 25.2     1:08.437     4:08.107        6416      166816      38670 Z_SOLVE 
 24.1     1:14.108     3:57.226        6416      166816      36974 Y_SOLVE 
 22.1     3:37.182     3:37.182        6432           0      33766 COMPUTE_RHS 
 17.6     1:43.781     2:53.404        6416      166816      27027 X_SOLVE 
 14.9     2:26.786     2:26.786      121920           0       1204 MPI_Waitall() 
 13.0     2:07.969     2:07.969       25664           0       4986 LHSZ 
  7.5     1:13.882     1:13.882       25664           0       2879 LHSY 
  5.4       53,316       53,316       25664           0       2077 LHSX 
  2.1       20,731       20,731        6416           0       3231 TXINVR 
  1.8       17,517       17,517        6416           0       2730 ADD 
  1.7       16,606       16,606       25664           0        647 TZETAR 
  1.4        5,885       13,321          32 5.13333E+07     416300 INITIALIZE 
  1.0       10,156       10,156          16           0     634792 MPI_Finalize() 
  1.0       10,011       10,011  6.8948E+07           0          0 EXACT_SOLUTION 
  0.7        0.473        6,413          16          80     400859 SETUP_MPI 
  0.7        6,399        6,399          16           0     399998 MPI_Init() 
  0.4        4,143        4,143       25664           0        161 PINVR 
  0.4        2,066        4,044          16 1.33632E+07     252795 EXACT_RHS 
  0.4        3,937        3,937       25664           0        153 NINVR 
  0.2        2,181        2,181      154080           0         14 MPI_Isend() 
  0.2        0.298        1,843          16          48     115245 VERIFY 
  0.1          481        1,114          16 4.25154E+06      69640 ERROR_NORM 
  0.0          286          286      154080           0          2 MPI_Irecv() 
  0.0          156          156          32           0       4890 MPI_Allreduce() 
  0.0          147          147          16           0       9192 LHSINIT 
  0.0           15          135          16          16       8485 RHS_NORM 
  0.0          122          122          16           0       7626 ALLOC_SPACE 
  0.0           75           75          32           0       2358 MPI_Barrier() 
  0.0           13           13          32           0        415 MPI_Comm_dup() 
  0.0           12           12          64           0        192 MPI_Bcast() 
  0.0         0.18         0.18          16           0         11 MPI_Reduce() 
  0.0        0.027        0.027          16           0          2 SET_CONSTANTS 
  0.0        0.021        0.021          16           0          1 MAKE_SET 
  0.0        0.008        0.008          16           0          0 COMPUTE_BUFFER_SIZE 
  0.0        0.008        0.008          16           0          0 MPI_Comm_size() 
  0.0        0.003        0.003          16           0          0 MPI_Comm_rank() 
  0.0        0.001        0.001           1           0          1 SET_CLASS 

FUNCTION SUMMARY (mean):
---------------------------------------------------------------------------------------
%Time    Exclusive    Inclusive       #Call      #Subrs  Inclusive Name
              msec   total msec                          usec/call 
---------------------------------------------------------------------------------------
100.0      0.00637     1:01.446           1           1   61446126 .TAU application
100.0        0.581     1:01.446           1     419.062   61446119 MPSP 
 96.3            1       59,186         401        2406     147598 ADI 
 25.5        1,042       15,660         402        5628      38956 COPY_FACES 
 25.2        4,277       15,506         401       10426      38670 Z_SOLVE 
 24.1        4,631       14,826         401       10426      36974 Y_SOLVE 
 22.1       13,573       13,573         402           0      33766 COMPUTE_RHS 
 17.6        6,486       10,837         401       10426      27027 X_SOLVE 
 14.9        9,174        9,174        7620           0       1204 MPI_Waitall() 
 13.0        7,998        7,998        1604           0       4986 LHSZ 
  7.5        4,617        4,617        1604           0       2879 LHSY 
  5.4        3,332        3,332        1604           0       2077 LHSX 
  2.1        1,295        1,295         401           0       3231 TXINVR 
  1.8        1,094        1,094         401           0       2730 ADD 
  1.7        1,037        1,037        1604           0        647 TZETAR 
  1.4          367          832           2 3.20833E+06     416300 INITIALIZE 
  1.0          634          634           1           0     634792 MPI_Finalize() 
  1.0          625          625 4.30925E+06           0          0 EXACT_SOLUTION 
  0.7       0.0296          400           1           5     400859 SETUP_MPI 
  0.7          399          399           1           0     399998 MPI_Init() 
  0.4          258          258        1604           0        161 PINVR 
  0.4          129          252           1      835200     252795 EXACT_RHS 
  0.4          246          246        1604           0        153 NINVR 
  0.2          136          136        9630           0         14 MPI_Isend() 
  0.2       0.0186          115           1           3     115245 VERIFY 
  0.1           30           69           1      265722      69640 ERROR_NORM 
  0.0           17           17        9630           0          2 MPI_Irecv() 
  0.0            9            9           2           0       4890 MPI_Allreduce() 
  0.0            9            9           1           0       9192 LHSINIT 
  0.0        0.968            8           1           1       8485 RHS_NORM 
  0.0            7            7           1           0       7626 ALLOC_SPACE 
  0.0            4            4           2           0       2358 MPI_Barrier() 
  0.0         0.83         0.83           2           0        415 MPI_Comm_dup() 
  0.0        0.769        0.769           4           0        192 MPI_Bcast() 
  0.0       0.0112       0.0112           1           0         11 MPI_Reduce() 
  0.0      0.00169      0.00169           1           0          2 SET_CONSTANTS 
  0.0      0.00131      0.00131           1           0          1 MAKE_SET 
  0.0       0.0005       0.0005           1           0          0 COMPUTE_BUFFER_SIZE 
  0.0       0.0005       0.0005           1           0          0 MPI_Comm_size() 
  0.0     0.000188     0.000188           1           0          0 MPI_Comm_rank() 
  0.0     6.25E-05     6.25E-05      0.0625           0          1 SET_CLASS 
