Reading Profile files in profile.*

FUNCTION SUMMARY (total):
---------------------------------------------------------------------------------------
%Time    Exclusive    Inclusive       #Call      #Subrs  Inclusive Name
              msec   total msec                          usec/call 
---------------------------------------------------------------------------------------
100.0        0.392  2:38:28.335          64          64  148567737 .TAU application
100.0            9  2:38:28.334          64        5568  148567731 FT 
 92.9            8  2:27:16.176        1728        6912    5113528 FFT 
 48.9     1:43.798  1:17:30.660 8.84736E+06 9.02431E+07        526 CFFTZ 
 47.8  1:15:46.862  1:15:46.862 9.02431E+07           0         50 FFTZ2 
 40.1    12:08.036  1:03:36.543        3456 5.31187E+06    1104324 CFFTS1 
 26.1    15:14.766    41:16.921        1728 3.54067E+06    1433404 CFFTS2 
 23.3            5    36:53.281        1600        4800    1383301 TRANSPOSE_X_YZ 
 15.7            6    24:56.289        1728        1728     865908 TRANSPOSE2_GLOBAL 
 15.7    24:56.283    24:56.283        1728           0     865905 MPI_Alltoall() 
  7.8    12:25.972    12:25.972        1728           0     431697 TRANSPOSE2_LOCAL 
  3.8     6:04.513     6:04.513        1600           0     227821 EVOLVE 
  3.5            1     5:29.421         128         384    2573604 TRANSPOSE_XY_Z 
  3.2     5:00.433     5:00.433        1728           0     173862 TRANSPOSE2_FINISH 
  1.7     2:43.939     2:43.939         128           0    1280781 COMPUTE_INDEXMAP 
  0.6       53,940       53,940          64           0     842827 MPI_Finalize() 
  0.4            5       38,521          64         705     601905 SETUP 
  0.4       38,247       38,247          64           0     597621 MPI_Init() 
  0.2       20,520       20,520         128         256     160316 COMPUTE_INITIAL_CONDITIONS 
  0.2           11       19,059        1600        1600      11912 CHECKSUM 
  0.2       19,047       19,047        1600           0      11905 MPI_Reduce() 
  0.1       11,626       11,626          64           0     181669 MPI_Barrier() 
  0.0          110          110          64           0       1729 ALLOC_SPACE 
  0.0           84           84         128           0        662 MPI_Comm_split() 
  0.0           73           73         320           0        230 MPI_Bcast() 
  0.0           25           25         128         128        201 FFT_INIT 
  0.0            1            1        5312           0          0 ILOG2 
  0.0        0.103        0.103         256           0          0 IPOW46 
  0.0        0.042        0.042          64           0          1 VERIFY 
  0.0        0.032        0.032          64           0          0 MPI_Comm_size() 
  0.0        0.011        0.011          64           0          0 MPI_Comm_rank() 
  0.0        0.001        0.001           1           0          1 SET_CLASS 

FUNCTION SUMMARY (mean):
---------------------------------------------------------------------------------------
%Time    Exclusive    Inclusive       #Call      #Subrs  Inclusive Name
              msec   total msec                          usec/call 
---------------------------------------------------------------------------------------
100.0      0.00613     2:28.567           1           1  148567737 .TAU application
100.0        0.156     2:28.567           1          87  148567731 FT 
 92.9        0.136     2:18.065          27         108    5113528 FFT 
 48.9        1,621     1:12.666      138240 1.41005E+06        526 CFFTZ 
 47.8     1:11.044     1:11.044 1.41005E+06           0         50 FFTZ2 
 40.1       11,375       59,633          54       82998    1104324 CFFTS1 
 26.1       14,293       38,701          27       55323    1433404 CFFTS2 
 23.3       0.0804       34,582          25          75    1383301 TRANSPOSE_X_YZ 
 15.7       0.0968       23,379          27          27     865908 TRANSPOSE2_GLOBAL 
 15.7       23,379       23,379          27           0     865905 MPI_Alltoall() 
  7.8       11,655       11,655          27           0     431697 TRANSPOSE2_LOCAL 
  3.8        5,695        5,695          25           0     227821 EVOLVE 
  3.5       0.0228        5,147           2           6    2573604 TRANSPOSE_XY_Z 
  3.2        4,694        4,694          27           0     173862 TRANSPOSE2_FINISH 
  1.7        2,561        2,561           2           0    1280781 COMPUTE_INDEXMAP 
  0.6          842          842           1           0     842827 MPI_Finalize() 
  0.4       0.0799          601           1     11.0156     601905 SETUP 
  0.4          597          597           1           0     597621 MPI_Init() 
  0.2          320          320           2           4     160316 COMPUTE_INITIAL_CONDITIONS 
  0.2        0.183          297          25          25      11912 CHECKSUM 
  0.2          297          297          25           0      11905 MPI_Reduce() 
  0.1          181          181           1           0     181669 MPI_Barrier() 
  0.0            1            1           1           0       1729 ALLOC_SPACE 
  0.0            1            1           2           0        662 MPI_Comm_split() 
  0.0            1            1           5           0        230 MPI_Bcast() 
  0.0        0.401        0.402           2           2        201 FFT_INIT 
  0.0       0.0214       0.0214          83           0          0 ILOG2 
  0.0      0.00161      0.00161           4           0          0 IPOW46 
  0.0     0.000656     0.000656           1           0          1 VERIFY 
  0.0       0.0005       0.0005           1           0          0 MPI_Comm_size() 
  0.0     0.000172     0.000172           1           0          0 MPI_Comm_rank() 
  0.0     1.56E-05     1.56E-05    0.015625           0          1 SET_CLASS 
