Reading Profile files in profile.*

FUNCTION SUMMARY (total):
---------------------------------------------------------------------------------------
%Time    Exclusive    Inclusive       #Call      #Subrs  Inclusive Name
              msec   total msec                          usec/call 
---------------------------------------------------------------------------------------
100.0        0.023    11:31.912           4           4  172978004 .TAU application
100.0        0.459    11:31.911           4          69  172977998 APPLU 
 92.6       26,505    10:41.054           8 5.20484E+07   80131831 SSOR 
 28.0     3:03.229     3:13.537        1012        2024     191243 RHS 
 14.9     1:43.345     1:43.345 1.28512E+07           0          8 JACLD 
 14.6     1:41.364     1:41.364 1.28512E+07           0          8 JACU 
 14.4     1:39.635     1:39.635 1.28512E+07           0          8 BLTS 
 14.1     1:37.818     1:37.818 1.28512E+07           0          8 BUTS 
  4.7       32,237       32,237           4           0    8059431 MPI_Finalize() 
  2.7          855       18,655      642560      642560         29 EXCHANGE_1 
  2.5       17,179       17,179      321280           0         53 MPI_Recv() 
  1.9        5,587       13,394           8  4.9152E+07    1674342 SETIV 
  1.6        2,495       10,857        2032        6096       5343 EXCHANGE_3 
  1.2        8,537        8,537 5.35629E+07           0          0 EXACT 
  1.0        6,848        6,848        2040           0       3357 MPI_Wait() 
  0.4        0.162        2,507           4          12     626991 INIT_COMM 
  0.4        2,507        2,507           4           0     626950 MPI_Init() 
  0.3        2,128        2,128      323320           0          7 MPI_Send() 
  0.2          917        1,465           4           8     366445 ERHS 
  0.2          460        1,103           4   4.096E+06     275866 ERROR 
  0.0           86          187          16          16      11694 L2NORM 
  0.0           32          133           8      314928      16670 SETBV 
  0.0          119          119          40           0       2983 MPI_Allreduce() 
  0.0            7            7           4           0       1905 ALLOC_SPACE 
  0.0            5            5        2040           0          3 MPI_Irecv() 
  0.0        0.672            3           4           5        847 READ_INPUT 
  0.0        0.034            2           4          40        679 BCAST_INPUTS 
  0.0            2            2          40           0         67 MPI_Bcast() 
  0.0            2            2           4          24        656 PINTGR 
  0.0         0.21         0.21           1           0        210 VERIFY 
  0.0        0.011        0.072           4          12         18 EXCHANGE_4 
  0.0        0.065        0.065           8           0          8 MPI_Barrier() 
  0.0        0.003        0.011           4           6          3 EXCHANGE_5 
  0.0        0.002        0.011           4           6          3 EXCHANGE_6 
  0.0        0.007        0.008           4           4          2 PROC_GRID 
  0.0        0.003        0.003           4           0          1 NEIGHBORS 
  0.0        0.003        0.003           4           0          1 SETCOEFF 
  0.0        0.001        0.001           4           0          0 ISQRT2 
  0.0        0.001        0.001           4           0          0 MPI_Comm_size() 
  0.0            0            0           4           0          0 MPI_Comm_rank() 
  0.0            0            0           1           0          0 SET_CLASS 
  0.0            0            0           4           0          0 SUBDOMAIN 

FUNCTION SUMMARY (mean):
---------------------------------------------------------------------------------------
%Time    Exclusive    Inclusive       #Call      #Subrs  Inclusive Name
              msec   total msec                          usec/call 
---------------------------------------------------------------------------------------
100.0      0.00575     2:52.978           1           1  172978004 .TAU application
100.0        0.115     2:52.977           1       17.25  172977998 APPLU 
 92.6        6,626     2:40.263           2 1.30121E+07   80131831 SSOR 
 28.0       45,807       48,384         253         506     191243 RHS 
 14.9       25,836       25,836  3.2128E+06           0          8 JACLD 
 14.6       25,341       25,341  3.2128E+06           0          8 JACU 
 14.4       24,908       24,908  3.2128E+06           0          8 BLTS 
 14.1       24,454       24,454  3.2128E+06           0          8 BUTS 
  4.7        8,059        8,059           1           0    8059431 MPI_Finalize() 
  2.7          213        4,663      160640      160640         29 EXCHANGE_1 
  2.5        4,294        4,294       80320           0         53 MPI_Recv() 
  1.9        1,396        3,348           2  1.2288E+07    1674342 SETIV 
  1.6          623        2,714         508        1524       5343 EXCHANGE_3 
  1.2        2,134        2,134 1.33907E+07           0          0 EXACT 
  1.0        1,712        1,712         510           0       3357 MPI_Wait() 
  0.4       0.0405          626           1           3     626991 INIT_COMM 
  0.4          626          626           1           0     626950 MPI_Init() 
  0.3          532          532       80830           0          7 MPI_Send() 
  0.2          229          366           1           2     366445 ERHS 
  0.2          115          275           1   1.024E+06     275866 ERROR 
  0.0           21           46           4           4      11694 L2NORM 
  0.0            8           33           2       78732      16670 SETBV 
  0.0           29           29          10           0       2983 MPI_Allreduce() 
  0.0            1            1           1           0       1905 ALLOC_SPACE 
  0.0            1            1         510           0          3 MPI_Irecv() 
  0.0        0.168        0.847           1        1.25        847 READ_INPUT 
  0.0       0.0085        0.679           1          10        679 BCAST_INPUTS 
  0.0        0.671        0.671          10           0         67 MPI_Bcast() 
  0.0        0.592        0.656           1           6        656 PINTGR 
  0.0       0.0525       0.0525        0.25           0        210 VERIFY 
  0.0      0.00275        0.018           1           3         18 EXCHANGE_4 
  0.0       0.0163       0.0163           2           0          8 MPI_Barrier() 
  0.0      0.00075      0.00275           1         1.5          3 EXCHANGE_5 
  0.0       0.0005      0.00275           1         1.5          3 EXCHANGE_6 
  0.0      0.00175        0.002           1           1          2 PROC_GRID 
  0.0      0.00075      0.00075           1           0          1 NEIGHBORS 
  0.0      0.00075      0.00075           1           0          1 SETCOEFF 
  0.0      0.00025      0.00025           1           0          0 ISQRT2 
  0.0      0.00025      0.00025           1           0          0 MPI_Comm_size() 
  0.0            0            0           1           0          0 MPI_Comm_rank() 
  0.0            0            0        0.25           0          0 SET_CLASS 
  0.0            0            0           1           0          0 SUBDOMAIN 
