Reading Profile files in profile.*

FUNCTION SUMMARY (total):
---------------------------------------------------------------------------------------
%Time    Exclusive    Inclusive       #Call      #Subrs  Inclusive Name
              msec   total msec                          usec/call 
---------------------------------------------------------------------------------------
100.0            2  5:12:46.982         256         256   73308525 .TAU application
100.0        4,962  5:12:46.980         256      338176   73308516 CG 
 80.6  2:30:11.228  4:12:11.590       25856  2.6218E+07     585226 CONJ_GRAD 
 22.3  1:09:47.444  1:09:47.444 8.84275E+06           0        474 MPI_Wait() 
 17.2     2:41.162    53:51.129         256    7.68E+08   12621600 MAKEA 
 15.8    25:57.753    49:24.001    3.84E+08 1.12761E+10          8 SPRNVC 
 10.2    31:53.657    31:53.657 8.84275E+06           0        216 MPI_Send() 
  7.5    23:26.247    23:26.247 1.12761E+10           0          0 ICNVRT 
  1.4           13     4:19.291         256        1024    1012858 INITIALIZE_MPI 
  1.4     4:19.070     4:19.070         256           0    1011993 MPI_Init() 
  0.7     2:17.641     2:17.641         256           0     537664 MPI_Finalize() 
  0.3       57,128       57,128    3.84E+08           0          0 VECSET 
  0.3       48,837       48,837         256           0     190771 SPARSE 
  0.1       20,442       20,442 8.84275E+06           0          2 MPI_Irecv() 
  0.0        1,029        1,029         256           0       4022 ALLOC_SPACE 
  0.0          207          207         256           0        811 MPI_Bcast() 
  0.0          137          137         256           0        537 MPI_Barrier() 
  0.0           14           14         256           0         58 MPI_Reduce() 
  0.0        0.172        0.172         256           0          1 SETUP_SUBMATRIX_INFO 
  0.0        0.132        0.132         256           0          1 MPI_Comm_size() 
  0.0        0.074        0.074         256           0          0 SETUP_PROC_INFO 
  0.0        0.059        0.059         256           0          0 MPI_Comm_rank() 

FUNCTION SUMMARY (mean):
---------------------------------------------------------------------------------------
%Time    Exclusive    Inclusive       #Call      #Subrs  Inclusive Name
              msec   total msec                          usec/call 
---------------------------------------------------------------------------------------
100.0      0.00811     1:13.308           1           1   73308525 .TAU application
100.0           19     1:13.308           1        1321   73308516 CG 
 80.6       35,200       59,107         101      102414     585226 CONJ_GRAD 
 22.3       16,357       16,357       34542           0        474 MPI_Wait() 
 17.2          629       12,621           1       3E+06   12621600 MAKEA 
 15.8        6,084       11,578     1.5E+06 4.40472E+07          8 SPRNVC 
 10.2        7,475        7,475       34542           0        216 MPI_Send() 
  7.5        5,493        5,493 4.40472E+07           0          0 ICNVRT 
  1.4       0.0533        1,012           1           4    1012858 INITIALIZE_MPI 
  1.4        1,011        1,011           1           0    1011993 MPI_Init() 
  0.7          537          537           1           0     537664 MPI_Finalize() 
  0.3          223          223     1.5E+06           0          0 VECSET 
  0.3          190          190           1           0     190771 SPARSE 
  0.1           79           79       34542           0          2 MPI_Irecv() 
  0.0            4            4           1           0       4022 ALLOC_SPACE 
  0.0        0.811        0.811           1           0        811 MPI_Bcast() 
  0.0        0.537        0.537           1           0        537 MPI_Barrier() 
  0.0        0.058        0.058           1           0         58 MPI_Reduce() 
  0.0     0.000672     0.000672           1           0          1 SETUP_SUBMATRIX_INFO 
  0.0     0.000516     0.000516           1           0          1 MPI_Comm_size() 
  0.0     0.000289     0.000289           1           0          0 SETUP_PROC_INFO 
  0.0      0.00023      0.00023           1           0          0 MPI_Comm_rank() 
