Reading Profile files in profile.*

FUNCTION SUMMARY (total):
---------------------------------------------------------------------------------------
%Time    Exclusive    Inclusive       #Call      #Subrs  Inclusive Name
              msec   total msec                          usec/call 
---------------------------------------------------------------------------------------
100.0        0.021     4:48.925           4           4   72231356 .TAU application
100.0            3     4:48.925           4        1677   72231351 MPSP 
 87.6            8     4:13.138        1604        9624     157817 ADI 
 25.5        2,395     1:13.651        1608       22512      45803 COPY_FACES 
 24.7       21,229     1:11.351        1604       16040      44484 Z_SOLVE 
 24.1     1:09.687     1:09.687        1608           0      43338 COMPUTE_RHS 
 16.9       28,271       48,750        1604       16040      30393 X_SOLVE 
 16.8       21,025       48,635        1604       16040      30321 Y_SOLVE 
 15.0       43,454       43,454        3208           0      13546 LHSZ 
  9.9       28,613       28,613           4           0    7153480 MPI_Finalize() 
  8.3       23,895       23,895        3208           0       7449 LHSY 
  5.9       17,041       17,041        3208           0       5312 LHSX 
  2.1        5,984        5,984       11232           0        533 MPI_Waitall() 
  2.0        5,910        5,910        1604           0       3685 TXINVR 
  1.9        5,414        5,414        3208           0       1688 TZETAR 
  1.7        5,011        5,011        1604           0       3124 ADD 
  1.1        1,451        3,299           8 1.28593E+07     412471 INITIALIZE 
  0.8        2,448        2,448 1.71006E+07           0          0 EXACT_SOLUTION 
  0.8        0.111        2,396           4          20     599083 SETUP_MPI 
  0.8        2,395        2,395           4           0     598750 MPI_Init() 
  0.7        1,960        1,960        3208           0        611 PINVR 
  0.7        1,924        1,924        3208           0        600 NINVR 
  0.3          483          934           4    3.18E+06     233745 EXACT_RHS 
  0.2         0.23          455           4          12     113780 VERIFY 
  0.1          119          267           4 1.06121E+06      66990 ERROR_NORM 
  0.0           80           80       19272           0          4 MPI_Isend() 
  0.0           39           39           4           0       9964 LHSINIT 
  0.0           31           31           4           0       7892 ALLOC_SPACE 
  0.0           24           24       19272           0          1 MPI_Irecv() 
  0.0            9            9           8           0       1160 MPI_Barrier() 
  0.0            4            5           4           4       1486 RHS_NORM 
  0.0            2            2           8           0        355 MPI_Allreduce() 
  0.0            2            2          16           0        162 MPI_Bcast() 
  0.0            1            1           8           0        152 MPI_Comm_dup() 
  0.0        0.036        0.036           4           0          9 MPI_Reduce() 
  0.0        0.009        0.009           4           0          2 SET_CONSTANTS 
  0.0        0.003        0.003           4           0          1 MAKE_SET 
  0.0        0.002        0.002           4           0          0 COMPUTE_BUFFER_SIZE 
  0.0        0.002        0.002           4           0          0 MPI_Comm_rank() 
  0.0        0.002        0.002           4           0          0 MPI_Comm_size() 
  0.0        0.001        0.001           1           0          1 SET_CLASS 

FUNCTION SUMMARY (mean):
---------------------------------------------------------------------------------------
%Time    Exclusive    Inclusive       #Call      #Subrs  Inclusive Name
              msec   total msec                          usec/call 
---------------------------------------------------------------------------------------
100.0      0.00525     1:12.231           1           1   72231356 .TAU application
100.0        0.909     1:12.231           1      419.25   72231351 MPSP 
 87.6            2     1:03.284         401        2406     157817 ADI 
 25.5          598       18,412         402        5628      45803 COPY_FACES 
 24.7        5,307       17,837         401        4010      44484 Z_SOLVE 
 24.1       17,421       17,421         402           0      43338 COMPUTE_RHS 
 16.9        7,067       12,187         401        4010      30393 X_SOLVE 
 16.8        5,256       12,158         401        4010      30321 Y_SOLVE 
 15.0       10,863       10,863         802           0      13546 LHSZ 
  9.9        7,153        7,153           1           0    7153480 MPI_Finalize() 
  8.3        5,973        5,973         802           0       7449 LHSY 
  5.9        4,260        4,260         802           0       5312 LHSX 
  2.1        1,496        1,496        2808           0        533 MPI_Waitall() 
  2.0        1,477        1,477         401           0       3685 TXINVR 
  1.9        1,353        1,353         802           0       1688 TZETAR 
  1.7        1,252        1,252         401           0       3124 ADD 
  1.1          362          824           2 3.21484E+06     412471 INITIALIZE 
  0.8          612          612 4.27514E+06           0          0 EXACT_SOLUTION 
  0.8       0.0278          599           1           5     599083 SETUP_MPI 
  0.8          598          598           1           0     598750 MPI_Init() 
  0.7          490          490         802           0        611 PINVR 
  0.7          481          481         802           0        600 NINVR 
  0.3          120          233           1      795000     233745 EXACT_RHS 
  0.2       0.0575          113           1           3     113780 VERIFY 
  0.1           29           66           1      265303      66990 ERROR_NORM 
  0.0           20           20        4818           0          4 MPI_Isend() 
  0.0            9            9           1           0       9964 LHSINIT 
  0.0            7            7           1           0       7892 ALLOC_SPACE 
  0.0            6            6        4818           0          1 MPI_Irecv() 
  0.0            2            2           2           0       1160 MPI_Barrier() 
  0.0            1            1           1           1       1486 RHS_NORM 
  0.0         0.71         0.71           2           0        355 MPI_Allreduce() 
  0.0        0.648        0.648           4           0        162 MPI_Bcast() 
  0.0        0.304        0.304           2           0        152 MPI_Comm_dup() 
  0.0        0.009        0.009           1           0          9 MPI_Reduce() 
  0.0      0.00225      0.00225           1           0          2 SET_CONSTANTS 
  0.0      0.00075      0.00075           1           0          1 MAKE_SET 
  0.0       0.0005       0.0005           1           0          0 COMPUTE_BUFFER_SIZE 
  0.0       0.0005       0.0005           1           0          0 MPI_Comm_rank() 
  0.0       0.0005       0.0005           1           0          0 MPI_Comm_size() 
  0.0      0.00025      0.00025        0.25           0          1 SET_CLASS 
