Reading Profile files in profile.*

FUNCTION SUMMARY (total):
---------------------------------------------------------------------------------------
%Time    Exclusive    Inclusive       #Call      #Subrs  Inclusive Name
              msec   total msec                          usec/call 
---------------------------------------------------------------------------------------
100.0        0.014    10:15.810           2           2  307905170 .TAU application
100.0        0.285    10:15.810           2          35  307905164 APPLU 
 94.1       21,056     9:39.653           4 5.17266E+07  144913416 SSOR 
 25.8     2:34.997     2:38.689         506        1012     313615 RHS 
 16.3     1:40.650     1:40.650 1.28512E+07           0          8 JACLD 
 16.1     1:39.058     1:39.058 1.28512E+07           0          8 BLTS 
 15.9     1:38.044     1:38.044 1.28512E+07           0          8 JACU 
 15.7     1:36.832     1:36.832 1.28512E+07           0          8 BUTS 
  3.3       20,280       20,280           2           0   10140426 MPI_Finalize() 
  2.1        5,213       12,692           4  4.9152E+07    3173121 SETIV 
  1.3        8,203        8,203 5.35629E+07           0          0 EXACT 
  0.8          447        5,234      321280      160640         16 EXCHANGE_1 
  0.6        1,688        3,711        1016        1524       3653 EXCHANGE_3 
  0.5        3,385        3,385       80320           0         42 MPI_Recv() 
  0.3        1,755        1,755         511           0       3436 MPI_Wait() 
  0.3        1,667        1,667       80831           0         21 MPI_Send() 
  0.2          467        1,102           2   4.096E+06     551238 ERROR 
  0.2        0.087        1,091           2           6     545687 INIT_COMM 
  0.2        1,091        1,091           2           0     545643 MPI_Init() 
  0.1          832          852           2           4     426270 ERHS 
  0.0           32          127           4      314928      31866 SETBV 
  0.0           72           83           8           8      10473 L2NORM 
  0.0           21           21          20           0       1051 MPI_Allreduce() 
  0.0            4            4           2           0       2290 ALLOC_SPACE 
  0.0            2            2           2          14       1108 PINTGR 
  0.0        0.586            2           2           3       1107 READ_INPUT 
  0.0        0.016            1           2          20        814 BCAST_INPUTS 
  0.0            1            1          20           0         81 MPI_Bcast() 
  0.0            1            1         511           0          2 MPI_Irecv() 
  0.0         0.17         0.17           1           0        170 VERIFY 
  0.0        0.007        0.027           2           3         14 EXCHANGE_4 
  0.0        0.017        0.017           4           0          4 MPI_Barrier() 
  0.0        0.004        0.012           4           6          3 EXCHANGE_5 
  0.0        0.005        0.005           2           2          2 PROC_GRID 
  0.0        0.002        0.002           2           0          1 SETCOEFF 
  0.0        0.001        0.001           2           0          0 EXCHANGE_6 
  0.0        0.001        0.001           2           0          0 MPI_Comm_rank() 
  0.0            0            0           2           0          0 ISQRT2 
  0.0            0            0           2           0          0 MPI_Comm_size() 
  0.0            0            0           2           0          0 NEIGHBORS 
  0.0            0            0           1           0          0 SET_CLASS 
  0.0            0            0           2           0          0 SUBDOMAIN 

FUNCTION SUMMARY (mean):
---------------------------------------------------------------------------------------
%Time    Exclusive    Inclusive       #Call      #Subrs  Inclusive Name
              msec   total msec                          usec/call 
---------------------------------------------------------------------------------------
100.0        0.007     5:07.905           1           1  307905170 .TAU application
100.0        0.142     5:07.905           1        17.5  307905164 APPLU 
 94.1       10,528     4:49.826           2 2.58633E+07  144913416 SSOR 
 25.8     1:17.498     1:19.344         253         506     313615 RHS 
 16.3       50,325       50,325  6.4256E+06           0          8 JACLD 
 16.1       49,529       49,529  6.4256E+06           0          8 BLTS 
 15.9       49,022       49,022  6.4256E+06           0          8 JACU 
 15.7       48,416       48,416  6.4256E+06           0          8 BUTS 
  3.3       10,140       10,140           1           0   10140426 MPI_Finalize() 
  2.1        2,606        6,346           2  2.4576E+07    3173121 SETIV 
  1.3        4,101        4,101 2.67815E+07           0          0 EXACT 
  0.8          223        2,617      160640       80320         16 EXCHANGE_1 
  0.6          844        1,855         508         762       3653 EXCHANGE_3 
  0.5        1,692        1,692       40160           0         42 MPI_Recv() 
  0.3          877          877       255.5           0       3436 MPI_Wait() 
  0.3          833          833     40415.5           0         21 MPI_Send() 
  0.2          233          551           1   2.048E+06     551238 ERROR 
  0.2       0.0435          545           1           3     545687 INIT_COMM 
  0.2          545          545           1           0     545643 MPI_Init() 
  0.1          416          426           1           2     426270 ERHS 
  0.0           16           63           2      157464      31866 SETBV 
  0.0           36           41           4           4      10473 L2NORM 
  0.0           10           10          10           0       1051 MPI_Allreduce() 
  0.0            2            2           1           0       2290 ALLOC_SPACE 
  0.0            1            1           1           7       1108 PINTGR 
  0.0        0.293            1           1         1.5       1107 READ_INPUT 
  0.0        0.008        0.814           1          10        814 BCAST_INPUTS 
  0.0        0.806        0.806          10           0         81 MPI_Bcast() 
  0.0        0.629        0.629       255.5           0          2 MPI_Irecv() 
  0.0        0.085        0.085         0.5           0        170 VERIFY 
  0.0       0.0035       0.0135           1         1.5         14 EXCHANGE_4 
  0.0       0.0085       0.0085           2           0          4 MPI_Barrier() 
  0.0        0.002        0.006           2           3          3 EXCHANGE_5 
  0.0       0.0025       0.0025           1           1          2 PROC_GRID 
  0.0        0.001        0.001           1           0          1 SETCOEFF 
  0.0       0.0005       0.0005           1           0          0 EXCHANGE_6 
  0.0       0.0005       0.0005           1           0          0 MPI_Comm_rank() 
  0.0            0            0           1           0          0 ISQRT2 
  0.0            0            0           1           0          0 MPI_Comm_size() 
  0.0            0            0           1           0          0 NEIGHBORS 
  0.0            0            0         0.5           0          0 SET_CLASS 
  0.0            0            0           1           0          0 SUBDOMAIN 
