Reading Profile files in profile.*

FUNCTION SUMMARY (total):
---------------------------------------------------------------------------------------
%Time    Exclusive    Inclusive       #Call      #Subrs  Inclusive Name
              msec   total msec                          usec/call 
---------------------------------------------------------------------------------------
100.0        0.005     3:51.013           1           1  231013076 .TAU application
100.0            1     3:51.013           1         420  231013071 MPSP 
 95.1            2     3:39.656         401        2406     547772 ADI 
 27.3       18,361     1:03.101         401         802     157361 Z_SOLVE 
 25.4        0.541       58,568         402         402     145693 COPY_FACES 
 25.4       58,568       58,568         402           0     145692 COMPUTE_RHS 
 21.0       17,264       48,441         401         802     120803 Y_SOLVE 
 18.2       25,448       42,025         401         802     104802 X_SOLVE 
 17.7       40,776       40,776         401           0     101686 LHSZ 
 12.6       29,178       29,178         401           0      72764 LHSY 
  6.3       14,553       14,553         401           0      36294 LHSX 
  2.7        6,214        6,214           1           0    6214922 MPI_Finalize() 
  1.7        4,027        4,027         401           0      10044 TXINVR 
  1.7        3,964        3,964         401           0       9886 TZETAR 
  1.6        3,638        3,638         401           0       9072 ADD 
  1.4        1,406        3,228           2 1.28593E+07    1614174 INITIALIZE 
  1.0        2,406        2,406 1.69806E+07           0          0 EXACT_SOLUTION 
  0.9        2,023        2,023         401           0       5046 NINVR 
  0.9        1,999        1,999         401           0       4985 PINVR 
  0.4          483          918           1    3.06E+06     918847 EXACT_RHS 
  0.2        0.033          526           1           5     526502 SETUP_MPI 
  0.2          526          526           1           0     526382 MPI_Init() 
  0.2        0.161          422           1           3     422335 VERIFY 
  0.1          119          268           1 1.06121E+06     268929 ERROR_NORM 
  0.0           39           39           1           0      39025 LHSINIT 
  0.0            4            4           1           0       4831 ALLOC_SPACE 
  0.0            3            3           1           1       3223 RHS_NORM 
  0.0        0.087        0.087           2           0         44 MPI_Comm_dup() 
  0.0         0.02         0.02           2           0         10 MPI_Allreduce() 
  0.0        0.005        0.005           4           0          1 MPI_Bcast() 
  0.0        0.005        0.005           1           0          5 MPI_Reduce() 
  0.0        0.004        0.004           2           0          2 MPI_Barrier() 
  0.0        0.002        0.002           1           0          2 SET_CONSTANTS 
  0.0        0.001        0.001           1           0          1 MAKE_SET 
  0.0        0.001        0.001           1           0          1 SET_CLASS 
  0.0            0            0           1           0          0 COMPUTE_BUFFER_SIZE 
  0.0            0            0           1           0          0 MPI_Comm_rank() 
  0.0            0            0           1           0          0 MPI_Comm_size() 

FUNCTION SUMMARY (mean):
---------------------------------------------------------------------------------------
%Time    Exclusive    Inclusive       #Call      #Subrs  Inclusive Name
              msec   total msec                          usec/call 
---------------------------------------------------------------------------------------
100.0        0.005     3:51.013           1           1  231013076 .TAU application
100.0            1     3:51.013           1         420  231013071 MPSP 
 95.1            2     3:39.656         401        2406     547772 ADI 
 27.3       18,361     1:03.101         401         802     157361 Z_SOLVE 
 25.4        0.541       58,568         402         402     145693 COPY_FACES 
 25.4       58,568       58,568         402           0     145692 COMPUTE_RHS 
 21.0       17,264       48,441         401         802     120803 Y_SOLVE 
 18.2       25,448       42,025         401         802     104802 X_SOLVE 
 17.7       40,776       40,776         401           0     101686 LHSZ 
 12.6       29,178       29,178         401           0      72764 LHSY 
  6.3       14,553       14,553         401           0      36294 LHSX 
  2.7        6,214        6,214           1           0    6214922 MPI_Finalize() 
  1.7        4,027        4,027         401           0      10044 TXINVR 
  1.7        3,964        3,964         401           0       9886 TZETAR 
  1.6        3,638        3,638         401           0       9072 ADD 
  1.4        1,406        3,228           2 1.28593E+07    1614174 INITIALIZE 
  1.0        2,406        2,406 1.69806E+07           0          0 EXACT_SOLUTION 
  0.9        2,023        2,023         401           0       5046 NINVR 
  0.9        1,999        1,999         401           0       4985 PINVR 
  0.4          483          918           1    3.06E+06     918847 EXACT_RHS 
  0.2        0.033          526           1           5     526502 SETUP_MPI 
  0.2          526          526           1           0     526382 MPI_Init() 
  0.2        0.161          422           1           3     422335 VERIFY 
  0.1          119          268           1 1.06121E+06     268929 ERROR_NORM 
  0.0           39           39           1           0      39025 LHSINIT 
  0.0            4            4           1           0       4831 ALLOC_SPACE 
  0.0            3            3           1           1       3223 RHS_NORM 
  0.0        0.087        0.087           2           0         44 MPI_Comm_dup() 
  0.0         0.02         0.02           2           0         10 MPI_Allreduce() 
  0.0        0.005        0.005           4           0          1 MPI_Bcast() 
  0.0        0.005        0.005           1           0          5 MPI_Reduce() 
  0.0        0.004        0.004           2           0          2 MPI_Barrier() 
  0.0        0.002        0.002           1           0          2 SET_CONSTANTS 
  0.0        0.001        0.001           1           0          1 MAKE_SET 
  0.0        0.001        0.001           1           0          1 SET_CLASS 
  0.0            0            0           1           0          0 COMPUTE_BUFFER_SIZE 
  0.0            0            0           1           0          0 MPI_Comm_rank() 
  0.0            0            0           1           0          0 MPI_Comm_size() 
