Reading Profile files in profile.*

FUNCTION SUMMARY (total):
---------------------------------------------------------------------------------------
%Time    Exclusive    Inclusive       #Call      #Subrs  Inclusive Name
              msec   total msec                          usec/call 
---------------------------------------------------------------------------------------
100.0        0.742     5:31.666         128         128    2591148 .TAU application
100.0            6     5:31.666         128        2177    2591142 APPLU 
 47.2        8,909     2:36.703         256 6.97512E+07     612125 SSOR 
 27.7        3,652     1:31.954 7.96774E+06 1.44415E+07         12 EXCHANGE_1 
 27.5     1:31.091     1:31.091         128           0     711650 MPI_Finalize() 
 25.7     1:25.304     1:25.304 7.22077E+06           0         12 MPI_Recv() 
 24.7            5     1:21.973         128         384     640419 INIT_COMM 
 24.7     1:21.967     1:21.967         128           0     640374 MPI_Init() 
  5.9        8,270       19,619       32384       64768        606 RHS 
  3.5        1,753       11,765       65024      353568        181 EXCHANGE_3 
  2.9        9,704        9,704 1.54375E+07           0          1 JACLD 
  2.9        9,662        9,662 1.54375E+07           0          1 JACU 
  2.4        8,054        8,054 1.54375E+07           0          1 BLTS 
  2.4        8,007        8,007 1.54375E+07           0          1 BUTS 
  2.1        7,039        7,039      118132           0         60 MPI_Wait() 
  1.8        5,850        5,850  7.3389E+06           0          1 MPI_Send() 
  0.3          469        1,056         256 2.85994E+06       4128 SETIV 
  0.3          851          851        1280           0        665 MPI_Allreduce() 
  0.2          641          641 3.14742E+06           0          0 EXACT 
  0.2           89          506         128         256       3961 ERHS 
  0.1            4          497         512         512        971 L2NORM 
  0.0            1          151         128         129       1181 READ_INPUT 
  0.0            1          149         128        1280       1171 BCAST_INPUTS 
  0.0          148          148        1280           0        116 MPI_Bcast() 
  0.0           28          127         128      238456        995 ERROR 
  0.0          123          123      118132           0          1 MPI_Irecv() 
  0.0            7           22         256       49152         90 SETBV 
  0.0            2           20         128         560        157 PINTGR 
  0.0           10           10         256           0         40 MPI_Barrier() 
  0.0            5            5         128           0         40 ALLOC_SPACE 
  0.0         0.21            2         128         696         23 EXCHANGE_4 
  0.0        0.025        0.567          32          90         18 EXCHANGE_5 
  0.0        0.265        0.299         128         128          2 PROC_GRID 
  0.0        0.214        0.214           1           0        214 VERIFY 
  0.0        0.017        0.194          16          42         12 EXCHANGE_6 
  0.0        0.104        0.104         128           0          1 SETCOEFF 
  0.0        0.071        0.071         128           0          1 MPI_Comm_size() 
  0.0        0.039        0.039         128           0          0 SUBDOMAIN 
  0.0        0.035        0.035         128           0          0 MPI_Comm_rank() 
  0.0        0.034        0.034         128           0          0 ISQRT2 
  0.0        0.028        0.028         128           0          0 NEIGHBORS 
  0.0            0            0           1           0          0 SET_CLASS 

FUNCTION SUMMARY (mean):
---------------------------------------------------------------------------------------
%Time    Exclusive    Inclusive       #Call      #Subrs  Inclusive Name
              msec   total msec                          usec/call 
---------------------------------------------------------------------------------------
100.0       0.0058        2,591           1           1    2591148 .TAU application
100.0       0.0477        2,591           1     17.0078    2591142 APPLU 
 47.2           69        1,224           2      544931     612125 SSOR 
 27.7           28          718       62248      112824         12 EXCHANGE_1 
 27.5          711          711           1           0     711650 MPI_Finalize() 
 25.7          666          666     56412.2           0         12 MPI_Recv() 
 24.7       0.0446          640           1           3     640419 INIT_COMM 
 24.7          640          640           1           0     640374 MPI_Init() 
  5.9           64          153         253         506        606 RHS 
  3.5           13           91         508     2762.25        181 EXCHANGE_3 
  2.9           75           75      120606           0          1 JACLD 
  2.9           75           75      120606           0          1 JACU 
  2.4           62           62      120606           0          1 BLTS 
  2.4           62           62      120606           0          1 BUTS 
  2.1           54           54     922.906           0         60 MPI_Wait() 
  1.8           45           45     57335.2           0          1 MPI_Send() 
  0.3            3            8           2     22343.2       4128 SETIV 
  0.3            6            6          10           0        665 MPI_Allreduce() 
  0.2            5            5     24589.2           0          0 EXACT 
  0.2        0.702            3           1           2       3961 ERHS 
  0.1       0.0369            3           4           4        971 L2NORM 
  0.0      0.00984            1           1     1.00781       1181 READ_INPUT 
  0.0      0.00908            1           1          10       1171 BCAST_INPUTS 
  0.0            1            1          10           0        116 MPI_Bcast() 
  0.0        0.223        0.995           1     1862.94        995 ERROR 
  0.0        0.968        0.968     922.906           0          1 MPI_Irecv() 
  0.0       0.0588        0.179           2         384         90 SETBV 
  0.0       0.0176        0.157           1       4.375        157 PINTGR 
  0.0       0.0798       0.0798           2           0         40 MPI_Barrier() 
  0.0       0.0401       0.0401           1           0         40 ALLOC_SPACE 
  0.0      0.00164       0.0233           1      5.4375         23 EXCHANGE_4 
  0.0     0.000195      0.00443        0.25    0.703125         18 EXCHANGE_5 
  0.0      0.00207      0.00234           1           1          2 PROC_GRID 
  0.0      0.00167      0.00167   0.0078125           0        214 VERIFY 
  0.0     0.000133      0.00152       0.125    0.328125         12 EXCHANGE_6 
  0.0     0.000812     0.000812           1           0          1 SETCOEFF 
  0.0     0.000555     0.000555           1           0          1 MPI_Comm_size() 
  0.0     0.000305     0.000305           1           0          0 SUBDOMAIN 
  0.0     0.000273     0.000273           1           0          0 MPI_Comm_rank() 
  0.0     0.000266     0.000266           1           0          0 ISQRT2 
  0.0     0.000219     0.000219           1           0          0 NEIGHBORS 
  0.0            0            0   0.0078125           0          0 SET_CLASS 
