Reading Profile files in profile.*

FUNCTION SUMMARY (total):
---------------------------------------------------------------------------------------
%Time    Exclusive    Inclusive       #Call      #Subrs  Inclusive Name
              msec   total msec                          usec/call 
---------------------------------------------------------------------------------------
100.0         0.66     7:02.989         128         128    3304609 .TAU application
100.0            6     7:02.989         128        2177    3304604 APPLU 
 67.3       21,250     4:44.787         256 1.73525E+08    1112451 SSOR 
 21.0        6,364     1:28.640 1.28512E+07 2.32928E+07          7 EXCHANGE_1 
 17.6     1:14.535     1:14.535 1.16464E+07           0          6 MPI_Recv() 
 15.7            5     1:06.420         128         384     518909 INIT_COMM 
 15.7     1:06.415     1:06.415         128           0     518869 MPI_Init() 
 15.5     1:05.611     1:05.611         128           0     512590 MPI_Finalize() 
 12.2       31,898       51,606       32384       64768       1594 RHS 
  7.8       32,847       32,847   4.016E+07           0          1 JACLD 
  7.7       32,371       32,371   4.016E+07           0          1 JACU 
  6.8       28,698       28,698   4.016E+07           0          1 BLTS 
  6.7       28,436       28,436   4.016E+07           0          1 BUTS 
  4.9        5,793       20,809       65024      353568        320 EXCHANGE_3 
  3.5       14,756       14,756 1.17645E+07           0          1 MPI_Send() 
  1.8        7,799        7,799      118132           0         66 MPI_Wait() 
  1.0        1,856        4,199         256     1.2E+07      16406 SETIV 
  0.6        2,534        2,534 1.31248E+07           0          0 EXACT 
  0.3          311        1,412         128         256      11038 ERHS 
  0.2          996          996        1280           0        779 MPI_Allreduce() 
  0.2           14          781         512         512       1527 L2NORM 
  0.1          112          335         128 1.00013E+06       2619 ERROR 
  0.0          205          205      118132           0          2 MPI_Irecv() 
  0.0        0.873          128         128         129       1005 READ_INPUT 
  0.0            1          127         128        1280        998 BCAST_INPUTS 
  0.0          126          126        1280           0         99 MPI_Bcast() 
  0.0           18           56         256      124848        220 SETBV 
  0.0            4           24         128         560        192 PINTGR 
  0.0            9            9         256           0         37 MPI_Barrier() 
  0.0            5            5         128           0         42 ALLOC_SPACE 
  0.0        0.245            4         128         696         34 EXCHANGE_4 
  0.0        0.026        0.782          32          90         24 EXCHANGE_5 
  0.0        0.376        0.406         128         128          3 PROC_GRID 
  0.0        0.233        0.233           1           0        233 VERIFY 
  0.0         0.02        0.193          16          42         12 EXCHANGE_6 
  0.0        0.095        0.095         128           0          1 SETCOEFF 
  0.0        0.055        0.055         128           0          0 MPI_Comm_size() 
  0.0        0.038        0.038         128           0          0 NEIGHBORS 
  0.0        0.038        0.038         128           0          0 SUBDOMAIN 
  0.0        0.034        0.034         128           0          0 MPI_Comm_rank() 
  0.0         0.03         0.03         128           0          0 ISQRT2 
  0.0            0            0           1           0          0 SET_CLASS 

FUNCTION SUMMARY (mean):
---------------------------------------------------------------------------------------
%Time    Exclusive    Inclusive       #Call      #Subrs  Inclusive Name
              msec   total msec                          usec/call 
---------------------------------------------------------------------------------------
100.0      0.00516        3,304           1           1    3304609 .TAU application
100.0       0.0486        3,304           1     17.0078    3304604 APPLU 
 67.3          166        2,224           2 1.35566E+06    1112451 SSOR 
 21.0           49          692      100400      181975          7 EXCHANGE_1 
 17.6          582          582     90987.5           0          6 MPI_Recv() 
 15.7       0.0399          518           1           3     518909 INIT_COMM 
 15.7          518          518           1           0     518869 MPI_Init() 
 15.5          512          512           1           0     512590 MPI_Finalize() 
 12.2          249          403         253         506       1594 RHS 
  7.8          256          256      313750           0          1 JACLD 
  7.7          252          252      313750           0          1 JACU 
  6.8          224          224      313750           0          1 BLTS 
  6.7          222          222      313750           0          1 BUTS 
  4.9           45          162         508     2762.25        320 EXCHANGE_3 
  3.5          115          115     91910.4           0          1 MPI_Send() 
  1.8           60           60     922.906           0         66 MPI_Wait() 
  1.0           14           32           2       93750      16406 SETIV 
  0.6           19           19      102538           0          0 EXACT 
  0.3            2           11           1           2      11038 ERHS 
  0.2            7            7          10           0        779 MPI_Allreduce() 
  0.2        0.113            6           4           4       1527 L2NORM 
  0.1         0.88            2           1      7813.5       2619 ERROR 
  0.0            1            1     922.906           0          2 MPI_Irecv() 
  0.0      0.00682            1           1     1.00781       1005 READ_INPUT 
  0.0       0.0112        0.998           1          10        998 BCAST_INPUTS 
  0.0        0.987        0.987          10           0         99 MPI_Bcast() 
  0.0        0.144        0.439           2     975.375        220 SETBV 
  0.0       0.0316        0.192           1       4.375        192 PINTGR 
  0.0       0.0732       0.0732           2           0         37 MPI_Barrier() 
  0.0       0.0418       0.0418           1           0         42 ALLOC_SPACE 
  0.0      0.00191       0.0336           1      5.4375         34 EXCHANGE_4 
  0.0     0.000203      0.00611        0.25    0.703125         24 EXCHANGE_5 
  0.0      0.00294      0.00317           1           1          3 PROC_GRID 
  0.0      0.00182      0.00182   0.0078125           0        233 VERIFY 
  0.0     0.000156      0.00151       0.125    0.328125         12 EXCHANGE_6 
  0.0     0.000742     0.000742           1           0          1 SETCOEFF 
  0.0      0.00043      0.00043           1           0          0 MPI_Comm_size() 
  0.0     0.000297     0.000297           1           0          0 NEIGHBORS 
  0.0     0.000297     0.000297           1           0          0 SUBDOMAIN 
  0.0     0.000266     0.000266           1           0          0 MPI_Comm_rank() 
  0.0     0.000234     0.000234           1           0          0 ISQRT2 
  0.0            0            0   0.0078125           0          0 SET_CLASS 
