Reading Profile files in profile.*

FUNCTION SUMMARY (total):
---------------------------------------------------------------------------------------
%Time    Exclusive    Inclusive       #Call      #Subrs  Inclusive Name
              msec   total msec                          usec/call 
---------------------------------------------------------------------------------------
100.0        0.665  3:04:12.186         128         128   86345206 .TAU application
100.0           26  3:04:12.185         128       11136   86345201 FT 
 88.7           18  2:43:28.069        3456       13824    2837983 FFT 
 43.0     1:49.980  1:19:16.764 8.84736E+06 9.02431E+07        538 CFFTZ 
 42.0  1:17:26.784  1:17:26.784 9.02431E+07           0         51 FFTZ2 
 35.5    12:37.356  1:05:28.579        6912 5.31533E+06     568371 CFFTS1 
 25.4           12    46:48.408        3200        9600     877628 TRANSPOSE_X_YZ 
 23.6    17:07.748    43:33.294        3456  3.5424E+06     756162 CFFTS2 
 14.5           15    26:48.078        3456        3456     465300 TRANSPOSE2_GLOBAL 
 14.5    26:48.062    26:48.062        3456           0     465296 MPI_Alltoall() 
  9.0    16:37.590    16:37.590        3456           0     288655 TRANSPOSE2_LOCAL 
  7.3    13:24.910    13:24.910        3200           0     251534 EVOLVE 
  6.0    11:00.491    11:00.491        3456           0     191114 TRANSPOSE2_FINISH 
  4.1            4     7:37.767         256         768    1788155 TRANSPOSE_XY_Z 
  1.5     2:43.386     2:43.386         256           0     638228 COMPUTE_INDEXMAP 
  1.1           27     2:01.693        3200        3200      38029 CHECKSUM 
  1.1     2:01.665     2:01.665        3200           0      38021 MPI_Reduce() 
  0.6            8     1:07.707         128        1409     528966 SETUP 
  0.6     1:07.130     1:07.130         128           0     524459 MPI_Init() 
  0.5       50,668       50,668         128           0     395849 MPI_Finalize() 
  0.3       30,534       30,535         256         512     119278 COMPUTE_INITIAL_CONDITIONS 
  0.0        5,136        5,136         128           0      40129 MPI_Barrier() 
  0.0          243          243         128           0       1902 ALLOC_SPACE 
  0.0          184          184         256           0        719 MPI_Comm_split() 
  0.0          140          140         640           0        220 MPI_Bcast() 
  0.0           51           51         256         256        203 FFT_INIT 
  0.0            3            3       10624           0          0 ILOG2 
  0.0        0.221        0.221         512           0          0 IPOW46 
  0.0        0.067        0.067         128           0          1 MPI_Comm_size() 
  0.0        0.036        0.036         128           0          0 VERIFY 
  0.0        0.024        0.024         128           0          0 MPI_Comm_rank() 
  0.0            0            0           1           0          0 SET_CLASS 

FUNCTION SUMMARY (mean):
---------------------------------------------------------------------------------------
%Time    Exclusive    Inclusive       #Call      #Subrs  Inclusive Name
              msec   total msec                          usec/call 
---------------------------------------------------------------------------------------
100.0       0.0052     1:26.345           1           1   86345206 .TAU application
100.0        0.206     1:26.345           1          87   86345201 FT 
 88.7        0.148     1:16.625          27         108    2837983 FFT 
 43.0          859       37,162       69120      705024        538 CFFTZ 
 42.0       36,303       36,303      705024           0         51 FFTZ2 
 35.5        5,916       30,692          54       41526     568371 CFFTS1 
 25.4       0.0956       21,940          25          75     877628 TRANSPOSE_X_YZ 
 23.6        8,029       20,416          27       27675     756162 CFFTS2 
 14.5        0.122       12,563          27          27     465300 TRANSPOSE2_GLOBAL 
 14.5       12,562       12,562          27           0     465296 MPI_Alltoall() 
  9.0        7,793        7,793          27           0     288655 TRANSPOSE2_LOCAL 
  7.3        6,288        6,288          25           0     251534 EVOLVE 
  6.0        5,160        5,160          27           0     191114 TRANSPOSE2_FINISH 
  4.1       0.0342        3,576           2           6    1788155 TRANSPOSE_XY_Z 
  1.5        1,276        1,276           2           0     638228 COMPUTE_INDEXMAP 
  1.1        0.212          950          25          25      38029 CHECKSUM 
  1.1          950          950          25           0      38021 MPI_Reduce() 
  0.6       0.0686          528           1     11.0078     528966 SETUP 
  0.6          524          524           1           0     524459 MPI_Init() 
  0.5          395          395           1           0     395849 MPI_Finalize() 
  0.3          238          238           2           4     119278 COMPUTE_INITIAL_CONDITIONS 
  0.0           40           40           1           0      40129 MPI_Barrier() 
  0.0            1            1           1           0       1902 ALLOC_SPACE 
  0.0            1            1           2           0        719 MPI_Comm_split() 
  0.0            1            1           5           0        220 MPI_Bcast() 
  0.0        0.405        0.406           2           2        203 FFT_INIT 
  0.0       0.0304       0.0304          83           0          0 ILOG2 
  0.0      0.00173      0.00173           4           0          0 IPOW46 
  0.0     0.000523     0.000523           1           0          1 MPI_Comm_size() 
  0.0     0.000281     0.000281           1           0          0 VERIFY 
  0.0     0.000188     0.000188           1           0          0 MPI_Comm_rank() 
  0.0            0            0   0.0078125           0          0 SET_CLASS 
