Reading Profile files in profile.*

FUNCTION SUMMARY (total):
---------------------------------------------------------------------------------------
%Time    Exclusive    Inclusive       #Call      #Subrs  Inclusive Name
              msec   total msec                          usec/call 
---------------------------------------------------------------------------------------
100.0        0.643     3:50.483         128         128    1800655 .TAU application
100.0            5     3:50.483         128        2177    1800650 APPLU 
 43.8        8,340     1:40.865         256 6.97512E+07     394005 SSOR 
 28.3     1:05.178     1:05.178         128           0     509204 MPI_Finalize() 
 27.2            5     1:02.746         128         384     490205 INIT_COMM 
 27.2     1:02.740     1:02.740         128           0     490163 MPI_Init() 
 18.9        3,406       43,467 7.96774E+06 1.44415E+07          5 EXCHANGE_1 
 15.4       35,601       35,601 7.22077E+06           0          5 MPI_Recv() 
  6.6        7,858       15,098       32384       64768        466 RHS 
  4.0        9,222        9,222 1.54375E+07           0          1 JACLD 
  3.9        9,095        9,095 1.54375E+07           0          1 JACU 
  3.4        7,805        7,805 1.54375E+07           0          1 BLTS 
  3.3        7,662        7,662 1.54375E+07           0          0 BUTS 
  3.3        2,040        7,510       65024      353568        116 EXCHANGE_3 
  3.0        6,850        6,850  7.3389E+06           0          1 MPI_Send() 
  1.3        2,948        2,948      118132           0         25 MPI_Wait() 
  0.5          482        1,077         256 2.85994E+06       4207 SETIV 
  0.3          646          646 3.14742E+06           0          0 EXACT 
  0.2           92          363         128         256       2842 ERHS 
  0.1          176          176        1280           0        138 MPI_Allreduce() 
  0.1          133          133      118132           0          1 MPI_Irecv() 
  0.1        0.956          129         128         129       1013 READ_INPUT 
  0.1            1          128         128        1280       1006 BCAST_INPUTS 
  0.1          127          127        1280           0         99 MPI_Bcast() 
  0.1            4          121         512         512        238 L2NORM 
  0.0           27           70         128      238456        552 ERROR 
  0.0            7           23         256       49152         94 SETBV 
  0.0            1           17         128         560        134 PINTGR 
  0.0           11           11         256           0         43 MPI_Barrier() 
  0.0            5            5         128           0         39 ALLOC_SPACE 
  0.0        0.206            2         128         696         22 EXCHANGE_4 
  0.0        0.036        0.495          32          90         15 EXCHANGE_5 
  0.0        0.378        0.424         128         128          3 PROC_GRID 
  0.0        0.179        0.179           1           0        179 VERIFY 
  0.0        0.015        0.138          16          42          9 EXCHANGE_6 
  0.0        0.113        0.113         128           0          1 SETCOEFF 
  0.0        0.054        0.054         128           0          0 MPI_Comm_size() 
  0.0        0.046        0.046         128           0          0 ISQRT2 
  0.0        0.043        0.043         128           0          0 NEIGHBORS 
  0.0         0.04         0.04         128           0          0 MPI_Comm_rank() 
  0.0        0.034        0.034         128           0          0 SUBDOMAIN 
  0.0            0            0           1           0          0 SET_CLASS 

FUNCTION SUMMARY (mean):
---------------------------------------------------------------------------------------
%Time    Exclusive    Inclusive       #Call      #Subrs  Inclusive Name
              msec   total msec                          usec/call 
---------------------------------------------------------------------------------------
100.0      0.00502        1,800           1           1    1800655 .TAU application
100.0       0.0425        1,800           1     17.0078    1800650 APPLU 
 43.8           65          788           2      544931     394005 SSOR 
 28.3          509          509           1           0     509204 MPI_Finalize() 
 27.2       0.0413          490           1           3     490205 INIT_COMM 
 27.2          490          490           1           0     490163 MPI_Init() 
 18.9           26          339       62248      112824          5 EXCHANGE_1 
 15.4          278          278     56412.2           0          5 MPI_Recv() 
  6.6           61          117         253         506        466 RHS 
  4.0           72           72      120606           0          1 JACLD 
  3.9           71           71      120606           0          1 JACU 
  3.4           60           60      120606           0          1 BLTS 
  3.3           59           59      120606           0          0 BUTS 
  3.3           15           58         508     2762.25        116 EXCHANGE_3 
  3.0           53           53     57335.2           0          1 MPI_Send() 
  1.3           23           23     922.906           0         25 MPI_Wait() 
  0.5            3            8           2     22343.2       4207 SETIV 
  0.3            5            5     24589.2           0          0 EXACT 
  0.2        0.726            2           1           2       2842 ERHS 
  0.1            1            1          10           0        138 MPI_Allreduce() 
  0.1            1            1     922.906           0          1 MPI_Irecv() 
  0.1      0.00747            1           1     1.00781       1013 READ_INPUT 
  0.1       0.0115            1           1          10       1006 BCAST_INPUTS 
  0.1        0.994        0.994          10           0         99 MPI_Bcast() 
  0.1       0.0366         0.95           4           4        238 L2NORM 
  0.0        0.213        0.552           1     1862.94        552 ERROR 
  0.0       0.0617        0.187           2         384         94 SETBV 
  0.0       0.0154        0.134           1       4.375        134 PINTGR 
  0.0       0.0862       0.0862           2           0         43 MPI_Barrier() 
  0.0       0.0391       0.0391           1           0         39 ALLOC_SPACE 
  0.0      0.00161       0.0223           1      5.4375         22 EXCHANGE_4 
  0.0     0.000281      0.00387        0.25    0.703125         15 EXCHANGE_5 
  0.0      0.00295      0.00331           1           1          3 PROC_GRID 
  0.0       0.0014       0.0014   0.0078125           0        179 VERIFY 
  0.0     0.000117      0.00108       0.125    0.328125          9 EXCHANGE_6 
  0.0     0.000883     0.000883           1           0          1 SETCOEFF 
  0.0     0.000422     0.000422           1           0          0 MPI_Comm_size() 
  0.0     0.000359     0.000359           1           0          0 ISQRT2 
  0.0     0.000336     0.000336           1           0          0 NEIGHBORS 
  0.0     0.000313     0.000313           1           0          0 MPI_Comm_rank() 
  0.0     0.000266     0.000266           1           0          0 SUBDOMAIN 
  0.0            0            0   0.0078125           0          0 SET_CLASS 
