Reading Profile files in profile.*

FUNCTION SUMMARY (total):
---------------------------------------------------------------------------------------
%Time    Exclusive    Inclusive       #Call      #Subrs  Inclusive Name
              msec   total msec                          usec/call 
---------------------------------------------------------------------------------------
100.0            1     7:07.597         256         256    1670304 .TAU application
100.0           10     7:07.596         256        4353    1670299 APPLU 
 36.4        9,316     2:35.546         512 7.77523E+07     303803 SSOR 
 33.0            9     2:20.903         256         768     550405 INIT_COMM 
 33.0     2:20.893     2:20.893         256           0     550367 MPI_Init() 
 30.2     2:09.197     2:09.197         256           0     504676 MPI_Finalize() 
 21.8        6,645     1:33.237 1.59355E+07  2.9879E+07          6 EXCHANGE_1 
 18.2     1:17.848     1:17.848 1.49395E+07           0          5 MPI_Recv() 
  4.4        8,073       18,755       64768      129536        290 RHS 
  3.1       13,106       13,106 1.51839E+07           0          1 MPI_Send() 
  2.6        2,556       11,023      130048      731520         85 EXCHANGE_3 
  2.2        9,274        9,274 1.54375E+07           0          1 JACLD 
  2.1        9,132        9,132 1.54375E+07           0          1 JACU 
  1.8        7,770        7,770 1.54375E+07           0          1 BLTS 
  1.8        7,640        7,640 1.54375E+07           0          0 BUTS 
  0.9        3,844        3,844      244380           0         16 MPI_Wait() 
  0.2          456        1,019         512 2.85994E+06       1991 SETIV 
  0.1          615          615 3.14742E+06           0          0 EXACT 
  0.1          469          469        2560           0        183 MPI_Allreduce() 
  0.1          106          447         256         512       1749 ERHS 
  0.1            5          296        1024        1024        289 L2NORM 
  0.1            1          280         256         257       1096 READ_INPUT 
  0.1            2          278         256        2560       1089 BCAST_INPUTS 
  0.1          276          276        2560           0        108 MPI_Bcast() 
  0.1          268          268      244380           0          1 MPI_Irecv() 
  0.0           27          111         256      238584        435 ERROR 
  0.0            2           45         256        1088        176 PINTGR 
  0.0           24           24         512           0         47 MPI_Barrier() 
  0.0            7           23         512       49152         45 SETBV 
  0.0            9            9         256           0         37 ALLOC_SPACE 
  0.0          0.4            8         256        1440         32 EXCHANGE_4 
  0.0        0.025        0.655          32          90         20 EXCHANGE_6 
  0.0        0.497        0.543         256         256          2 PROC_GRID 
  0.0        0.028        0.535          32          90         17 EXCHANGE_5 
  0.0        0.215        0.215           1           0        215 VERIFY 
  0.0        0.181        0.181         256           0          1 SETCOEFF 
  0.0        0.122        0.122         256           0          0 MPI_Comm_size() 
  0.0        0.076        0.076         256           0          0 NEIGHBORS 
  0.0        0.075        0.075         256           0          0 SUBDOMAIN 
  0.0        0.065        0.065         256           0          0 MPI_Comm_rank() 
  0.0        0.046        0.046         256           0          0 ISQRT2 
  0.0        0.001        0.001           1           0          1 SET_CLASS 

FUNCTION SUMMARY (mean):
---------------------------------------------------------------------------------------
%Time    Exclusive    Inclusive       #Call      #Subrs  Inclusive Name
              msec   total msec                          usec/call 
---------------------------------------------------------------------------------------
100.0      0.00487        1,670           1           1    1670304 .TAU application
100.0       0.0427        1,670           1     17.0039    1670299 APPLU 
 36.4           36          607           2      303720     303803 SSOR 
 33.0       0.0379          550           1           3     550405 INIT_COMM 
 33.0          550          550           1           0     550367 MPI_Init() 
 30.2          504          504           1           0     504676 MPI_Finalize() 
 21.8           25          364       62248      116715          6 EXCHANGE_1 
 18.2          304          304     58357.5           0          5 MPI_Recv() 
  4.4           31           73         253         506        290 RHS 
  3.1           51           51     59312.1           0          1 MPI_Send() 
  2.6            9           43         508      2857.5         85 EXCHANGE_3 
  2.2           36           36     60302.8           0          1 JACLD 
  2.1           35           35     60302.8           0          1 JACU 
  1.8           30           30     60302.8           0          1 BLTS 
  1.8           29           29     60302.8           0          0 BUTS 
  0.9           15           15     954.609           0         16 MPI_Wait() 
  0.2            1            3           2     11171.6       1991 SETIV 
  0.1            2            2     12294.6           0          0 EXACT 
  0.1            1            1          10           0        183 MPI_Allreduce() 
  0.1        0.417            1           1           2       1749 ERHS 
  0.1       0.0206            1           4           4        289 L2NORM 
  0.1      0.00738            1           1     1.00391       1096 READ_INPUT 
  0.1      0.00879            1           1          10       1089 BCAST_INPUTS 
  0.1            1            1          10           0        108 MPI_Bcast() 
  0.1            1            1     954.609           0          1 MPI_Irecv() 
  0.0        0.109        0.435           1     931.969        435 ERROR 
  0.0       0.0115        0.176           1        4.25        176 PINTGR 
  0.0       0.0943       0.0943           2           0         47 MPI_Barrier() 
  0.0       0.0309       0.0902           2         192         45 SETBV 
  0.0       0.0367       0.0367           1           0         37 ALLOC_SPACE 
  0.0      0.00156       0.0316           1       5.625         32 EXCHANGE_4 
  0.0     9.77E-05      0.00256       0.125    0.351562         20 EXCHANGE_6 
  0.0      0.00194      0.00212           1           1          2 PROC_GRID 
  0.0     0.000109      0.00209       0.125    0.351562         17 EXCHANGE_5 
  0.0      0.00084      0.00084  0.00390625           0        215 VERIFY 
  0.0     0.000707     0.000707           1           0          1 SETCOEFF 
  0.0     0.000477     0.000477           1           0          0 MPI_Comm_size() 
  0.0     0.000297     0.000297           1           0          0 NEIGHBORS 
  0.0     0.000293     0.000293           1           0          0 SUBDOMAIN 
  0.0     0.000254     0.000254           1           0          0 MPI_Comm_rank() 
  0.0      0.00018      0.00018           1           0          0 ISQRT2 
  0.0     3.91E-06     3.91E-06  0.00390625           0          1 SET_CLASS 
