Reading Profile files in profile.*

FUNCTION SUMMARY (total):
---------------------------------------------------------------------------------------
%Time    Exclusive    Inclusive       #Call      #Subrs  Inclusive Name
              msec   total msec                          usec/call 
---------------------------------------------------------------------------------------
100.0            1    15:36.343         256         256    3657592 .TAU application
100.0          377    15:36.341         256      254976    3657585 CG 
 42.5     2:27.849     6:37.745       19456 1.97284E+07      20443 CONJ_GRAD 
 29.4       13,171     4:35.727         256 7.68003E+07    1077062 MAKEA 
 27.3     2:07.710     4:15.399    3.84E+07 1.00765E+09          7 SPRNVC 
 14.2           12     2:13.107         256        1024     519952 INITIALIZE_MPI 
 14.2     2:12.834     2:12.834         256           0     518886 MPI_Init() 
 13.8     2:08.937     2:08.937         256           0     503662 MPI_Finalize() 
 13.6     2:07.689     2:07.689 1.00765E+09           0          0 ICNVRT 
 13.1     2:02.859     2:02.859 6.65395E+06           0         18 MPI_Send() 
 13.1     2:02.336     2:02.336 6.65395E+06           0         18 MPI_Wait() 
  0.6        5,549        5,549    3.84E+07           0          0 VECSET 
  0.5        4,850        4,850 6.65395E+06           0          1 MPI_Irecv() 
  0.2        1,607        1,607         256           0       6279 SPARSE 
  0.0          260          260         256           0       1018 MPI_Bcast() 
  0.0          174          174         256           0        683 ALLOC_SPACE 
  0.0           92           92         256           0        362 MPI_Barrier() 
  0.0           28           28         256           0        110 MPI_Reduce() 
  0.0        0.133        0.133         256           0          1 SETUP_SUBMATRIX_INFO 
  0.0        0.104        0.104         256           0          0 MPI_Comm_size() 
  0.0         0.07         0.07         256           0          0 SETUP_PROC_INFO 
  0.0         0.06         0.06         256           0          0 MPI_Comm_rank() 

FUNCTION SUMMARY (mean):
---------------------------------------------------------------------------------------
%Time    Exclusive    Inclusive       #Call      #Subrs  Inclusive Name
              msec   total msec                          usec/call 
---------------------------------------------------------------------------------------
100.0      0.00675        3,657           1           1    3657592 .TAU application
100.0            1        3,657           1         996    3657585 CG 
 42.5          577        1,553          76       77064      20443 CONJ_GRAD 
 29.4           51        1,077           1      300001    1077062 MAKEA 
 27.3          498          997      150000 3.93614E+06          7 SPRNVC 
 14.2       0.0476          519           1           4     519952 INITIALIZE_MPI 
 14.2          518          518           1           0     518886 MPI_Init() 
 13.8          503          503           1           0     503662 MPI_Finalize() 
 13.6          498          498 3.93614E+06           0          0 ICNVRT 
 13.1          479          479       25992           0         18 MPI_Send() 
 13.1          477          477       25992           0         18 MPI_Wait() 
  0.6           21           21      150000           0          0 VECSET 
  0.5           18           18       25992           0          1 MPI_Irecv() 
  0.2            6            6           1           0       6279 SPARSE 
  0.0            1            1           1           0       1018 MPI_Bcast() 
  0.0        0.683        0.683           1           0        683 ALLOC_SPACE 
  0.0        0.362        0.362           1           0        362 MPI_Barrier() 
  0.0         0.11         0.11           1           0        110 MPI_Reduce() 
  0.0      0.00052      0.00052           1           0          1 SETUP_SUBMATRIX_INFO 
  0.0     0.000406     0.000406           1           0          0 MPI_Comm_size() 
  0.0     0.000273     0.000273           1           0          0 SETUP_PROC_INFO 
  0.0     0.000234     0.000234           1           0          0 MPI_Comm_rank() 
