Reading Profile files in profile.*

FUNCTION SUMMARY (total):
---------------------------------------------------------------------------------------
%Time    Exclusive    Inclusive       #Call      #Subrs  Inclusive Name
              msec   total msec                          usec/call 
---------------------------------------------------------------------------------------
100.0            1    11:37.165         256         256    2723302 .TAU application
100.0           11    11:37.164         256        4353    2723297 APPLU 
 60.6       22,815     7:02.606         512 1.86409E+08     825403 SSOR 
 31.0       11,336     3:36.094 2.57024E+07  4.8192E+07          8 EXCHANGE_1 
 27.2     3:09.880     3:09.880  2.4096E+07           0          8 MPI_Recv() 
 19.7           10     2:17.195         256         768     535918 INIT_COMM 
 19.7     2:17.184     2:17.184         256           0     535878 MPI_Init() 
 18.7     2:10.653     2:10.653         256           0     510366 MPI_Finalize() 
  8.4       31,726       58,494       64768      129536        903 RHS 
  4.8       33,288       33,288   4.016E+07           0          1 JACLD 
  4.7       32,856       32,856   4.016E+07           0          1 JACU 
  4.1       28,770       28,770   4.016E+07           0          1 BLTS 
  4.1       28,588       28,588   4.016E+07           0          1 BUTS 
  4.0        6,582       27,824      130048      731520        214 EXCHANGE_3 
  3.7       25,668       25,668 2.43404E+07           0          1 MPI_Send() 
  1.4       10,048       10,048      244380           0         41 MPI_Wait() 
  0.6        2,014        4,491         512     1.2E+07       8773 SETIV 
  0.4        2,672        2,672 1.31248E+07           0          0 EXACT 
  0.3        1,778        1,778        2560           0        695 MPI_Allreduce() 
  0.2           17        1,436        1024        1024       1403 L2NORM 
  0.2          369        1,426         256         512       5573 ERHS 
  0.1          414          414      244380           0          2 MPI_Irecv() 
  0.0          113          344         256 1.00026E+06       1344 ERROR 
  0.0            1          305         256         257       1193 READ_INPUT 
  0.0            2          303         256        2560       1186 BCAST_INPUTS 
  0.0          301          301        2560           0        118 MPI_Bcast() 
  0.0           21           63         512      124848        125 SETBV 
  0.0            5           53         256        1088        209 PINTGR 
  0.0           17           17         512           0         33 MPI_Barrier() 
  0.0           10           10         256           0         42 ALLOC_SPACE 
  0.0        0.419           10         256        1440         40 EXCHANGE_4 
  0.0        0.035        0.606          32          90         19 EXCHANGE_5 
  0.0        0.034         0.59          32          90         18 EXCHANGE_6 
  0.0        0.497        0.563         256         256          2 PROC_GRID 
  0.0        0.217        0.217           1           0        217 VERIFY 
  0.0        0.212        0.212         256           0          1 SETCOEFF 
  0.0        0.114        0.114         256           0          0 MPI_Comm_size() 
  0.0        0.087        0.087         256           0          0 MPI_Comm_rank() 
  0.0        0.074        0.074         256           0          0 NEIGHBORS 
  0.0        0.071        0.071         256           0          0 SUBDOMAIN 
  0.0        0.066        0.066         256           0          0 ISQRT2 
  0.0        0.001        0.001           1           0          1 SET_CLASS 

FUNCTION SUMMARY (mean):
---------------------------------------------------------------------------------------
%Time    Exclusive    Inclusive       #Call      #Subrs  Inclusive Name
              msec   total msec                          usec/call 
---------------------------------------------------------------------------------------
100.0      0.00477        2,723           1           1    2723302 .TAU application
100.0       0.0451        2,723           1     17.0039    2723297 APPLU 
 60.6           89        1,650           2      728161     825403 SSOR 
 31.0           44          844      100400      188250          8 EXCHANGE_1 
 27.2          741          741       94125           0          8 MPI_Recv() 
 19.7       0.0393          535           1           3     535918 INIT_COMM 
 19.7          535          535           1           0     535878 MPI_Init() 
 18.7          510          510           1           0     510366 MPI_Finalize() 
  8.4          123          228         253         506        903 RHS 
  4.8          130          130      156875           0          1 JACLD 
  4.7          128          128      156875           0          1 JACU 
  4.1          112          112      156875           0          1 BLTS 
  4.1          111          111      156875           0          1 BUTS 
  4.0           25          108         508      2857.5        214 EXCHANGE_3 
  3.7          100          100     95079.6           0          1 MPI_Send() 
  1.4           39           39     954.609           0         41 MPI_Wait() 
  0.6            7           17           2       46875       8773 SETIV 
  0.4           10           10     51268.9           0          0 EXACT 
  0.3            6            6          10           0        695 MPI_Allreduce() 
  0.2       0.0689            5           4           4       1403 L2NORM 
  0.2            1            5           1           2       5573 ERHS 
  0.1            1            1     954.609           0          2 MPI_Irecv() 
  0.0        0.443            1           1     3907.25       1344 ERROR 
  0.0      0.00778            1           1     1.00391       1193 READ_INPUT 
  0.0      0.00907            1           1          10       1186 BCAST_INPUTS 
  0.0            1            1          10           0        118 MPI_Bcast() 
  0.0       0.0821        0.249           2     487.688        125 SETBV 
  0.0       0.0215        0.209           1        4.25        209 PINTGR 
  0.0       0.0667       0.0667           2           0         33 MPI_Barrier() 
  0.0       0.0422       0.0422           1           0         42 ALLOC_SPACE 
  0.0      0.00164       0.0404           1       5.625         40 EXCHANGE_4 
  0.0     0.000137      0.00237       0.125    0.351562         19 EXCHANGE_5 
  0.0     0.000133       0.0023       0.125    0.351562         18 EXCHANGE_6 
  0.0      0.00194       0.0022           1           1          2 PROC_GRID 
  0.0     0.000848     0.000848  0.00390625           0        217 VERIFY 
  0.0     0.000828     0.000828           1           0          1 SETCOEFF 
  0.0     0.000445     0.000445           1           0          0 MPI_Comm_size() 
  0.0      0.00034      0.00034           1           0          0 MPI_Comm_rank() 
  0.0     0.000289     0.000289           1           0          0 NEIGHBORS 
  0.0     0.000277     0.000277           1           0          0 SUBDOMAIN 
  0.0     0.000258     0.000258           1           0          0 ISQRT2 
  0.0     3.91E-06     3.91E-06  0.00390625           0          1 SET_CLASS 
