Reading Profile files in profile.*

FUNCTION SUMMARY (total):
---------------------------------------------------------------------------------------
%Time    Exclusive    Inclusive       #Call      #Subrs  Inclusive Name
              msec   total msec                          usec/call 
---------------------------------------------------------------------------------------
100.0            1    51:08.004         256         256   11984393 .TAU application
100.0           79    51:08.002         256       33024   11984386 MG_MPI 
 69.3          582    35:26.961       13056      600576     162911 MG3P 
 45.4    13:55.115    23:11.391      131072      131072      10615 RESID 
 38.1        1,186    19:27.810      379648 5.90424E+06       3076 COMM3 
 21.2     5:03.107    10:49.633      130560      130560       4976 PSINV 
 20.8       45,849    10:37.687 1.94986E+06 1.94986E+06        327 GIVE3 
 19.3     9:51.909     9:51.909 2.00208E+06           0        296 MPI_Send() 
 12.5     2:03.168     6:24.479      117504      117504       3272 RPRJ3 
 11.8       39,122     6:00.639 1.94986E+06 1.94986E+06        185 TAKE3 
 11.2     5:42.116     5:42.116 2.00208E+06           0        171 MPI_Wait() 
  9.3     4:21.599     4:45.100      117504      117504       2426 INTERP 
  5.6     2:47.900     2:50.979 2.00208E+06 2.00208E+06         85 READY 
  4.3     2:13.094     2:13.094         256           0     519901 MPI_Init() 
  4.3     2:11.372     2:11.372         256           0     513172 MPI_Finalize() 
  1.5       44,904       44,904      173200           0        259 ZERO3 
  1.3       19,220       39,534         512      166308      77216 ZRAN3 
  0.8           87       23,500      117504      156672        200 COMM3_EX 
  0.7           23       20,622       52224       52224        395 TAKE3_EX 
  0.5        6,980       14,596        1024        2048      14254 NORM2U3 
  0.3        8,608        8,608        1536           0       5604 MPI_Barrier() 
  0.3        8,158        8,158       22528           0        362 MPI_Allreduce() 
  0.1        3,078        3,078 2.00208E+06           0          2 MPI_Irecv() 
  0.0          487          487         256           0       1904 ALLOC_SPACE 
  0.0          193          193        1792           0        108 MPI_Bcast() 
  0.0           22           94       52224       52224          2 GIVE3_EX 
  0.0           25           25      142244           0          0 BUBBLE 
  0.0            3            3         256           0         15 MPI_Reduce() 
  0.0            1            1         512           0          3 SETUP 
  0.0            1            1        1536           0          1 POWER 
  0.0         0.12         0.12         256           0          0 MPI_Comm_size() 
  0.0        0.055        0.055         256           0          0 MPI_Comm_rank() 

FUNCTION SUMMARY (mean):
---------------------------------------------------------------------------------------
%Time    Exclusive    Inclusive       #Call      #Subrs  Inclusive Name
              msec   total msec                          usec/call 
---------------------------------------------------------------------------------------
100.0       0.0068       11,984           1           1   11984393 .TAU application
100.0         0.31       11,984           1         129   11984386 MG_MPI 
 69.3            2        8,308          51        2346     162911 MG3P 
 45.4        3,262        5,435         512         512      10615 RESID 
 38.1            4        4,561        1483     23063.4       3076 COMM3 
 21.2        1,184        2,537         510         510       4976 PSINV 
 20.8          179        2,490     7616.62     7616.62        327 GIVE3 
 19.3        2,312        2,312     7820.62           0        296 MPI_Send() 
 12.5          481        1,501         459         459       3272 RPRJ3 
 11.8          152        1,408     7616.62     7616.62        185 TAKE3 
 11.2        1,336        1,336     7820.62           0        171 MPI_Wait() 
  9.3        1,021        1,113         459         459       2426 INTERP 
  5.6          655          667     7820.62     7820.62         85 READY 
  4.3          519          519           1           0     519901 MPI_Init() 
  4.3          513          513           1           0     513172 MPI_Finalize() 
  1.5          175          175     676.562           0        259 ZERO3 
  1.3           75          154           2     649.641      77216 ZRAN3 
  0.8        0.344           91         459         612        200 COMM3_EX 
  0.7       0.0934           80         204         204        395 TAKE3_EX 
  0.5           27           57           4           8      14254 NORM2U3 
  0.3           33           33           6           0       5604 MPI_Barrier() 
  0.3           31           31          88           0        362 MPI_Allreduce() 
  0.1           12           12     7820.62           0          2 MPI_Irecv() 
  0.0            1            1           1           0       1904 ALLOC_SPACE 
  0.0        0.757        0.757           7           0        108 MPI_Bcast() 
  0.0       0.0871         0.37         204         204          2 GIVE3_EX 
  0.0          0.1          0.1     555.641           0          0 BUBBLE 
  0.0       0.0146       0.0146           1           0         15 MPI_Reduce() 
  0.0      0.00627      0.00627           2           0          3 SETUP 
  0.0      0.00503      0.00503           6           0          1 POWER 
  0.0     0.000469     0.000469           1           0          0 MPI_Comm_size() 
  0.0     0.000215     0.000215           1           0          0 MPI_Comm_rank() 
