Reading Profile files in profile.*

FUNCTION SUMMARY (total):
---------------------------------------------------------------------------------------
%Time    Exclusive    Inclusive       #Call      #Subrs  Inclusive Name
              msec   total msec                          usec/call 
---------------------------------------------------------------------------------------
100.0            1    26:49.715         256         256    6287951 .TAU application
100.0           15    26:49.714         256        4353    6287946 APPLU 
 82.1     1:04.206    22:01.952         512 4.52429E+08    2581938 SSOR 
 31.0       24,435     8:18.324 4.11238E+07 7.71072E+07         12 EXCHANGE_1 
 27.8     7:27.784     7:27.784 3.85536E+07           0         12 MPI_Recv() 
 17.9     3:06.964     4:48.647       64768      129536       4457 RHS 
  8.3           10     2:13.704         256         768     522282 INIT_COMM 
  8.3     2:13.693     2:13.693         256           0     522242 MPI_Init() 
  8.1     2:10.623     2:10.623         256           0     510250 MPI_Finalize() 
  7.7     2:04.086     2:04.086  1.0281E+08           0          1 JACLD 
  7.6     2:02.356     2:02.356  1.0281E+08           0          1 JACU 
  6.8     1:50.124     1:50.124  1.0281E+08           0          1 BLTS 
  6.8     1:49.184     1:49.184  1.0281E+08           0          1 BUTS 
  6.6       35,818     1:45.820      130048      731520        814 EXCHANGE_3 
  4.1     1:05.897     1:05.897  3.8798E+07           0          2 MPI_Send() 
  1.8       29,291       29,291      244380           0        120 MPI_Wait() 
  1.0        7,047       16,099         512  4.9152E+07      31445 SETIV 
  0.6        9,778        9,778 5.35629E+07           0          0 EXACT 
  0.3        1,356        5,493         256         512      21459 ERHS 
  0.3        5,232        5,232        2560           0       2044 MPI_Allreduce() 
  0.3           52        4,374        1024        1024       4272 L2NORM 
  0.1          464        1,325         256 4.09626E+06       5178 ERROR 
  0.1          931          931      244380           0          4 MPI_Irecv() 
  0.0            1          268         256         257       1051 READ_INPUT 
  0.0            2          267         256        2560       1043 BCAST_INPUTS 
  0.0          264          264        2560           0        103 MPI_Bcast() 
  0.0           44          145         512      314928        284 SETBV 
  0.0           11           71         256        1088        279 PINTGR 
  0.0           16           16         512           0         33 MPI_Barrier() 
  0.0        0.677           13         256        1440         51 EXCHANGE_4 
  0.0           12           12         256           0         49 ALLOC_SPACE 
  0.0        0.046        0.773          32          90         24 EXCHANGE_6 
  0.0         0.04        0.726          32          90         23 EXCHANGE_5 
  0.0        0.508        0.574         256         256          2 PROC_GRID 
  0.0        0.276        0.276         256           0          1 SETCOEFF 
  0.0        0.228        0.228           1           0        228 VERIFY 
  0.0        0.117        0.117         256           0          0 MPI_Comm_size() 
  0.0        0.089        0.089         256           0          0 NEIGHBORS 
  0.0        0.075        0.075         256           0          0 MPI_Comm_rank() 
  0.0        0.073        0.073         256           0          0 SUBDOMAIN 
  0.0        0.066        0.066         256           0          0 ISQRT2 
  0.0        0.001        0.001           1           0          1 SET_CLASS 

FUNCTION SUMMARY (mean):
---------------------------------------------------------------------------------------
%Time    Exclusive    Inclusive       #Call      #Subrs  Inclusive Name
              msec   total msec                          usec/call 
---------------------------------------------------------------------------------------
100.0      0.00483        6,287           1           1    6287951 .TAU application
100.0       0.0594        6,287           1     17.0039    6287946 APPLU 
 82.1          250        5,163           2  1.7673E+06    2581938 SSOR 
 31.0           95        1,946      160640      301200         12 EXCHANGE_1 
 27.8        1,749        1,749      150600           0         12 MPI_Recv() 
 17.9          730        1,127         253         506       4457 RHS 
  8.3       0.0392          522           1           3     522282 INIT_COMM 
  8.3          522          522           1           0     522242 MPI_Init() 
  8.1          510          510           1           0     510250 MPI_Finalize() 
  7.7          484          484      401600           0          1 JACLD 
  7.6          477          477      401600           0          1 JACU 
  6.8          430          430      401600           0          1 BLTS 
  6.8          426          426      401600           0          1 BUTS 
  6.6          139          413         508      2857.5        814 EXCHANGE_3 
  4.1          257          257      151555           0          2 MPI_Send() 
  1.8          114          114     954.609           0        120 MPI_Wait() 
  1.0           27           62           2      192000      31445 SETIV 
  0.6           38           38      209230           0          0 EXACT 
  0.3            5           21           1           2      21459 ERHS 
  0.3           20           20          10           0       2044 MPI_Allreduce() 
  0.3        0.206           17           4           4       4272 L2NORM 
  0.1            1            5           1       16001       5178 ERROR 
  0.1            3            3     954.609           0          4 MPI_Irecv() 
  0.0      0.00723            1           1     1.00391       1051 READ_INPUT 
  0.0       0.0088            1           1          10       1043 BCAST_INPUTS 
  0.0            1            1          10           0        103 MPI_Bcast() 
  0.0        0.175        0.568           2     1230.19        284 SETBV 
  0.0       0.0445        0.279           1        4.25        279 PINTGR 
  0.0       0.0655       0.0655           2           0         33 MPI_Barrier() 
  0.0      0.00264       0.0514           1       5.625         51 EXCHANGE_4 
  0.0       0.0488       0.0488           1           0         49 ALLOC_SPACE 
  0.0      0.00018      0.00302       0.125    0.351562         24 EXCHANGE_6 
  0.0     0.000156      0.00284       0.125    0.351562         23 EXCHANGE_5 
  0.0      0.00198      0.00224           1           1          2 PROC_GRID 
  0.0      0.00108      0.00108           1           0          1 SETCOEFF 
  0.0     0.000891     0.000891  0.00390625           0        228 VERIFY 
  0.0     0.000457     0.000457           1           0          0 MPI_Comm_size() 
  0.0     0.000348     0.000348           1           0          0 NEIGHBORS 
  0.0     0.000293     0.000293           1           0          0 MPI_Comm_rank() 
  0.0     0.000285     0.000285           1           0          0 SUBDOMAIN 
  0.0     0.000258     0.000258           1           0          0 ISQRT2 
  0.0     3.91E-06     3.91E-06  0.00390625           0          1 SET_CLASS 
