Reading Profile files in profile.*

FUNCTION SUMMARY (total):
---------------------------------------------------------------------------------------
%Time    Exclusive    Inclusive       #Call      #Subrs  Inclusive Name
              msec   total msec                          usec/call 
---------------------------------------------------------------------------------------
100.0            1  3:13:13.133         256         256   45285677 .TAU application
100.0           48  3:13:13.132         256       22272   45285672 FT 
 88.1           37  2:50:09.039        6912       27648    1477002 FFT 
 41.3     1:53.103  1:19:51.577 8.84736E+06 9.02431E+07        542 CFFTZ 
 40.4  1:17:58.473  1:17:58.473 9.02431E+07           0         52 FFTZ2 
 34.6    13:27.998  1:06:48.736       13824 5.32224E+06     289984 CFFTS1 
 26.6           24    51:24.019        6400       19200     481878 TRANSPOSE_X_YZ 
 22.8    17:32.342    44:03.189        6912 3.54586E+06     382406 CFFTS2 
 15.9           28    30:47.462        6912        6912     267283 TRANSPOSE2_GLOBAL 
 15.9    30:47.433    30:47.433        6912           0     267279 MPI_Alltoall() 
  8.3    16:01.373    16:01.373        6912           0     139088 TRANSPOSE2_LOCAL 
  6.7    13:00.228    13:00.228        6400           0     121911 EVOLVE 
  6.5    12:28.206    12:28.206        6912           0     108247 TRANSPOSE2_FINISH 
  4.1            9     7:53.056         512        1536     923938 TRANSPOSE_XY_Z 
  1.4     2:44.842     2:44.842         512           0     321957 COMPUTE_INDEXMAP 
  1.4           54     2:38.179        6400        6400      24716 CHECKSUM 
  1.4     2:38.125     2:38.125        6400           0      24707 MPI_Reduce() 
  1.2           16     2:16.821         256        2817     534460 SETUP 
  1.2     2:15.579     2:15.579         256           0     529607 MPI_Init() 
  0.9     1:42.975     1:42.975         256           0     402249 MPI_Finalize() 
  0.3       31,072       31,073         512        1024      60689 COMPUTE_INITIAL_CONDITIONS 
  0.1        9,818        9,818         256           0      38354 MPI_Barrier() 
  0.0          494          494         256           0       1930 ALLOC_SPACE 
  0.0          418          418         512           0        817 MPI_Comm_split() 
  0.0          313          313        1280           0        245 MPI_Bcast() 
  0.0          104          104         512         512        205 FFT_INIT 
  0.0            8            8       21248           0          0 ILOG2 
  0.0         0.46         0.46        1024           0          0 IPOW46 
  0.0        0.138        0.138         256           0          1 MPI_Comm_size() 
  0.0        0.063        0.063         256           0          0 VERIFY 
  0.0        0.059        0.059         256           0          0 MPI_Comm_rank() 
  0.0        0.001        0.001           1           0          1 SET_CLASS 

FUNCTION SUMMARY (mean):
---------------------------------------------------------------------------------------
%Time    Exclusive    Inclusive       #Call      #Subrs  Inclusive Name
              msec   total msec                          usec/call 
---------------------------------------------------------------------------------------
100.0      0.00498       45,285           1           1   45285677 .TAU application
100.0        0.189       45,285           1          87   45285672 FT 
 88.1        0.148       39,879          27         108    1477002 FFT 
 41.3          441       18,717       34560      352512        542 CFFTZ 
 40.4       18,275       18,275      352512           0         52 FFTZ2 
 34.6        3,156       15,659          54       20790     289984 CFFTS1 
 26.6       0.0949       12,046          25          75     481878 TRANSPOSE_X_YZ 
 22.8        4,110       10,324          27       13851     382406 CFFTS2 
 15.9        0.111        7,216          27          27     267283 TRANSPOSE2_GLOBAL 
 15.9        7,216        7,216          27           0     267279 MPI_Alltoall() 
  8.3        3,755        3,755          27           0     139088 TRANSPOSE2_LOCAL 
  6.7        3,047        3,047          25           0     121911 EVOLVE 
  6.5        2,922        2,922          27           0     108247 TRANSPOSE2_FINISH 
  4.1       0.0361        1,847           2           6     923938 TRANSPOSE_XY_Z 
  1.4          643          643           2           0     321957 COMPUTE_INDEXMAP 
  1.4        0.212          617          25          25      24716 CHECKSUM 
  1.4          617          617          25           0      24707 MPI_Reduce() 
  1.2       0.0644          534           1     11.0039     534460 SETUP 
  1.2          529          529           1           0     529607 MPI_Init() 
  0.9          402          402           1           0     402249 MPI_Finalize() 
  0.3          121          121           2           4      60689 COMPUTE_INITIAL_CONDITIONS 
  0.1           38           38           1           0      38354 MPI_Barrier() 
  0.0            1            1           1           0       1930 ALLOC_SPACE 
  0.0            1            1           2           0        817 MPI_Comm_split() 
  0.0            1            1           5           0        245 MPI_Bcast() 
  0.0        0.409         0.41           2           2        205 FFT_INIT 
  0.0       0.0327       0.0327          83           0          0 ILOG2 
  0.0       0.0018       0.0018           4           0          0 IPOW46 
  0.0     0.000539     0.000539           1           0          1 MPI_Comm_size() 
  0.0     0.000246     0.000246           1           0          0 VERIFY 
  0.0      0.00023      0.00023           1           0          0 MPI_Comm_rank() 
  0.0     3.91E-06     3.91E-06  0.00390625           0          1 SET_CLASS 
