Reading Profile files in profile.*

FUNCTION SUMMARY (total):
---------------------------------------------------------------------------------------
%Time    Exclusive    Inclusive       #Call      #Subrs  Inclusive Name
              msec   total msec                          usec/call 
---------------------------------------------------------------------------------------
100.0            1  6:05:45.436         256         256   85724360 .TAU application
100.0           20  6:05:45.434         256        4353   85724355 APPLU 
 97.4    16:34.038  5:56:19.982         512 3.30062E+09   41757778 SSOR 
 31.0  1:34:32.939  1:53:29.218       77568      155136      87784 RHS 
 23.9     2:00.208  1:27:19.292 1.25139E+08 2.34636E+08         42 EXCHANGE_1 
 22.9  1:23:39.471  1:23:39.471 1.17318E+08           0         43 MPI_Recv() 
  9.9    36:09.416    36:09.416  7.9385E+08           0          3 JACU 
  9.8    35:53.884    35:53.884  7.9385E+08           0          3 JACLD 
  9.2    33:31.010    33:31.010  7.9385E+08           0          3 BLTS 
  9.0    32:49.041    32:49.041  7.9385E+08           0          2 BUTS 
  5.3     8:07.806    19:17.002      155648      875520       7433 EXCHANGE_3 
  2.0     7:27.168     7:27.168  1.1761E+08           0          4 MPI_Send() 
  1.4     5:15.697     5:15.697      292380           0       1080 MPI_Wait() 
  1.0     1:28.456     3:33.127         512 8.03081E+08     416264 SETIV 
  0.7            9     2:26.482         256         768     572198 INIT_COMM 
  0.7     2:26.472     2:26.472         256           0     572159 MPI_Init() 
  0.6     2:15.493     2:15.493 8.72002E+08           0          0 EXACT 
  0.6     2:13.288     2:13.288         256           0     520656 MPI_Finalize() 
  0.2       46,162       46,162        2560           0      18032 MPI_Allreduce() 
  0.2       17,895       38,618         256         512     150855 ERHS 
  0.1        7,581       32,068         256 6.69237E+07     125269 ERROR 
  0.1        2,237       31,397        1024        1024      30661 L2NORM 
  0.0        5,959        5,959      292380           0         20 MPI_Irecv() 
  0.0          254          819         512 1.99757E+06       1601 SETBV 
  0.0          498          498         256           0       1947 ALLOC_SPACE 
  0.0            1          331         256         257       1295 READ_INPUT 
  0.0            2          329         256        2560       1287 BCAST_INPUTS 
  0.0          327          327        2560           0        128 MPI_Bcast() 
  0.0           55          195         256        1088        764 PINTGR 
  0.0           32           32         512           0         64 MPI_Barrier() 
  0.0        0.753           15         256        1440         59 EXCHANGE_4 
  0.0        0.076            1          32          90         43 EXCHANGE_5 
  0.0        0.083            1          32          90         39 EXCHANGE_6 
  0.0        0.542        0.599         256         256          2 PROC_GRID 
  0.0        0.249        0.249         256           0          1 SETCOEFF 
  0.0        0.191        0.191           1           0        191 VERIFY 
  0.0        0.145        0.145         256           0          1 NEIGHBORS 
  0.0        0.113        0.113         256           0          0 MPI_Comm_size() 
  0.0        0.094        0.094         256           0          0 SUBDOMAIN 
  0.0        0.071        0.071         256           0          0 MPI_Comm_rank() 
  0.0        0.057        0.057         256           0          0 ISQRT2 
  0.0            0            0           1           0          0 SET_CLASS 

FUNCTION SUMMARY (mean):
---------------------------------------------------------------------------------------
%Time    Exclusive    Inclusive       #Call      #Subrs  Inclusive Name
              msec   total msec                          usec/call 
---------------------------------------------------------------------------------------
100.0      0.00476     1:25.724           1           1   85724360 .TAU application
100.0       0.0782     1:25.724           1     17.0039   85724355 APPLU 
 97.4        3,882     1:23.515           2  1.2893E+07   41757778 SSOR 
 31.0       22,159       26,598         303         606      87784 RHS 
 23.9          469       20,465      488824      916545         42 EXCHANGE_1 
 22.9       19,607       19,607      458272           0         43 MPI_Recv() 
  9.9        8,474        8,474 3.10098E+06           0          3 JACU 
  9.8        8,413        8,413 3.10098E+06           0          3 JACLD 
  9.2        7,855        7,855 3.10098E+06           0          3 BLTS 
  9.0        7,691        7,691 3.10098E+06           0          2 BUTS 
  5.3        1,905        4,519         608        3420       7433 EXCHANGE_3 
  2.0        1,746        1,746      459415           0          4 MPI_Send() 
  1.4        1,233        1,233     1142.11           0       1080 MPI_Wait() 
  1.0          345          832           2 3.13704E+06     416264 SETIV 
  0.7       0.0389          572           1           3     572198 INIT_COMM 
  0.7          572          572           1           0     572159 MPI_Init() 
  0.6          529          529 3.40626E+06           0          0 EXACT 
  0.6          520          520           1           0     520656 MPI_Finalize() 
  0.2          180          180          10           0      18032 MPI_Allreduce() 
  0.2           69          150           1           2     150855 ERHS 
  0.1           29          125           1      261421     125269 ERROR 
  0.1            8          122           4           4      30661 L2NORM 
  0.0           23           23     1142.11           0         20 MPI_Irecv() 
  0.0        0.993            3           2        7803       1601 SETBV 
  0.0            1            1           1           0       1947 ALLOC_SPACE 
  0.0      0.00768            1           1     1.00391       1295 READ_INPUT 
  0.0       0.0089            1           1          10       1287 BCAST_INPUTS 
  0.0            1            1          10           0        128 MPI_Bcast() 
  0.0        0.219        0.764           1        4.25        764 PINTGR 
  0.0        0.127        0.127           2           0         64 MPI_Barrier() 
  0.0      0.00294       0.0594           1       5.625         59 EXCHANGE_4 
  0.0     0.000297      0.00536       0.125    0.351562         43 EXCHANGE_5 
  0.0     0.000324      0.00491       0.125    0.351562         39 EXCHANGE_6 
  0.0      0.00212      0.00234           1           1          2 PROC_GRID 
  0.0     0.000973     0.000973           1           0          1 SETCOEFF 
  0.0     0.000746     0.000746  0.00390625           0        191 VERIFY 
  0.0     0.000566     0.000566           1           0          1 NEIGHBORS 
  0.0     0.000441     0.000441           1           0          0 MPI_Comm_size() 
  0.0     0.000367     0.000367           1           0          0 SUBDOMAIN 
  0.0     0.000277     0.000277           1           0          0 MPI_Comm_rank() 
  0.0     0.000223     0.000223           1           0          0 ISQRT2 
  0.0            0            0  0.00390625           0          0 SET_CLASS 
