Reading Profile files in profile.*

FUNCTION SUMMARY (total):
---------------------------------------------------------------------------------------
%Time    Exclusive    Inclusive       #Call      #Subrs  Inclusive Name
              msec   total msec                          usec/call 
---------------------------------------------------------------------------------------
100.0            1  5:28:51.228         256         256   77075113 .TAU application
100.0        9,037  5:28:51.227         256      338176   77075106 CG 
 81.2  2:50:54.535  4:26:53.401       25856  2.6218E+07     619330 CONJ_GRAD 
 17.6    58:02.531    58:02.531 8.84275E+06           0        394 MPI_Wait() 
 17.4     2:40.665    57:16.514         256    7.68E+08   13423883 MAKEA 
 16.0    29:14.715    52:38.702    3.84E+08 1.12761E+10          8 SPRNVC 
 11.3    37:01.965    37:01.965 8.84275E+06           0        251 MPI_Send() 
  7.1    23:23.987    23:23.987 1.12761E+10           0          0 ICNVRT 
  0.7           11     2:20.215         256        1024     547715 INITIALIZE_MPI 
  0.7     2:20.028     2:20.028         256           0     546988 MPI_Init() 
  0.7     2:08.857     2:08.857         256           0     503349 MPI_Finalize() 
  0.3     1:00.381     1:00.381         256           0     235864 SPARSE 
  0.3       56,764       56,764    3.84E+08           0          0 VECSET 
  0.3       56,204       56,204 8.84275E+06           0          6 MPI_Irecv() 
  0.0        1,211        1,211         256           0       4733 ALLOC_SPACE 
  0.0          174          174         256           0        681 MPI_Bcast() 
  0.0          131          131         256           0        515 MPI_Barrier() 
  0.0           21           21         256           0         85 MPI_Reduce() 
  0.0        0.183        0.183         256           0          1 SETUP_SUBMATRIX_INFO 
  0.0        0.104        0.104         256           0          0 MPI_Comm_size() 
  0.0        0.076        0.076         256           0          0 SETUP_PROC_INFO 
  0.0        0.054        0.054         256           0          0 MPI_Comm_rank() 

FUNCTION SUMMARY (mean):
---------------------------------------------------------------------------------------
%Time    Exclusive    Inclusive       #Call      #Subrs  Inclusive Name
              msec   total msec                          usec/call 
---------------------------------------------------------------------------------------
100.0      0.00686     1:17.075           1           1   77075113 .TAU application
100.0           35     1:17.075           1        1321   77075106 CG 
 81.2       40,056     1:02.552         101      102414     619330 CONJ_GRAD 
 17.6       13,603       13,603       34542           0        394 MPI_Wait() 
 17.4          627       13,423           1       3E+06   13423883 MAKEA 
 16.0        6,854       12,338     1.5E+06 4.40472E+07          8 SPRNVC 
 11.3        8,679        8,679       34542           0        251 MPI_Send() 
  7.1        5,484        5,484 4.40472E+07           0          0 ICNVRT 
  0.7       0.0463          547           1           4     547715 INITIALIZE_MPI 
  0.7          546          546           1           0     546988 MPI_Init() 
  0.7          503          503           1           0     503349 MPI_Finalize() 
  0.3          235          235           1           0     235864 SPARSE 
  0.3          221          221     1.5E+06           0          0 VECSET 
  0.3          219          219       34542           0          6 MPI_Irecv() 
  0.0            4            4           1           0       4733 ALLOC_SPACE 
  0.0        0.681        0.681           1           0        681 MPI_Bcast() 
  0.0        0.515        0.515           1           0        515 MPI_Barrier() 
  0.0       0.0848       0.0848           1           0         85 MPI_Reduce() 
  0.0     0.000715     0.000715           1           0          1 SETUP_SUBMATRIX_INFO 
  0.0     0.000406     0.000406           1           0          0 MPI_Comm_size() 
  0.0     0.000297     0.000297           1           0          0 SETUP_PROC_INFO 
  0.0     0.000211     0.000211           1           0          0 MPI_Comm_rank() 
