Reading Profile files in profile.*

FUNCTION SUMMARY (total):
---------------------------------------------------------------------------------------
%Time    Exclusive    Inclusive       #Call      #Subrs  Inclusive Name
              msec   total msec                          usec/call 
---------------------------------------------------------------------------------------
100.0            1     9:15.252         256         256    2168956 .TAU application
100.0          199     9:15.251         256      254976    2168949 CG 
 35.7     1:03.759     3:18.387       19456 1.97284E+07      10197 CONJ_GRAD 
 24.2           11     2:14.397         256        1024     524991 INITIALIZE_MPI 
 24.2     2:14.210     2:14.210         256           0     524260 MPI_Init() 
 22.2        6,258     2:03.110         256 3.84003E+07     480900 MAKEA 
 20.4       56,749     1:53.491    1.92E+07 4.36738E+08          6 SPRNVC 
 17.8     1:38.903     1:38.903         256           0     386341 MPI_Finalize() 
 13.3     1:13.723     1:13.723 6.65395E+06           0         11 MPI_Wait() 
 10.3       57,386       57,386 6.65395E+06           0          9 MPI_Send() 
 10.2       56,742       56,742 4.36738E+08           0          0 ICNVRT 
  0.7        3,639        3,639 6.65395E+06           0          1 MPI_Irecv() 
  0.5        2,806        2,806    1.92E+07           0          0 VECSET 
  0.1          553          553         256           0       2162 SPARSE 
  0.0          175          175         256           0        684 MPI_Bcast() 
  0.0           85           85         256           0        335 MPI_Barrier() 
  0.0           28           28         256           0        111 MPI_Reduce() 
  0.0           16           16         256           0         65 ALLOC_SPACE 
  0.0        0.117        0.117         256           0          0 MPI_Comm_size() 
  0.0        0.092        0.092         256           0          0 SETUP_SUBMATRIX_INFO 
  0.0        0.058        0.058         256           0          0 MPI_Comm_rank() 
  0.0        0.054        0.054         256           0          0 SETUP_PROC_INFO 

FUNCTION SUMMARY (mean):
---------------------------------------------------------------------------------------
%Time    Exclusive    Inclusive       #Call      #Subrs  Inclusive Name
              msec   total msec                          usec/call 
---------------------------------------------------------------------------------------
100.0      0.00688        2,168           1           1    2168956 .TAU application
100.0         0.78        2,168           1         996    2168949 CG 
 35.7          249          774          76       77064      10197 CONJ_GRAD 
 24.2       0.0465          524           1           4     524991 INITIALIZE_MPI 
 24.2          524          524           1           0     524260 MPI_Init() 
 22.2           24          480           1      150001     480900 MAKEA 
 20.4          221          443       75000 1.70601E+06          6 SPRNVC 
 17.8          386          386           1           0     386341 MPI_Finalize() 
 13.3          287          287       25992           0         11 MPI_Wait() 
 10.3          224          224       25992           0          9 MPI_Send() 
 10.2          221          221 1.70601E+06           0          0 ICNVRT 
  0.7           14           14       25992           0          1 MPI_Irecv() 
  0.5           10           10       75000           0          0 VECSET 
  0.1            2            2           1           0       2162 SPARSE 
  0.0        0.684        0.684           1           0        684 MPI_Bcast() 
  0.0        0.335        0.335           1           0        335 MPI_Barrier() 
  0.0        0.111        0.111           1           0        111 MPI_Reduce() 
  0.0       0.0648       0.0648           1           0         65 ALLOC_SPACE 
  0.0     0.000457     0.000457           1           0          0 MPI_Comm_size() 
  0.0     0.000359     0.000359           1           0          0 SETUP_SUBMATRIX_INFO 
  0.0     0.000227     0.000227           1           0          0 MPI_Comm_rank() 
  0.0     0.000211     0.000211           1           0          0 SETUP_PROC_INFO 
