Reading Profile files in profile.*

FUNCTION SUMMARY (total):
---------------------------------------------------------------------------------------
%Time    Exclusive    Inclusive       #Call      #Subrs  Inclusive Name
              msec   total msec                          usec/call 
---------------------------------------------------------------------------------------
100.0        0.712 10:08:29.085         144         144  253535316 .TAU application
100.0          150 10:08:29.084         144       74737  253535311 MPSP 
 98.7          643 10:00:33.069       72144      432864     499460 ADI 
 28.2    16:27.618  2:51:20.159       72288 1.01203E+06     142211 COPY_FACES 
 23.5    32:05.930  2:22:56.572       72144 6.49296E+06     118881 Z_SOLVE 
 23.4  2:22:18.029  2:22:18.029       72288           0     118111 COMPUTE_RHS 
 22.7  1:00:12.380  2:18:02.526       72144 6.49296E+06     114805 X_SOLVE 
 19.9    41:58.004  2:01:07.910       72144 6.49296E+06     100742 Y_SOLVE 
 18.3  1:51:24.127  1:51:24.127 4.83379E+06           0       1383 MPI_Waitall() 
 12.3  1:14:36.044  1:14:36.044      865728           0       5170 LHSZ 
  7.3    44:11.822    44:11.822      865728           0       3063 LHSY 
  5.6    33:50.364    33:50.364      865728           0       2345 LHSX 
  2.3    13:57.319    13:57.319       72144           0      11606 TXINVR 
  2.2    13:28.084    13:28.084       72144           0      11201 ADD 
  1.5     8:59.936     8:59.936      865728           0        624 TZETAR 
  0.6     1:31.283     3:27.455         288 8.17005E+08     720332 INITIALIZE 
  0.4     2:37.138     2:37.138 1.10844E+09           0          0 EXACT_SOLUTION 
  0.4     2:24.565     2:24.565      865728           0        167 NINVR 
  0.3     1:53.243     1:53.243      865728           0        131 PINVR 
  0.3     1:32.916     1:32.916 5.19523E+06           0         18 MPI_Irecv() 
  0.3     1:32.185     1:32.185 5.19523E+06           0         18 MPI_Isend() 
  0.2            3     1:15.587         144         720     524914 SETUP_MPI 
  0.2     1:15.399     1:15.399         144           0     523611 MPI_Init() 
  0.2     1:13.631     1:13.631         144           0     511327 MPI_Finalize() 
  0.2       31,939     1:03.373         144 2.23518E+08     440096 EXACT_RHS 
  0.1            3       46,276         144         432     321366 VERIFY 
  0.1        7,669       20,602         144 6.79175E+07     143072 ERROR_NORM 
  0.0        8,444        8,444         288           0      29321 MPI_Allreduce() 
  0.0        5,544        5,544         288           0      19251 MPI_Barrier() 
  0.0          479        5,523         144         144      38355 RHS_NORM 
  0.0        2,600        2,600         144           0      18060 LHSINIT 
  0.0        1,283        1,283         144           0       8912 ALLOC_SPACE 
  0.0          183          183         288           0        638 MPI_Comm_dup() 
  0.0          109          109         576           0        190 MPI_Bcast() 
  0.0            2            2         144           0         14 MPI_Reduce() 
  0.0        0.335        0.335         144           0          2 SET_CONSTANTS 
  0.0        0.326        0.326         144           0          2 MAKE_SET 
  0.0        0.112        0.112         144           0          1 COMPUTE_BUFFER_SIZE 
  0.0        0.056        0.056         144           0          0 MPI_Comm_size() 
  0.0         0.04         0.04         144           0          0 MPI_Comm_rank() 
  0.0            0            0           1           0          0 SET_CLASS 

FUNCTION SUMMARY (mean):
---------------------------------------------------------------------------------------
%Time    Exclusive    Inclusive       #Call      #Subrs  Inclusive Name
              msec   total msec                          usec/call 
---------------------------------------------------------------------------------------
100.0      0.00494     4:13.535           1           1  253535316 .TAU application
100.0            1     4:13.535           1     519.007  253535311 MPSP 
 98.7            4     4:10.229         501        3006     499460 ADI 
 28.2        6,858     1:11.389         502        7028     142211 COPY_FACES 
 23.5       13,374       59,559         501       45090     118881 Z_SOLVE 
 23.4       59,291       59,291         502           0     118111 COMPUTE_RHS 
 22.7       25,085       57,517         501       45090     114805 X_SOLVE 
 19.9       17,486       50,471         501       45090     100742 Y_SOLVE 
 18.3       46,417       46,417       33568           0       1383 MPI_Waitall() 
 12.3       31,083       31,083        6012           0       5170 LHSZ 
  7.3       18,415       18,415        6012           0       3063 LHSY 
  5.6       14,099       14,099        6012           0       2345 LHSX 
  2.3        5,814        5,814         501           0      11606 TXINVR 
  2.2        5,611        5,611         501           0      11201 ADD 
  1.5        3,749        3,749        6012           0        624 TZETAR 
  0.6          633        1,440           2 5.67365E+06     720332 INITIALIZE 
  0.4        1,091        1,091  7.6975E+06           0          0 EXACT_SOLUTION 
  0.4        1,003        1,003        6012           0        167 NINVR 
  0.3          786          786        6012           0        131 PINVR 
  0.3          645          645       36078           0         18 MPI_Irecv() 
  0.3          640          640       36078           0         18 MPI_Isend() 
  0.2       0.0268          524           1           5     524914 SETUP_MPI 
  0.2          523          523           1           0     523611 MPI_Init() 
  0.2          511          511           1           0     511327 MPI_Finalize() 
  0.2          221          440           1 1.55221E+06     440096 EXACT_RHS 
  0.1       0.0275          321           1           3     321366 VERIFY 
  0.1           53          143           1      471649     143072 ERROR_NORM 
  0.0           58           58           2           0      29321 MPI_Allreduce() 
  0.0           38           38           2           0      19251 MPI_Barrier() 
  0.0            3           38           1           1      38355 RHS_NORM 
  0.0           18           18           1           0      18060 LHSINIT 
  0.0            8            8           1           0       8912 ALLOC_SPACE 
  0.0            1            1           2           0        638 MPI_Comm_dup() 
  0.0        0.759        0.759           4           0        190 MPI_Bcast() 
  0.0        0.014        0.014           1           0         14 MPI_Reduce() 
  0.0      0.00233      0.00233           1           0          2 SET_CONSTANTS 
  0.0      0.00226      0.00226           1           0          2 MAKE_SET 
  0.0     0.000778     0.000778           1           0          1 COMPUTE_BUFFER_SIZE 
  0.0     0.000389     0.000389           1           0          0 MPI_Comm_size() 
  0.0     0.000278     0.000278           1           0          0 MPI_Comm_rank() 
  0.0            0            0  0.00694444           0          0 SET_CLASS 
