Reading Profile files in profile.*

FUNCTION SUMMARY (total):
---------------------------------------------------------------------------------------
%Time    Exclusive    Inclusive       #Call      #Subrs  Inclusive Name
              msec   total msec                          usec/call 
---------------------------------------------------------------------------------------
100.0        0.488     7:01.550         100         100    4215500 .TAU application
100.0           40     7:01.549         100       41901    4215495 MPSP 
 73.5          147     5:09.894       40100      240600       7728 ADI 
 22.3       17,786     1:34.089       40200      562800       2341 COPY_FACES 
 18.6     1:18.231     1:18.231  2.2056E+06           0         35 MPI_Waitall() 
 17.1       22,801     1:12.079       40100  2.9674E+06       1797 X_SOLVE 
 15.8       21,803     1:06.620       40100  2.9674E+06       1661 Z_SOLVE 
 15.1       18,537     1:03.538       40100  2.9674E+06       1584 Y_SOLVE 
 13.2       55,642       55,642       40200           0       1384 COMPUTE_RHS 
 12.5            2       52,683         100         500     526833 SETUP_MPI 
 12.5       52,561       52,561         100           0     525614 MPI_Init() 
 12.1       50,930       50,930         100           0     509306 MPI_Finalize() 
  6.1       25,712       25,712      401000           0         64 LHSX 
  4.3       17,920       17,920      401000           0         45 LHSZ 
  3.6       15,201       15,201      401000           0         38 LHSY 
  2.5       10,382       10,382  2.4066E+06           0          4 MPI_Isend() 
  2.0        8,640        8,640       40100           0        215 ADD 
  1.7        7,372        7,372      401000           0         18 TZETAR 
  1.2        5,005        5,005       40100           0        125 TXINVR 
  1.0        1,903        4,096         200 1.28593E+07      20485 INITIALIZE 
  0.7        3,065        3,065 1.80606E+07           0          0 EXACT_SOLUTION 
  0.6        2,621        2,621  2.4066E+06           0          1 MPI_Irecv() 
  0.4          799        1,520         100    4.14E+06      15204 EXACT_RHS 
  0.3        1,207        1,207         200           0       6036 MPI_Barrier() 
  0.3        1,179        1,179      401000           0          3 PINVR 
  0.3        1,134        1,134      401000           0          3 NINVR 
  0.2            1          996         100         300       9963 VERIFY 
  0.1          121          539         100 1.06131E+06       5395 ERROR_NORM 
  0.1          491          491         200           0       2457 MPI_Allreduce() 
  0.1            4          228         100         100       2285 RHS_NORM 
  0.0          119          119         200           0        595 MPI_Comm_dup() 
  0.0           97           97         100           0        976 LHSINIT 
  0.0           72           72         400           0        182 MPI_Bcast() 
  0.0            7            7         100           0         73 ALLOC_SPACE 
  0.0            1            1         100           0         17 MPI_Reduce() 
  0.0        0.179        0.179         100           0          2 SET_CONSTANTS 
  0.0        0.081        0.081         100           0          1 MAKE_SET 
  0.0        0.046        0.046         100           0          0 MPI_Comm_size() 
  0.0        0.044        0.044         100           0          0 COMPUTE_BUFFER_SIZE 
  0.0        0.029        0.029         100           0          0 MPI_Comm_rank() 
  0.0            0            0           1           0          0 SET_CLASS 

FUNCTION SUMMARY (mean):
---------------------------------------------------------------------------------------
%Time    Exclusive    Inclusive       #Call      #Subrs  Inclusive Name
              msec   total msec                          usec/call 
---------------------------------------------------------------------------------------
100.0      0.00488        4,215           1           1    4215500 .TAU application
100.0        0.409        4,215           1      419.01    4215495 MPSP 
 73.5            1        3,098         401        2406       7728 ADI 
 22.3          177          940         402        5628       2341 COPY_FACES 
 18.6          782          782       22056           0         35 MPI_Waitall() 
 17.1          228          720         401       29674       1797 X_SOLVE 
 15.8          218          666         401       29674       1661 Z_SOLVE 
 15.1          185          635         401       29674       1584 Y_SOLVE 
 13.2          556          556         402           0       1384 COMPUTE_RHS 
 12.5       0.0267          526           1           5     526833 SETUP_MPI 
 12.5          525          525           1           0     525614 MPI_Init() 
 12.1          509          509           1           0     509306 MPI_Finalize() 
  6.1          257          257        4010           0         64 LHSX 
  4.3          179          179        4010           0         45 LHSZ 
  3.6          152          152        4010           0         38 LHSY 
  2.5          103          103       24066           0          4 MPI_Isend() 
  2.0           86           86         401           0        215 ADD 
  1.7           73           73        4010           0         18 TZETAR 
  1.2           50           50         401           0        125 TXINVR 
  1.0           19           40           2      128593      20485 INITIALIZE 
  0.7           30           30      180606           0          0 EXACT_SOLUTION 
  0.6           26           26       24066           0          1 MPI_Irecv() 
  0.4            7           15           1       41400      15204 EXACT_RHS 
  0.3           12           12           2           0       6036 MPI_Barrier() 
  0.3           11           11        4010           0          3 PINVR 
  0.3           11           11        4010           0          3 NINVR 
  0.2       0.0113            9           1           3       9963 VERIFY 
  0.1            1            5           1     10613.1       5395 ERROR_NORM 
  0.1            4            4           2           0       2457 MPI_Allreduce() 
  0.1       0.0418            2           1           1       2285 RHS_NORM 
  0.0            1            1           2           0        595 MPI_Comm_dup() 
  0.0        0.976        0.976           1           0        976 LHSINIT 
  0.0        0.729        0.729           4           0        182 MPI_Bcast() 
  0.0       0.0733       0.0733           1           0         73 ALLOC_SPACE 
  0.0       0.0166       0.0166           1           0         17 MPI_Reduce() 
  0.0      0.00179      0.00179           1           0          2 SET_CONSTANTS 
  0.0      0.00081      0.00081           1           0          1 MAKE_SET 
  0.0      0.00046      0.00046           1           0          0 MPI_Comm_size() 
  0.0      0.00044      0.00044           1           0          0 COMPUTE_BUFFER_SIZE 
  0.0      0.00029      0.00029           1           0          0 MPI_Comm_rank() 
  0.0            0            0        0.01           0          0 SET_CLASS 
