Reading Profile files in profile.*

FUNCTION SUMMARY (total):
---------------------------------------------------------------------------------------
%Time    Exclusive    Inclusive       #Call      #Subrs  Inclusive Name
              msec   total msec                          usec/call 
---------------------------------------------------------------------------------------
100.0        0.079  3:39:10.544          16          16  821909043 .TAU application
100.0            1  3:39:10.544          16         273  821909038 APPLU 
 97.6    10:01.699  3:33:51.996          32 8.01676E+08  400999877 SSOR 
 31.9  1:07:15.286  1:09:55.885        4848        9696     865488 RHS 
 14.9    32:40.710    32:40.710 1.98463E+08           0         10 JACLD 
 14.6    31:57.344    31:57.344 1.98463E+08           0         10 JACU 
 14.5    31:47.585    31:47.585 1.98463E+08           0         10 BLTS 
 14.2    31:08.782    31:08.782 1.98463E+08           0          9 BUTS 
  2.9       14,263     6:17.708 7.82118E+06 1.17318E+07         48 EXCHANGE_1 
  2.1     4:40.107     4:40.107 5.86589E+06           0         48 MPI_Recv() 
  1.6     1:24.959     3:26.732          32 8.03081E+08    6460380 SETIV 
  1.2     1:01.874     2:42.319        9728       43776      16686 EXCHANGE_3 
  1.0     2:12.779     2:12.779 8.72002E+08           0          0 EXACT 
  0.9     2:02.626     2:02.626 5.88052E+06           0         21 MPI_Send() 
  0.5     1:06.856     1:06.856          16           0    4178527 MPI_Finalize() 
  0.5     1:01.112     1:01.112       14628           0       4178 MPI_Wait() 
  0.1       16,791       18,511          16          32    1156984 ERHS 
  0.1        7,488       17,857          16 6.69234E+07    1116120 ERROR 
  0.1        0.672        7,469          16          48     466834 INIT_COMM 
  0.1        7,468        7,468          16           0     466791 MPI_Init() 
  0.0        1,462        2,119          64          64      33120 L2NORM 
  0.0          214        1,038          32 1.99757E+06      32467 SETBV 
  0.0        1,008        1,008         160           0       6306 MPI_Allreduce() 
  0.0           45           45       14628           0          3 MPI_Irecv() 
  0.0           41           41          16           0       2593 ALLOC_SPACE 
  0.0           18           29          16          80       1814 PINTGR 
  0.0        0.427            9          16          17        603 READ_INPUT 
  0.0        0.143            9          16         160        577 BCAST_INPUTS 
  0.0            9            9         160           0         57 MPI_Bcast() 
  0.0            4            4          32           0        127 MPI_Barrier() 
  0.0        0.059         0.86          16          72         54 EXCHANGE_4 
  0.0        0.191        0.191           1           0        191 VERIFY 
  0.0        0.017        0.188           8          18         24 EXCHANGE_5 
  0.0        0.016        0.169           8          18         21 EXCHANGE_6 
  0.0        0.028        0.031          16          16          2 PROC_GRID 
  0.0        0.014        0.014          16           0          1 SETCOEFF 
  0.0        0.009        0.009          16           0          1 NEIGHBORS 
  0.0        0.007        0.007          16           0          0 MPI_Comm_size() 
  0.0        0.006        0.006          16           0          0 MPI_Comm_rank() 
  0.0        0.006        0.006          16           0          0 SUBDOMAIN 
  0.0        0.003        0.003          16           0          0 ISQRT2 
  0.0            0            0           1           0          0 SET_CLASS 

FUNCTION SUMMARY (mean):
---------------------------------------------------------------------------------------
%Time    Exclusive    Inclusive       #Call      #Subrs  Inclusive Name
              msec   total msec                          usec/call 
---------------------------------------------------------------------------------------
100.0      0.00494    13:41.909           1           1  821909043 .TAU application
100.0        0.101    13:41.909           1     17.0625  821909038 APPLU 
 97.6       37,606    13:21.999           2 5.01048E+07  400999877 SSOR 
 31.9     4:12.205     4:22.242         303         606     865488 RHS 
 14.9     2:02.544     2:02.544 1.24039E+07           0         10 JACLD 
 14.6     1:59.834     1:59.834 1.24039E+07           0         10 JACU 
 14.5     1:59.224     1:59.224 1.24039E+07           0         10 BLTS 
 14.2     1:56.798     1:56.798 1.24039E+07           0          9 BUTS 
  2.9          891       23,606      488824      733236         48 EXCHANGE_1 
  2.1       17,506       17,506      366618           0         48 MPI_Recv() 
  1.6        5,309       12,920           2 5.01926E+07    6460380 SETIV 
  1.2        3,867       10,144         608        2736      16686 EXCHANGE_3 
  1.0        8,298        8,298 5.45001E+07           0          0 EXACT 
  0.9        7,664        7,664      367532           0         21 MPI_Send() 
  0.5        4,178        4,178           1           0    4178527 MPI_Finalize() 
  0.5        3,819        3,819      914.25           0       4178 MPI_Wait() 
  0.1        1,049        1,156           1           2    1156984 ERHS 
  0.1          468        1,116           1 4.18271E+06    1116120 ERROR 
  0.1        0.042          466           1           3     466834 INIT_COMM 
  0.1          466          466           1           0     466791 MPI_Init() 
  0.0           91          132           4           4      33120 L2NORM 
  0.0           13           64           2      124848      32467 SETBV 
  0.0           63           63          10           0       6306 MPI_Allreduce() 
  0.0            2            2      914.25           0          3 MPI_Irecv() 
  0.0            2            2           1           0       2593 ALLOC_SPACE 
  0.0            1            1           1           5       1814 PINTGR 
  0.0       0.0267        0.603           1      1.0625        603 READ_INPUT 
  0.0      0.00894        0.577           1          10        577 BCAST_INPUTS 
  0.0        0.568        0.568          10           0         57 MPI_Bcast() 
  0.0        0.254        0.254           2           0        127 MPI_Barrier() 
  0.0      0.00369       0.0537           1         4.5         54 EXCHANGE_4 
  0.0       0.0119       0.0119      0.0625           0        191 VERIFY 
  0.0      0.00106       0.0118         0.5       1.125         24 EXCHANGE_5 
  0.0        0.001       0.0106         0.5       1.125         21 EXCHANGE_6 
  0.0      0.00175      0.00194           1           1          2 PROC_GRID 
  0.0     0.000875     0.000875           1           0          1 SETCOEFF 
  0.0     0.000562     0.000562           1           0          1 NEIGHBORS 
  0.0     0.000438     0.000438           1           0          0 MPI_Comm_size() 
  0.0     0.000375     0.000375           1           0          0 MPI_Comm_rank() 
  0.0     0.000375     0.000375           1           0          0 SUBDOMAIN 
  0.0     0.000188     0.000188           1           0          0 ISQRT2 
  0.0            0            0      0.0625           0          0 SET_CLASS 
