Reading Profile files in profile.*

FUNCTION SUMMARY (total):
---------------------------------------------------------------------------------------
%Time    Exclusive    Inclusive       #Call      #Subrs  Inclusive Name
              msec   total msec                          usec/call 
---------------------------------------------------------------------------------------
100.0        0.086  2:26:51.752          16          16  550734540 .TAU application
100.0            2  2:26:51.752          16        1392  550734534 FT 
 91.9            2  2:14:58.512         432        1728   18746556 FFT 
 52.8     1:45.864  1:17:28.522 8.84736E+06 9.02431E+07        525 CFFTZ 
 51.6  1:15:42.657  1:15:42.657 9.02431E+07           0         50 FFTZ2 
 43.0    11:42.064  1:03:08.340         864 5.30928E+06    4384653 CFFTS1 
 27.7    14:42.055    40:44.303         432 3.53938E+06    5658110 CFFTS2 
 19.7            1    28:52.224         400        1200    4330562 TRANSPOSE_X_YZ 
  9.2            2    13:29.659         432         432    1874213 TRANSPOSE2_GLOBAL 
  9.2    13:29.657    13:29.657         432           0    1874208 MPI_Alltoall() 
  8.2    12:05.533    12:05.533         432           0    1679475 TRANSPOSE2_LOCAL 
  5.9     8:36.485     8:36.485         400           0    1291214 EVOLVE 
  3.8     5:30.670     5:30.670         432           0     765442 TRANSPOSE2_FINISH 
  1.5         0.47     2:13.641          32          96    4176295 TRANSPOSE_XY_Z 
  1.0     1:24.838     1:24.838          32           0    2651214 COMPUTE_INDEXMAP 
  0.7     1:05.664     1:05.664          16           0    4104052 MPI_Finalize() 
  0.3       23,323       23,323          32          64     728845 COMPUTE_INITIAL_CONDITIONS 
  0.2            6       15,036         400         400      37591 CHECKSUM 
  0.2       15,029       15,029         400           0      37575 MPI_Reduce() 
  0.1            1        7,261          16         177     453830 SETUP 
  0.1        7,223        7,223          16           0     451457 MPI_Init() 
  0.0          623          623          16           0      38951 MPI_Barrier() 
  0.0           23           23          16           0       1446 ALLOC_SPACE 
  0.0            7            7          80           0         99 MPI_Bcast() 
  0.0            5            5          32           0        172 MPI_Comm_split() 
  0.0            4            4          32          32        134 FFT_INIT 
  0.0        0.386        0.386        1328           0          0 ILOG2 
  0.0        0.033        0.033          64           0          1 IPOW46 
  0.0         0.03         0.03          16           0          2 VERIFY 
  0.0        0.006        0.006          16           0          0 MPI_Comm_size() 
  0.0        0.004        0.004          16           0          0 MPI_Comm_rank() 
  0.0        0.001        0.001           1           0          1 SET_CLASS 

FUNCTION SUMMARY (mean):
---------------------------------------------------------------------------------------
%Time    Exclusive    Inclusive       #Call      #Subrs  Inclusive Name
              msec   total msec                          usec/call 
---------------------------------------------------------------------------------------
100.0      0.00537     9:10.734           1           1  550734540 .TAU application
100.0        0.182     9:10.734           1          87  550734534 FT 
 91.9        0.152     8:26.157          27         108   18746556 FFT 
 52.8        6,616     4:50.532      552960 5.64019E+06        525 CFFTZ 
 51.6     4:43.916     4:43.916 5.64019E+06           0         50 FFTZ2 
 43.0       43,879     3:56.771          54      331830    4384653 CFFTS1 
 27.7       55,128     2:32.768          27      221211    5658110 CFFTS2 
 19.7        0.106     1:48.264          25          75    4330562 TRANSPOSE_X_YZ 
  9.2        0.134       50,603          27          27    1874213 TRANSPOSE2_GLOBAL 
  9.2       50,603       50,603          27           0    1874208 MPI_Alltoall() 
  8.2       45,345       45,345          27           0    1679475 TRANSPOSE2_LOCAL 
  5.9       32,280       32,280          25           0    1291214 EVOLVE 
  3.8       20,666       20,666          27           0     765442 TRANSPOSE2_FINISH 
  1.5       0.0294        8,352           2           6    4176295 TRANSPOSE_XY_Z 
  1.0        5,302        5,302           2           0    2651214 COMPUTE_INDEXMAP 
  0.7        4,104        4,104           1           0    4104052 MPI_Finalize() 
  0.3        1,457        1,457           2           4     728845 COMPUTE_INITIAL_CONDITIONS 
  0.2        0.407          939          25          25      37591 CHECKSUM 
  0.2          939          939          25           0      37575 MPI_Reduce() 
  0.1       0.0844          453           1     11.0625     453830 SETUP 
  0.1          451          451           1           0     451457 MPI_Init() 
  0.0           38           38           1           0      38951 MPI_Barrier() 
  0.0            1            1           1           0       1446 ALLOC_SPACE 
  0.0        0.497        0.497           5           0         99 MPI_Bcast() 
  0.0        0.345        0.345           2           0        172 MPI_Comm_split() 
  0.0        0.267        0.267           2           2        134 FFT_INIT 
  0.0       0.0241       0.0241          83           0          0 ILOG2 
  0.0      0.00206      0.00206           4           0          1 IPOW46 
  0.0      0.00187      0.00187           1           0          2 VERIFY 
  0.0     0.000375     0.000375           1           0          0 MPI_Comm_size() 
  0.0      0.00025      0.00025           1           0          0 MPI_Comm_rank() 
  0.0     6.25E-05     6.25E-05      0.0625           0          1 SET_CLASS 
