Reading Profile files in profile.*

FUNCTION SUMMARY (total):
---------------------------------------------------------------------------------------
%Time    Exclusive    Inclusive       #Call      #Subrs  Inclusive Name
              msec   total msec                          usec/call 
---------------------------------------------------------------------------------------
100.0        0.077     4:18.521          16          16   16157623 .TAU application
100.0            1     4:18.521          16         273   16157618 APPLU 
 70.9        7,720     3:03.190          32 4.17706E+07    5724706 SSOR 
 24.9     1:04.410     1:04.410          16           0    4025626 MPI_Finalize() 
 21.9       46,606       56,500        4048        8096      13958 RHS 
 10.3       26,607       26,607   1.004E+07           0          3 JACLD 
 10.1       26,208       26,208   1.004E+07           0          3 JACU 
  9.6       24,818       24,818   1.004E+07           0          2 BLTS 
  9.3       24,158       24,158   1.004E+07           0          2 BUTS 
  6.6        1,161       17,100  1.6064E+06  2.4096E+06         11 EXCHANGE_1 
  5.7       14,829       14,829  1.2048E+06           0         12 MPI_Recv() 
  3.9        2,311       10,035        8128       36576       1235 EXCHANGE_3 
  2.7        0.644        7,093          16          48     443354 INIT_COMM 
  2.7        7,093        7,093          16           0     443313 MPI_Init() 
  1.9        4,857        4,857       12228           0        397 MPI_Wait() 
  1.5        3,960        3,960 1.21703E+06           0          3 MPI_Send() 
  1.2        1,271        3,088          32     1.2E+07      96520 SETIV 
  0.8        2,000        2,000 1.31248E+07           0          0 EXACT 
  0.1          232          373          16          32      23344 ERHS 
  0.1          111          286          16 1.00002E+06      17881 ERROR 
  0.0           85           85         160           0        531 MPI_Allreduce() 
  0.0           13           63          64          64        996 L2NORM 
  0.0           13           43          32      124848       1373 SETBV 
  0.0           23           23          16           0       1458 ALLOC_SPACE 
  0.0           17           17       12228           0          1 MPI_Irecv() 
  0.0        0.426            8          16          17        516 READ_INPUT 
  0.0        0.121            7          16         160        490 BCAST_INPUTS 
  0.0            7            7         160           0         48 MPI_Bcast() 
  0.0            1            2          16          80        155 PINTGR 
  0.0        0.593        0.593          32           0         19 MPI_Barrier() 
  0.0        0.042          0.3          16          72         19 EXCHANGE_4 
  0.0        0.239        0.239           1           0        239 VERIFY 
  0.0        0.006        0.058           8          18          7 EXCHANGE_5 
  0.0        0.007         0.05           8          18          6 EXCHANGE_6 
  0.0        0.026        0.027          16          16          2 PROC_GRID 
  0.0        0.009        0.009          16           0          1 SETCOEFF 
  0.0        0.008        0.008          16           0          0 SUBDOMAIN 
  0.0        0.005        0.005          16           0          0 NEIGHBORS 
  0.0        0.004        0.004          16           0          0 MPI_Comm_rank() 
  0.0        0.004        0.004          16           0          0 MPI_Comm_size() 
  0.0        0.001        0.001          16           0          0 ISQRT2 
  0.0        0.001        0.001           1           0          1 SET_CLASS 

FUNCTION SUMMARY (mean):
---------------------------------------------------------------------------------------
%Time    Exclusive    Inclusive       #Call      #Subrs  Inclusive Name
              msec   total msec                          usec/call 
---------------------------------------------------------------------------------------
100.0      0.00481       16,157           1           1   16157623 .TAU application
100.0       0.0678       16,157           1     17.0625   16157618 APPLU 
 70.9          482       11,449           2 2.61066E+06    5724706 SSOR 
 24.9        4,025        4,025           1           0    4025626 MPI_Finalize() 
 21.9        2,912        3,531         253         506      13958 RHS 
 10.3        1,662        1,662      627500           0          3 JACLD 
 10.1        1,638        1,638      627500           0          3 JACU 
  9.6        1,551        1,551      627500           0          2 BLTS 
  9.3        1,509        1,509      627500           0          2 BUTS 
  6.6           72        1,068      100400      150600         11 EXCHANGE_1 
  5.7          926          926       75300           0         12 MPI_Recv() 
  3.9          144          627         508        2286       1235 EXCHANGE_3 
  2.7       0.0403          443           1           3     443354 INIT_COMM 
  2.7          443          443           1           0     443313 MPI_Init() 
  1.9          303          303      764.25           0        397 MPI_Wait() 
  1.5          247          247     76064.2           0          3 MPI_Send() 
  1.2           79          193           2      750000      96520 SETIV 
  0.8          125          125      820303           0          0 EXACT 
  0.1           14           23           1           2      23344 ERHS 
  0.1            6           17           1       62501      17881 ERROR 
  0.0            5            5          10           0        531 MPI_Allreduce() 
  0.0        0.853            3           4           4        996 L2NORM 
  0.0        0.813            2           2        7803       1373 SETBV 
  0.0            1            1           1           0       1458 ALLOC_SPACE 
  0.0            1            1      764.25           0          1 MPI_Irecv() 
  0.0       0.0266        0.516           1      1.0625        516 READ_INPUT 
  0.0      0.00756         0.49           1          10        490 BCAST_INPUTS 
  0.0        0.482        0.482          10           0         48 MPI_Bcast() 
  0.0       0.0681        0.155           1           5        155 PINTGR 
  0.0       0.0371       0.0371           2           0         19 MPI_Barrier() 
  0.0      0.00263       0.0187           1         4.5         19 EXCHANGE_4 
  0.0       0.0149       0.0149      0.0625           0        239 VERIFY 
  0.0     0.000375      0.00363         0.5       1.125          7 EXCHANGE_5 
  0.0     0.000438      0.00313         0.5       1.125          6 EXCHANGE_6 
  0.0      0.00162      0.00169           1           1          2 PROC_GRID 
  0.0     0.000562     0.000562           1           0          1 SETCOEFF 
  0.0       0.0005       0.0005           1           0          0 SUBDOMAIN 
  0.0     0.000313     0.000313           1           0          0 NEIGHBORS 
  0.0      0.00025      0.00025           1           0          0 MPI_Comm_rank() 
  0.0      0.00025      0.00025           1           0          0 MPI_Comm_size() 
  0.0     6.25E-05     6.25E-05           1           0          0 ISQRT2 
  0.0     6.25E-05     6.25E-05      0.0625           0          1 SET_CLASS 
