Reading Profile files in profile.*

FUNCTION SUMMARY (total):
---------------------------------------------------------------------------------------
%Time    Exclusive    Inclusive       #Call      #Subrs  Inclusive Name
              msec   total msec                          usec/call 
---------------------------------------------------------------------------------------
100.0        0.076     1:52.800          16          16    7050001 .TAU application
100.0         0.75     1:52.799          16         273    7049996 APPLU 
 55.9     1:03.006     1:03.006          16           0    3937884 MPI_Finalize() 
 36.8        2,172       41,524          32 1.64376E+07    1297633 SSOR 
  7.5        6,317        8,459        4048        8096       2090 RHS 
  6.5        0.643        7,339          16          48     458749 INIT_COMM 
  6.5        7,339        7,339          16           0     458708 MPI_Init() 
  5.8        6,583        6,583 3.85938E+06           0          2 JACLD 
  5.7        6,442        6,442 3.85938E+06           0          2 JACU 
  5.3        5,974        5,974 3.85938E+06           0          2 BLTS 
  5.3          431        5,965      995968 1.49395E+06          6 EXCHANGE_1 
  5.2        5,910        5,910 3.85938E+06           0          2 BUTS 
  4.4        4,940        4,940      746976           0          7 MPI_Recv() 
  1.9          380        2,180        8128       36576        268 EXCHANGE_3 
  1.1        1,227        1,227       12228           0        100 MPI_Wait() 
  1.0        1,156        1,156      759204           0          2 MPI_Send() 
  0.7          305          738          32 2.85994E+06      23075 SETIV 
  0.4          481          481 3.14742E+06           0          0 EXACT 
  0.1           51           90          16          32       5662 ERHS 
  0.1           26           67          16      238344       4202 ERROR 
  0.0           18           18         160           0        114 MPI_Allreduce() 
  0.0            5           17          32       49152        538 SETBV 
  0.0            2           13          64          64        207 L2NORM 
  0.0         0.62           13          16          17        818 READ_INPUT 
  0.0        0.126           12          16         160        780 BCAST_INPUTS 
  0.0           12           12         160           0         77 MPI_Bcast() 
  0.0            9            9       12228           0          1 MPI_Irecv() 
  0.0        0.391            1          16          80         91 PINTGR 
  0.0        0.569        0.569          16           0         36 ALLOC_SPACE 
  0.0        0.526        0.526          32           0         16 MPI_Barrier() 
  0.0        0.198        0.198           1           0        198 VERIFY 
  0.0        0.023        0.161          16          72         10 EXCHANGE_4 
  0.0        0.005        0.046           8          18          6 EXCHANGE_5 
  0.0        0.005         0.04           8          18          5 EXCHANGE_6 
  0.0        0.027        0.028          16          16          2 PROC_GRID 
  0.0        0.012        0.012          16           0          1 SETCOEFF 
  0.0        0.007        0.007          16           0          0 NEIGHBORS 
  0.0        0.005        0.005          16           0          0 MPI_Comm_rank() 
  0.0        0.005        0.005          16           0          0 MPI_Comm_size() 
  0.0        0.002        0.002          16           0          0 SUBDOMAIN 
  0.0        0.001        0.001          16           0          0 ISQRT2 
  0.0        0.001        0.001           1           0          1 SET_CLASS 

FUNCTION SUMMARY (mean):
---------------------------------------------------------------------------------------
%Time    Exclusive    Inclusive       #Call      #Subrs  Inclusive Name
              msec   total msec                          usec/call 
---------------------------------------------------------------------------------------
100.0      0.00475        7,050           1           1    7050001 .TAU application
100.0       0.0469        7,049           1     17.0625    7049996 APPLU 
 55.9        3,937        3,937           1           0    3937884 MPI_Finalize() 
 36.8          135        2,595           2 1.02735E+06    1297633 SSOR 
  7.5          394          528         253         506       2090 RHS 
  6.5       0.0402          458           1           3     458749 INIT_COMM 
  6.5          458          458           1           0     458708 MPI_Init() 
  5.8          411          411      241211           0          2 JACLD 
  5.7          402          402      241211           0          2 JACU 
  5.3          373          373      241211           0          2 BLTS 
  5.3           26          372       62248       93372          6 EXCHANGE_1 
  5.2          369          369      241211           0          2 BUTS 
  4.4          308          308       46686           0          7 MPI_Recv() 
  1.9           23          136         508        2286        268 EXCHANGE_3 
  1.1           76           76      764.25           0        100 MPI_Wait() 
  1.0           72           72     47450.2           0          2 MPI_Send() 
  0.7           19           46           2      178746      23075 SETIV 
  0.4           30           30      196714           0          0 EXACT 
  0.1            3            5           1           2       5662 ERHS 
  0.1            1            4           1     14896.5       4202 ERROR 
  0.0            1            1          10           0        114 MPI_Allreduce() 
  0.0         0.32            1           2        3072        538 SETBV 
  0.0        0.146        0.829           4           4        207 L2NORM 
  0.0       0.0387        0.818           1      1.0625        818 READ_INPUT 
  0.0      0.00788         0.78           1          10        780 BCAST_INPUTS 
  0.0        0.772        0.772          10           0         77 MPI_Bcast() 
  0.0        0.597        0.597      764.25           0          1 MPI_Irecv() 
  0.0       0.0244        0.091           1           5         91 PINTGR 
  0.0       0.0356       0.0356           1           0         36 ALLOC_SPACE 
  0.0       0.0329       0.0329           2           0         16 MPI_Barrier() 
  0.0       0.0124       0.0124      0.0625           0        198 VERIFY 
  0.0      0.00144       0.0101           1         4.5         10 EXCHANGE_4 
  0.0     0.000313      0.00287         0.5       1.125          6 EXCHANGE_5 
  0.0     0.000313       0.0025         0.5       1.125          5 EXCHANGE_6 
  0.0      0.00169      0.00175           1           1          2 PROC_GRID 
  0.0      0.00075      0.00075           1           0          1 SETCOEFF 
  0.0     0.000438     0.000438           1           0          0 NEIGHBORS 
  0.0     0.000313     0.000313           1           0          0 MPI_Comm_rank() 
  0.0     0.000313     0.000313           1           0          0 MPI_Comm_size() 
  0.0     0.000125     0.000125           1           0          0 SUBDOMAIN 
  0.0     6.25E-05     6.25E-05           1           0          0 ISQRT2 
  0.0     6.25E-05     6.25E-05      0.0625           0          1 SET_CLASS 
