Reading Profile files in profile.*

FUNCTION SUMMARY (total):
---------------------------------------------------------------------------------------
%Time    Exclusive    Inclusive       #Call      #Subrs  Inclusive Name
              msec   total msec                          usec/call 
---------------------------------------------------------------------------------------
100.0        0.078    13:18.559          16          16   49909952 .TAU application
100.0            1    13:18.559          16         273   49909947 APPLU 
 88.5       32,268    11:46.470          32 1.05384E+08   22077199 SSOR 
 28.9     3:25.794     3:50.545        4048        8096      56953 RHS 
 13.1     1:44.217     1:44.217 2.57024E+07           0          4 JACLD 
 13.0     1:43.480     1:43.480 2.57024E+07           0          4 JACU 
 12.5     1:40.021     1:40.021 2.57024E+07           0          4 BLTS 
 12.2     1:37.375     1:37.375 2.57024E+07           0          4 BUTS 
  8.7     1:09.528     1:09.528          16           0    4345508 MPI_Finalize() 
  4.8        2,588       38,304 2.57024E+06 3.85536E+06         15 EXCHANGE_1 
  4.2       33,419       33,419 1.92768E+06           0         17 MPI_Recv() 
  3.2        7,834       25,342        8128       36576       3118 EXCHANGE_3 
  1.6        5,233       12,706          32  4.9152E+07     397077 SETIV 
  1.4       11,363       11,363       12228           0        929 MPI_Wait() 
  1.1        8,416        8,416 1.93991E+06           0          4 MPI_Send() 
  1.0        8,186        8,186 5.35629E+07           0          0 EXACT 
  0.9        0.691        6,942          16          48     433881 INIT_COMM 
  0.9        6,941        6,941          16           0     433837 MPI_Init() 
  0.2        1,009        1,601          16          32     100108 ERHS 
  0.1          460        1,136          16 4.09602E+06      71008 ERROR 
  0.0           97          225          64          64       3519 L2NORM 
  0.0          212          212         160           0       1330 MPI_Allreduce() 
  0.0           34          124          32      314928       3891 SETBV 
  0.0           33           33          16           0       2076 ALLOC_SPACE 
  0.0           25           25       12228           0          2 MPI_Irecv() 
  0.0        0.447            9          16          17        607 READ_INPUT 
  0.0         0.15            9          16         160        579 BCAST_INPUTS 
  0.0            9            9         160           0         57 MPI_Bcast() 
  0.0            3            5          16          80        335 PINTGR 
  0.0        0.712        0.712          32           0         22 MPI_Barrier() 
  0.0        0.047        0.357          16          72         22 EXCHANGE_4 
  0.0        0.206        0.206           1           0        206 VERIFY 
  0.0        0.013        0.071           8          18          9 EXCHANGE_5 
  0.0        0.009        0.058           8          18          7 EXCHANGE_6 
  0.0        0.031        0.031          16          16          2 PROC_GRID 
  0.0        0.014        0.014          16           0          1 SETCOEFF 
  0.0        0.012        0.012          16           0          1 NEIGHBORS 
  0.0        0.008        0.008          16           0          0 MPI_Comm_size() 
  0.0        0.007        0.007          16           0          0 SUBDOMAIN 
  0.0        0.004        0.004          16           0          0 MPI_Comm_rank() 
  0.0            0            0          16           0          0 ISQRT2 
  0.0            0            0           1           0          0 SET_CLASS 

FUNCTION SUMMARY (mean):
---------------------------------------------------------------------------------------
%Time    Exclusive    Inclusive       #Call      #Subrs  Inclusive Name
              msec   total msec                          usec/call 
---------------------------------------------------------------------------------------
100.0      0.00487       49,909           1           1   49909952 .TAU application
100.0       0.0723       49,909           1     17.0625   49909947 APPLU 
 88.5        2,016       44,154           2  6.5865E+06   22077199 SSOR 
 28.9       12,862       14,409         253         506      56953 RHS 
 13.1        6,513        6,513  1.6064E+06           0          4 JACLD 
 13.0        6,467        6,467  1.6064E+06           0          4 JACU 
 12.5        6,251        6,251  1.6064E+06           0          4 BLTS 
 12.2        6,085        6,085  1.6064E+06           0          4 BUTS 
  8.7        4,345        4,345           1           0    4345508 MPI_Finalize() 
  4.8          161        2,394      160640      240960         15 EXCHANGE_1 
  4.2        2,088        2,088      120480           0         17 MPI_Recv() 
  3.2          489        1,583         508        2286       3118 EXCHANGE_3 
  1.6          327          794           2   3.072E+06     397077 SETIV 
  1.4          710          710      764.25           0        929 MPI_Wait() 
  1.1          526          526      121244           0          4 MPI_Send() 
  1.0          511          511 3.34768E+06           0          0 EXACT 
  0.9       0.0432          433           1           3     433881 INIT_COMM 
  0.9          433          433           1           0     433837 MPI_Init() 
  0.2           63          100           1           2     100108 ERHS 
  0.1           28           71           1      256001      71008 ERROR 
  0.0            6           14           4           4       3519 L2NORM 
  0.0           13           13          10           0       1330 MPI_Allreduce() 
  0.0            2            7           2       19683       3891 SETBV 
  0.0            2            2           1           0       2076 ALLOC_SPACE 
  0.0            1            1      764.25           0          2 MPI_Irecv() 
  0.0       0.0279        0.607           1      1.0625        607 READ_INPUT 
  0.0      0.00937        0.579           1          10        579 BCAST_INPUTS 
  0.0         0.57         0.57          10           0         57 MPI_Bcast() 
  0.0        0.188        0.335           1           5        335 PINTGR 
  0.0       0.0445       0.0445           2           0         22 MPI_Barrier() 
  0.0      0.00294       0.0223           1         4.5         22 EXCHANGE_4 
  0.0       0.0129       0.0129      0.0625           0        206 VERIFY 
  0.0     0.000812      0.00444         0.5       1.125          9 EXCHANGE_5 
  0.0     0.000562      0.00363         0.5       1.125          7 EXCHANGE_6 
  0.0      0.00194      0.00194           1           1          2 PROC_GRID 
  0.0     0.000875     0.000875           1           0          1 SETCOEFF 
  0.0      0.00075      0.00075           1           0          1 NEIGHBORS 
  0.0       0.0005       0.0005           1           0          0 MPI_Comm_size() 
  0.0     0.000438     0.000438           1           0          0 SUBDOMAIN 
  0.0      0.00025      0.00025           1           0          0 MPI_Comm_rank() 
  0.0            0            0           1           0          0 ISQRT2 
  0.0            0            0      0.0625           0          0 SET_CLASS 
