Reading Profile files in profile.*

FUNCTION SUMMARY (total):
---------------------------------------------------------------------------------------
%Time    Exclusive    Inclusive       #Call      #Subrs  Inclusive Name
              msec   total msec                          usec/call 
---------------------------------------------------------------------------------------
100.0         0.12  2:52:39.372          16          16  647460812 .TAU application
100.0        2,892  2:52:39.372          16       11440  647460804 CG 
 96.7  2:39:32.801  2:46:57.984        1616      882336    6199248 CONJ_GRAD 
  3.1     5:24.553     5:24.553      297344           0       1092 MPI_Send() 
  2.6       23,758     4:26.891          16     4.8E+07   16680715 MAKEA 
  1.9     1:49.114     3:16.477     2.4E+07 7.04756E+08          8 SPRNVC 
  1.2     2:00.233     2:00.233      297344           0        404 MPI_Wait() 
  0.8     1:27.362     1:27.362 7.04756E+08           0          0 ICNVRT 
  0.6     1:04.203     1:04.203          16           0    4012708 MPI_Finalize() 
  0.4       43,135       43,135          16           0    2695975 SPARSE 
  0.1            1        7,160          16          64     447510 INITIALIZE_MPI 
  0.1        7,151        7,151          16           0     446966 MPI_Init() 
  0.0        3,519        3,519     2.4E+07           0          0 VECSET 
  0.0          529          529      297344           0          2 MPI_Irecv() 
  0.0          100          100          16           0       6308 ALLOC_SPACE 
  0.0            7            7          16           0        476 MPI_Bcast() 
  0.0            4            4          16           0        294 MPI_Barrier() 
  0.0            1            1          16           0         93 MPI_Reduce() 
  0.0        0.008        0.008          16           0          0 SETUP_SUBMATRIX_INFO 
  0.0        0.006        0.006          16           0          0 MPI_Comm_size() 
  0.0        0.004        0.004          16           0          0 MPI_Comm_rank() 
  0.0        0.002        0.002          16           0          0 SETUP_PROC_INFO 

FUNCTION SUMMARY (mean):
---------------------------------------------------------------------------------------
%Time    Exclusive    Inclusive       #Call      #Subrs  Inclusive Name
              msec   total msec                          usec/call 
---------------------------------------------------------------------------------------
100.0       0.0075    10:47.460           1           1  647460812 .TAU application
100.0          180    10:47.460           1         715  647460804 CG 
 96.7     9:58.300    10:26.124         101       55146    6199248 CONJ_GRAD 
  3.1       20,284       20,284       18584           0       1092 MPI_Send() 
  2.6        1,484       16,680           1       3E+06   16680715 MAKEA 
  1.9        6,819       12,279     1.5E+06 4.40472E+07          8 SPRNVC 
  1.2        7,514        7,514       18584           0        404 MPI_Wait() 
  0.8        5,460        5,460 4.40472E+07           0          0 ICNVRT 
  0.6        4,012        4,012           1           0    4012708 MPI_Finalize() 
  0.4        2,695        2,695           1           0    2695975 SPARSE 
  0.1       0.0674          447           1           4     447510 INITIALIZE_MPI 
  0.1          446          446           1           0     446966 MPI_Init() 
  0.0          219          219     1.5E+06           0          0 VECSET 
  0.0           33           33       18584           0          2 MPI_Irecv() 
  0.0            6            6           1           0       6308 ALLOC_SPACE 
  0.0        0.476        0.476           1           0        476 MPI_Bcast() 
  0.0        0.294        0.294           1           0        294 MPI_Barrier() 
  0.0       0.0929       0.0929           1           0         93 MPI_Reduce() 
  0.0       0.0005       0.0005           1           0          0 SETUP_SUBMATRIX_INFO 
  0.0     0.000375     0.000375           1           0          0 MPI_Comm_size() 
  0.0      0.00025      0.00025           1           0          0 MPI_Comm_rank() 
  0.0     0.000125     0.000125           1           0          0 SETUP_PROC_INFO 
