Reading Profile files in profile.*

FUNCTION SUMMARY (total):
---------------------------------------------------------------------------------------
%Time    Exclusive    Inclusive       #Call      #Subrs  Inclusive Name
              msec   total msec                          usec/call 
---------------------------------------------------------------------------------------
100.0        0.044     5:54.287           9           9   39365304 .TAU application
100.0            7     5:54.287           9        3772   39365300 MPSP 
 78.2           19     4:37.196        3609       21654      76807 ADI 
 22.1        7,235     1:18.393        3618       50652      21668 COPY_FACES 
 21.4       24,750     1:15.898        3609       64962      21030 Z_SOLVE 
 19.4     1:08.817     1:08.817           9           0    7646344 MPI_Finalize() 
 19.3     1:08.489     1:08.489        3618           0      18930 COMPUTE_RHS 
 15.2       32,211       53,980        3609       64962      14957 X_SOLVE 
 15.2       28,084       53,890        3609       64962      14932 Y_SOLVE 
 11.6       41,080       41,080       10827           0       3794 LHSZ 
  6.0       21,324       21,324       10827           0       1970 LHSY 
  4.9       17,515       17,515       10827           0       1618 LHSX 
  3.6       12,686       12,686       46926           0        270 MPI_Waitall() 
  2.3        8,171        8,171        3609           0       2264 TXINVR 
  2.0        7,034        7,034        3609           0       1949 ADD 
  1.8        6,297        6,297       10827           0        582 TZETAR 
  1.0        0.213        3,565           9          45     396166 SETUP_MPI 
  1.0        3,562        3,562           9           0     395834 MPI_Init() 
  0.9        1,397        3,203          18 1.28593E+07     177990 INITIALIZE 
  0.7        2,420        2,420 1.72206E+07           0          0 EXACT_SOLUTION 
  0.3        1,026        1,026       10827           0         95 PINVR 
  0.3        1,011        1,011       10827           0         93 NINVR 
  0.3          461          925           9     3.3E+06     102797 EXACT_RHS 
  0.1        0.288          481           9          27      53551 VERIFY 
  0.1          347          347       65016           0          5 MPI_Isend() 
  0.1          121          282           9 1.06122E+06      31361 ERROR_NORM 
  0.0          102          102       65016           0          2 MPI_Irecv() 
  0.0           41           41           9           0       4615 LHSINIT 
  0.0           30           30           9           0       3434 ALLOC_SPACE 
  0.0           13           13          18           0        764 MPI_Barrier() 
  0.0           13           13          18           0        752 MPI_Allreduce() 
  0.0            4            7           9           9        826 RHS_NORM 
  0.0            3            3          36           0        107 MPI_Bcast() 
  0.0            2            2          18           0        154 MPI_Comm_dup() 
  0.0        0.193        0.193           9           0         21 MPI_Reduce() 
  0.0        0.013        0.013           9           0          1 SET_CONSTANTS 
  0.0        0.008        0.008           9           0          1 COMPUTE_BUFFER_SIZE 
  0.0        0.008        0.008           9           0          1 MAKE_SET 
  0.0        0.003        0.003           9           0          0 MPI_Comm_rank() 
  0.0        0.001        0.001           9           0          0 MPI_Comm_size() 
  0.0        0.001        0.001           1           0          1 SET_CLASS 

FUNCTION SUMMARY (mean):
---------------------------------------------------------------------------------------
%Time    Exclusive    Inclusive       #Call      #Subrs  Inclusive Name
              msec   total msec                          usec/call 
---------------------------------------------------------------------------------------
100.0      0.00489       39,365           1           1   39365304 .TAU application
100.0        0.826       39,365           1     419.111   39365300 MPSP 
 78.2            2       30,799         401        2406      76807 ADI 
 22.1          803        8,710         402        5628      21668 COPY_FACES 
 21.4        2,750        8,433         401        7218      21030 Z_SOLVE 
 19.4        7,646        7,646           1           0    7646344 MPI_Finalize() 
 19.3        7,609        7,609         402           0      18930 COMPUTE_RHS 
 15.2        3,579        5,997         401        7218      14957 X_SOLVE 
 15.2        3,120        5,987         401        7218      14932 Y_SOLVE 
 11.6        4,564        4,564        1203           0       3794 LHSZ 
  6.0        2,369        2,369        1203           0       1970 LHSY 
  4.9        1,946        1,946        1203           0       1618 LHSX 
  3.6        1,409        1,409        5214           0        270 MPI_Waitall() 
  2.3          907          907         401           0       2264 TXINVR 
  2.0          781          781         401           0       1949 ADD 
  1.8          699          699        1203           0        582 TZETAR 
  1.0       0.0237          396           1           5     396166 SETUP_MPI 
  1.0          395          395           1           0     395834 MPI_Init() 
  0.9          155          355           2 1.42882E+06     177990 INITIALIZE 
  0.7          268          268 1.91339E+06           0          0 EXACT_SOLUTION 
  0.3          114          114        1203           0         95 PINVR 
  0.3          112          112        1203           0         93 NINVR 
  0.3           51          102           1      366667     102797 EXACT_RHS 
  0.1        0.032           53           1           3      53551 VERIFY 
  0.1           38           38        7224           0          5 MPI_Isend() 
  0.1           13           31           1      117913      31361 ERROR_NORM 
  0.0           11           11        7224           0          2 MPI_Irecv() 
  0.0            4            4           1           0       4615 LHSINIT 
  0.0            3            3           1           0       3434 ALLOC_SPACE 
  0.0            1            1           2           0        764 MPI_Barrier() 
  0.0            1            1           2           0        752 MPI_Allreduce() 
  0.0        0.523        0.826           1           1        826 RHS_NORM 
  0.0        0.427        0.427           4           0        107 MPI_Bcast() 
  0.0        0.308        0.308           2           0        154 MPI_Comm_dup() 
  0.0       0.0214       0.0214           1           0         21 MPI_Reduce() 
  0.0      0.00144      0.00144           1           0          1 SET_CONSTANTS 
  0.0     0.000889     0.000889           1           0          1 COMPUTE_BUFFER_SIZE 
  0.0     0.000889     0.000889           1           0          1 MAKE_SET 
  0.0     0.000333     0.000333           1           0          0 MPI_Comm_rank() 
  0.0     0.000111     0.000111           1           0          0 MPI_Comm_size() 
  0.0     0.000111     0.000111    0.111111           0          1 SET_CLASS 
