Reading Profile files in profile.*

FUNCTION SUMMARY (total):
---------------------------------------------------------------------------------------
%Time    Exclusive    Inclusive       #Call      #Subrs  Inclusive Name
              msec   total msec                          usec/call 
---------------------------------------------------------------------------------------
100.0        0.583 11:01:24.156         121         121  327968235 .TAU application
100.0          122 11:01:24.155         121       62800  327968230 MPSP 
 98.9          599 10:53:53.758       60621      363726     647197 ADI 
 28.1    14:36.468  3:05:51.994       60742      850388     183596 COPY_FACES 
 23.4  2:34:57.630  2:34:57.630       60742           0     153068 COMPUTE_RHS 
 23.4  1:00:40.204  2:34:56.495       60621 4.97092E+06     153354 X_SOLVE 
 22.9    33:41.153  2:31:42.611       60621 4.97092E+06     150156 Z_SOLVE 
 22.1  2:26:17.512  2:26:17.512   3.698E+06           0       2374 MPI_Waitall() 
 20.4    44:18.645  2:15:06.859       60621 4.97092E+06     133730 Y_SOLVE 
 11.6  1:16:31.672  1:16:31.672      666831           0       6886 LHSZ 
  6.6    43:47.091    43:47.091      666831           0       3940 LHSY 
  5.2    34:42.589    34:42.589      666831           0       3123 LHSX 
  2.0    13:25.882    13:25.882       60621           0      13294 TXINVR 
  2.0    13:11.790    13:11.790       60621           0      13061 ADD 
  1.5     9:52.096     9:52.096      666831           0        888 TZETAR 
  0.5     1:31.194     3:27.565         242 8.17005E+08     857708 INITIALIZE 
  0.5     3:05.658     3:05.658      666831           0        278 NINVR 
  0.4     2:37.011     2:37.011 1.10646E+09           0          0 EXACT_SOLUTION 
  0.4     2:22.530     2:22.530      666831           0        214 PINVR 
  0.2     1:31.243     1:31.243 4.00171E+06           0         23 MPI_Irecv() 
  0.2     1:13.463     1:13.463 4.00171E+06           0         18 MPI_Isend() 
  0.2       32,327     1:03.442         121  2.2154E+08     524317 EXACT_RHS 
  0.2     1:02.373     1:02.373         121           0     515486 MPI_Finalize() 
  0.2            3     1:00.560         121         605     500496 SETUP_MPI 
  0.2     1:00.404     1:00.404         121           0     499210 MPI_Init() 
  0.1            3       44,833         121         363     370523 VERIFY 
  0.1        7,649       20,268         121 6.79174E+07     167511 ERROR_NORM 
  0.0        7,521        7,521         242           0      31082 MPI_Barrier() 
  0.0        4,675        4,675         242           0      19319 MPI_Allreduce() 
  0.0        2,801        2,801         121           0      23152 LHSINIT 
  0.0          505        2,086         121         121      17243 RHS_NORM 
  0.0        1,064        1,064         121           0       8796 ALLOC_SPACE 
  0.0          152          152         242           0        629 MPI_Comm_dup() 
  0.0          109          109         484           0        227 MPI_Bcast() 
  0.0            1            1         121           0         16 MPI_Reduce() 
  0.0        0.294        0.294         121           0          2 SET_CONSTANTS 
  0.0        0.275        0.275         121           0          2 MAKE_SET 
  0.0        0.099        0.099         121           0          1 COMPUTE_BUFFER_SIZE 
  0.0        0.051        0.051         121           0          0 MPI_Comm_size() 
  0.0        0.031        0.031         121           0          0 MPI_Comm_rank() 
  0.0        0.001        0.001           1           0          1 SET_CLASS 

FUNCTION SUMMARY (mean):
---------------------------------------------------------------------------------------
%Time    Exclusive    Inclusive       #Call      #Subrs  Inclusive Name
              msec   total msec                          usec/call 
---------------------------------------------------------------------------------------
100.0      0.00482     5:27.968           1           1  327968235 .TAU application
100.0            1     5:27.968           1     519.008  327968230 MPSP 
 98.9            4     5:24.245         501        3006     647197 ADI 
 28.1        7,243     1:32.165         502        7028     183596 COPY_FACES 
 23.4     1:16.839     1:16.839         502           0     153068 COMPUTE_RHS 
 23.4       30,084     1:16.830         501       41082     153354 X_SOLVE 
 22.9       16,703     1:15.228         501       41082     150156 Z_SOLVE 
 22.1     1:12.541     1:12.541       30562           0       2374 MPI_Waitall() 
 20.4       21,972     1:06.998         501       41082     133730 Y_SOLVE 
 11.6       37,947       37,947        5511           0       6886 LHSZ 
  6.6       21,711       21,711        5511           0       3940 LHSY 
  5.2       17,211       17,211        5511           0       3123 LHSX 
  2.0        6,660        6,660         501           0      13294 TXINVR 
  2.0        6,543        6,543         501           0      13061 ADD 
  1.5        4,893        4,893        5511           0        888 TZETAR 
  0.5          753        1,715           2 6.75211E+06     857708 INITIALIZE 
  0.5        1,534        1,534        5511           0        278 NINVR 
  0.4        1,297        1,297 9.14432E+06           0          0 EXACT_SOLUTION 
  0.4        1,177        1,177        5511           0        214 PINVR 
  0.2          754          754       33072           0         23 MPI_Irecv() 
  0.2          607          607       33072           0         18 MPI_Isend() 
  0.2          267          524           1 1.83091E+06     524317 EXACT_RHS 
  0.2          515          515           1           0     515486 MPI_Finalize() 
  0.2       0.0273          500           1           5     500496 SETUP_MPI 
  0.2          499          499           1           0     499210 MPI_Init() 
  0.1        0.026          370           1           3     370523 VERIFY 
  0.1           63          167           1      561301     167511 ERROR_NORM 
  0.0           62           62           2           0      31082 MPI_Barrier() 
  0.0           38           38           2           0      19319 MPI_Allreduce() 
  0.0           23           23           1           0      23152 LHSINIT 
  0.0            4           17           1           1      17243 RHS_NORM 
  0.0            8            8           1           0       8796 ALLOC_SPACE 
  0.0            1            1           2           0        629 MPI_Comm_dup() 
  0.0        0.907        0.907           4           0        227 MPI_Bcast() 
  0.0       0.0155       0.0155           1           0         16 MPI_Reduce() 
  0.0      0.00243      0.00243           1           0          2 SET_CONSTANTS 
  0.0      0.00227      0.00227           1           0          2 MAKE_SET 
  0.0     0.000818     0.000818           1           0          1 COMPUTE_BUFFER_SIZE 
  0.0     0.000421     0.000421           1           0          0 MPI_Comm_size() 
  0.0     0.000256     0.000256           1           0          0 MPI_Comm_rank() 
  0.0     8.26E-06     8.26E-06  0.00826446           0          1 SET_CLASS 
