Reading Profile files in profile.*

FUNCTION SUMMARY (total):
---------------------------------------------------------------------------------------
%Time    Exclusive    Inclusive       #Call      #Subrs  Inclusive Name
              msec   total msec                          usec/call 
---------------------------------------------------------------------------------------
100.0        0.015       17,641           2           2    8820519 .TAU application
100.0            1       17,641           2         138    8820512 MG_MPI 
 62.6       11,039       11,039           2           0    5519999 MPI_Finalize() 
 23.4        0.891        4,134          42        1512      98445 MG3P 
 16.3        2,552        2,877         340         340       8462 RESID 
  7.9        1,180        1,401         336         336       4170 PSINV 
  4.2          740          740           2           0     370286 MPI_Init() 
  4.0          584          709         294         294       2415 RPRJ3 
  3.9            2          681         974       17532        700 COMM3 
  2.7          473          474         294         294       1612 INTERP 
  1.9          339          341        5844        5844         58 READY 
  1.3          144          231        5844        5844         40 GIVE3 
  1.1          125          194           4        1338      48563 ZRAN3 
  1.0          171          171         302           0        568 ZERO3 
  0.6          102          105        5844        5844         18 TAKE3 
  0.5           87           87        5844           0         15 MPI_Send() 
  0.5           80           82           8          16      10331 NORM2U3 
  0.0            2            2        5844           0          0 MPI_Wait() 
  0.0            2            2           2           0       1376 ALLOC_SPACE 
  0.0            2            2        5844           0          0 MPI_Irecv() 
  0.0            2            2         176           0         13 MPI_Allreduce() 
  0.0            1            1          12           0        107 MPI_Barrier() 
  0.0        0.631        0.631          14           0         45 MPI_Bcast() 
  0.0        0.202        0.202        1150           0          0 BUBBLE 
  0.0        0.097        0.097         294           0          0 COMM3_EX 
  0.0        0.017        0.017           2           0          8 MPI_Reduce() 
  0.0        0.006        0.006           4           0          2 SETUP 
  0.0        0.004        0.004          12           0          0 POWER 
  0.0        0.002        0.002           2           0          1 MPI_Comm_rank() 
  0.0            0            0           2           0          0 MPI_Comm_size() 

FUNCTION SUMMARY (mean):
---------------------------------------------------------------------------------------
%Time    Exclusive    Inclusive       #Call      #Subrs  Inclusive Name
              msec   total msec                          usec/call 
---------------------------------------------------------------------------------------
100.0       0.0075        8,820           1           1    8820519 .TAU application
100.0        0.674        8,820           1          69    8820512 MG_MPI 
 62.6        5,519        5,519           1           0    5519999 MPI_Finalize() 
 23.4        0.446        2,067          21         756      98445 MG3P 
 16.3        1,276        1,438         170         170       8462 RESID 
  7.9          590          700         168         168       4170 PSINV 
  4.2          370          370           1           0     370286 MPI_Init() 
  4.0          292          354         147         147       2415 RPRJ3 
  3.9            1          340         487        8766        700 COMM3 
  2.7          236          237         147         147       1612 INTERP 
  1.9          169          170        2922        2922         58 READY 
  1.3           72          115        2922        2922         40 GIVE3 
  1.1           62           97           2         669      48563 ZRAN3 
  1.0           85           85         151           0        568 ZERO3 
  0.6           51           52        2922        2922         18 TAKE3 
  0.5           43           43        2922           0         15 MPI_Send() 
  0.5           40           41           4           8      10331 NORM2U3 
  0.0            1            1        2922           0          0 MPI_Wait() 
  0.0            1            1           1           0       1376 ALLOC_SPACE 
  0.0            1            1        2922           0          0 MPI_Irecv() 
  0.0            1            1          88           0         13 MPI_Allreduce() 
  0.0        0.642        0.642           6           0        107 MPI_Barrier() 
  0.0        0.316        0.316           7           0         45 MPI_Bcast() 
  0.0        0.101        0.101         575           0          0 BUBBLE 
  0.0       0.0485       0.0485         147           0          0 COMM3_EX 
  0.0       0.0085       0.0085           1           0          8 MPI_Reduce() 
  0.0        0.003        0.003           2           0          2 SETUP 
  0.0        0.002        0.002           6           0          0 POWER 
  0.0        0.001        0.001           1           0          1 MPI_Comm_rank() 
  0.0            0            0           1           0          0 MPI_Comm_size() 
