Reading Profile files in profile.*

FUNCTION SUMMARY (total):
---------------------------------------------------------------------------------------
%Time    Exclusive    Inclusive       #Call      #Subrs  Inclusive Name
              msec   total msec                          usec/call 
---------------------------------------------------------------------------------------
100.0        0.072       35,981           4           4    8995259 .TAU application
100.0        0.904       35,980           4         243    8995241 MG_MPI 
 95.8       34,455       34,455           4           0    8613883 MPI_Finalize() 
  4.2        1,511        1,511           4           0     377929 MPI_Init() 
  0.0        0.903            5         208        3744         28 COMM3 
  0.0        0.141            4          24         264        197 MG3P 
  0.0        0.402            2           8        1242        335 ZRAN3 
  0.0            2            2          28           0         93 MPI_Bcast() 
  0.0        0.105            2          80          80         29 RESID 
  0.0        0.677            2        1248        1248          2 TAKE3 
  0.0         0.07            1          72          72         26 PSINV 
  0.0            1            1         352           0          4 MPI_Allreduce() 
  0.0        0.668            1        1248        1248          1 GIVE3 
  0.0            1            1        1248           0          1 MPI_Wait() 
  0.0        0.026            1          48          48         27 RPRJ3 
  0.0        0.765            1        1248        1248          1 READY 
  0.0         0.87         0.87        1248           0          1 MPI_Send() 
  0.0        0.699        0.699          24           0         29 MPI_Barrier() 
  0.0        0.544        0.544           1           0        544 CHECK_TIMER_FLAG 
  0.0        0.498        0.498        1248           0          0 MPI_Irecv() 
  0.0        0.023        0.172          16          32         11 NORM2U3 
  0.0        0.135        0.135         570           0          0 BUBBLE 
  0.0        0.125        0.128           4           8         32 GET_ACTIVE_NPROCS 
  0.0        0.123        0.123           1           0        123 PRINT_RESULTS 
  0.0        0.105        0.116          48          48          2 INTERP 
  0.0        0.054        0.088          24         160          4 POWER 
  0.0        0.079        0.079           8           0         10 TIMER_START 
  0.0        0.056        0.056         328           0          0 RANDLC 
  0.0        0.051        0.051         128           0          0 VRANLC 
  0.0        0.044        0.044           4           0         11 MPI_Reduce() 
  0.0        0.035        0.035          64           0          1 ZERO3 
  0.0        0.028        0.028           4           0          7 ALLOC_SPACE 
  0.0         0.02         0.02           8           0          2 SETUP 
  0.0        0.013        0.013          68           0          0 TIMER_CLEAR 
  0.0        0.011        0.011          48           0          0 COMM3_EX 
  0.0        0.005        0.005           8           0          1 TIMER_STOP 
  0.0        0.002        0.002           4           0          0 MPI_Comm_rank() 
  0.0        0.001        0.001           4           0          0 MPI_Comm_size() 
  0.0        0.001        0.001           5           0          0 TIMER_READ 

FUNCTION SUMMARY (mean):
---------------------------------------------------------------------------------------
%Time    Exclusive    Inclusive       #Call      #Subrs  Inclusive Name
              msec   total msec                          usec/call 
---------------------------------------------------------------------------------------
100.0        0.018        8,995           1           1    8995259 .TAU application
100.0        0.226        8,995           1       60.75    8995241 MG_MPI 
 95.8        8,613        8,613           1           0    8613883 MPI_Finalize() 
  4.2          377          377           1           0     377929 MPI_Init() 
  0.0        0.226            1          52         936         28 COMM3 
  0.0       0.0352            1           6          66        197 MG3P 
  0.0        0.101        0.669           2       310.5        335 ZRAN3 
  0.0         0.65         0.65           7           0         93 MPI_Bcast() 
  0.0       0.0262        0.585          20          20         29 RESID 
  0.0        0.169        0.509         312         312          2 TAKE3 
  0.0       0.0175        0.464          18          18         26 PSINV 
  0.0        0.393        0.393          88           0          4 MPI_Allreduce() 
  0.0        0.167        0.385         312         312          1 GIVE3 
  0.0         0.34         0.34         312           0          1 MPI_Wait() 
  0.0       0.0065        0.327          12          12         27 RPRJ3 
  0.0        0.191        0.316         312         312          1 READY 
  0.0        0.217        0.217         312           0          1 MPI_Send() 
  0.0        0.175        0.175           6           0         29 MPI_Barrier() 
  0.0        0.136        0.136        0.25           0        544 CHECK_TIMER_FLAG 
  0.0        0.124        0.124         312           0          0 MPI_Irecv() 
  0.0      0.00575        0.043           4           8         11 NORM2U3 
  0.0       0.0338       0.0338       142.5           0          0 BUBBLE 
  0.0       0.0312        0.032           1           2         32 GET_ACTIVE_NPROCS 
  0.0       0.0307       0.0307        0.25           0        123 PRINT_RESULTS 
  0.0       0.0262        0.029          12          12          2 INTERP 
  0.0       0.0135        0.022           6          40          4 POWER 
  0.0       0.0198       0.0198           2           0         10 TIMER_START 
  0.0        0.014        0.014          82           0          0 RANDLC 
  0.0       0.0127       0.0127          32           0          0 VRANLC 
  0.0        0.011        0.011           1           0         11 MPI_Reduce() 
  0.0      0.00875      0.00875          16           0          1 ZERO3 
  0.0        0.007        0.007           1           0          7 ALLOC_SPACE 
  0.0        0.005        0.005           2           0          2 SETUP 
  0.0      0.00325      0.00325          17           0          0 TIMER_CLEAR 
  0.0      0.00275      0.00275          12           0          0 COMM3_EX 
  0.0      0.00125      0.00125           2           0          1 TIMER_STOP 
  0.0       0.0005       0.0005           1           0          0 MPI_Comm_rank() 
  0.0      0.00025      0.00025           1           0          0 MPI_Comm_size() 
  0.0      0.00025      0.00025        1.25           0          0 TIMER_READ 
