Reading Profile files in profile.*

FUNCTION SUMMARY (total):
---------------------------------------------------------------------------------------
%Time    Exclusive    Inclusive       #Call      #Subrs  Inclusive Name
              msec   total msec                          usec/call 
---------------------------------------------------------------------------------------
100.0        0.947    18:35.520         128         128    8715006 .TAU application
100.0           28    18:35.519         128       16512    8714998 MG_MPI 
 67.0          140    12:27.485        6528      300288     114505 MG3P 
 44.3     6:36.886     8:14.029       65536       65536       7538 RESID 
 22.0     3:06.276     4:05.129       65280       65280       3755 PSINV 
 18.0          477     3:20.463      189824 3.04229E+06       1056 COMM3 
 12.1     1:32.981     2:15.470       58752       58752       2306 RPRJ3 
  8.3     1:25.999     1:32.865       58752       58752       1581 INTERP 
  8.3       22,605     1:32.247 1.00675E+06 1.00675E+06         92 GIVE3 
  6.2     1:09.653     1:09.653  1.0296E+06           0         68 MPI_Send() 
  5.4       59,298       59,869  1.0296E+06  1.0296E+06         58 READY 
  5.3       59,574       59,574         128           0     465427 MPI_Finalize() 
  4.4       15,994       48,897 1.00675E+06 1.00675E+06         49 TAKE3 
  4.0       44,241       44,241         128           0     345637 MPI_Init() 
  3.5       38,678       38,678  1.0296E+06           0         38 MPI_Wait() 
  1.8        8,876       20,493         256       87080      80053 ZRAN3 
  1.7       18,485       18,485       81296           0        227 ZERO3 
  0.8        5,408        8,480         512        1024      16563 NORM2U3 
  0.6           28        6,866       58752       68544        117 COMM3_EX 
  0.5            9        5,784       22848       22848        253 TAKE3_EX 
  0.5        5,760        5,760         768           0       7501 MPI_Barrier() 
  0.3        3,220        3,220       11264           0        286 MPI_Allreduce() 
  0.1          570          570  1.0296E+06           0          1 MPI_Irecv() 
  0.0          206          206         128           0       1610 ALLOC_SPACE 
  0.0           90           90         896           0        101 MPI_Bcast() 
  0.0            9           21       22848       22848          1 GIVE3_EX 
  0.0           12           12       75048           0          0 BUBBLE 
  0.0            1            1         128           0         13 MPI_Reduce() 
  0.0        0.673        0.673         256           0          3 SETUP 
  0.0        0.417        0.417         768           0          1 POWER 
  0.0        0.059        0.059         128           0          0 MPI_Comm_size() 
  0.0        0.041        0.041         128           0          0 MPI_Comm_rank() 

FUNCTION SUMMARY (mean):
---------------------------------------------------------------------------------------
%Time    Exclusive    Inclusive       #Call      #Subrs  Inclusive Name
              msec   total msec                          usec/call 
---------------------------------------------------------------------------------------
100.0       0.0074        8,715           1           1    8715006 .TAU application
100.0        0.222        8,714           1         129    8714998 MG_MPI 
 67.0            1        5,839          51        2346     114505 MG3P 
 44.3        3,100        3,859         512         512       7538 RESID 
 22.0        1,455        1,915         510         510       3755 PSINV 
 18.0            3        1,566        1483     23767.9       1056 COMM3 
 12.1          726        1,058         459         459       2306 RPRJ3 
  8.3          671          725         459         459       1581 INTERP 
  8.3          176          720     7865.25     7865.25         92 GIVE3 
  6.2          544          544     8043.75           0         68 MPI_Send() 
  5.4          463          467     8043.75     8043.75         58 READY 
  5.3          465          465           1           0     465427 MPI_Finalize() 
  4.4          124          382     7865.25     7865.25         49 TAKE3 
  4.0          345          345           1           0     345637 MPI_Init() 
  3.5          302          302     8043.75           0         38 MPI_Wait() 
  1.8           69          160           2     680.312      80053 ZRAN3 
  1.7          144          144     635.125           0        227 ZERO3 
  0.8           42           66           4           8      16563 NORM2U3 
  0.6        0.219           53         459       535.5        117 COMM3_EX 
  0.5       0.0711           45       178.5       178.5        253 TAKE3_EX 
  0.5           45           45           6           0       7501 MPI_Barrier() 
  0.3           25           25          88           0        286 MPI_Allreduce() 
  0.1            4            4     8043.75           0          1 MPI_Irecv() 
  0.0            1            1           1           0       1610 ALLOC_SPACE 
  0.0        0.707        0.707           7           0        101 MPI_Bcast() 
  0.0       0.0726        0.166       178.5       178.5          1 GIVE3_EX 
  0.0          0.1          0.1     586.312           0          0 BUBBLE 
  0.0       0.0131       0.0131           1           0         13 MPI_Reduce() 
  0.0      0.00526      0.00526           2           0          3 SETUP 
  0.0      0.00326      0.00326           6           0          1 POWER 
  0.0     0.000461     0.000461           1           0          0 MPI_Comm_size() 
  0.0      0.00032      0.00032           1           0          0 MPI_Comm_rank() 
