Reading Profile files in profile.*

FUNCTION SUMMARY (total):
---------------------------------------------------------------------------------------
%Time    Exclusive    Inclusive       #Call      #Subrs  Inclusive Name
              msec   total msec                          usec/call 
---------------------------------------------------------------------------------------
100.0        0.007       54,785           1           1   54785489 .TAU application
100.0            1       54,785           1         420   54785482 MPSP 
 79.7            1       43,662         401        2406     108885 ADI 
 21.6        0.495       11,820         402         402      29404 COPY_FACES 
 21.6       11,819       11,819         402           0      29402 COMPUTE_RHS 
 21.0        3,686       11,498         401         802      28674 Z_SOLVE 
 19.2        3,549       10,520         401         802      26236 Y_SOLVE 
 17.3        9,469        9,469           1           0    9469348 MPI_Finalize() 
 15.5        5,341        8,485         401         802      21161 X_SOLVE 
 12.7        6,971        6,971         401           0      17386 LHSZ 
 12.3        6,723        6,723         401           0      16766 LHSY 
  5.3        2,892        2,892         401           0       7213 LHSX 
  1.5          839          839         401           0       2093 TZETAR 
  1.4          343          792           2 3.19488E+06     396236 INITIALIZE 
  1.4          758          758         401           0       1892 TXINVR 
  1.1          607          607         401           0       1515 ADD 
  1.1          589          589 4.19507E+06           0          0 EXACT_SOLUTION 
  1.0        0.032          539           1           5     539609 SETUP_MPI 
  1.0          539          539           1           0     539489 MPI_Init() 
  0.5          252          252         401           0        629 NINVR 
  0.5          247          247         401           0        618 PINVR 
  0.4          106          209           1      738048     209321 EXACT_RHS 
  0.2        0.155           95           1           3      95944 VERIFY 
  0.1           28           65           1      262145      65706 ERROR_NORM 
  0.0            9            9           1           0       9552 LHSINIT 
  0.0            4            4           1           0       4765 ALLOC_SPACE 
  0.0        0.445        0.447           1           1        447 RHS_NORM 
  0.0        0.087        0.087           2           0         44 MPI_Comm_dup() 
  0.0        0.017        0.017           2           0          8 MPI_Allreduce() 
  0.0        0.006        0.006           1           0          6 MPI_Reduce() 
  0.0        0.005        0.005           4           0          1 MPI_Bcast() 
  0.0        0.004        0.004           2           0          2 MPI_Barrier() 
  0.0        0.001        0.001           1           0          1 COMPUTE_BUFFER_SIZE 
  0.0        0.001        0.001           1           0          1 MAKE_SET 
  0.0        0.001        0.001           1           0          1 MPI_Comm_size() 
  0.0        0.001        0.001           1           0          1 SET_CLASS 
  0.0        0.001        0.001           1           0          1 SET_CONSTANTS 
  0.0            0            0           1           0          0 MPI_Comm_rank() 

FUNCTION SUMMARY (mean):
---------------------------------------------------------------------------------------
%Time    Exclusive    Inclusive       #Call      #Subrs  Inclusive Name
              msec   total msec                          usec/call 
---------------------------------------------------------------------------------------
100.0        0.007       54,785           1           1   54785489 .TAU application
100.0            1       54,785           1         420   54785482 MPSP 
 79.7            1       43,662         401        2406     108885 ADI 
 21.6        0.495       11,820         402         402      29404 COPY_FACES 
 21.6       11,819       11,819         402           0      29402 COMPUTE_RHS 
 21.0        3,686       11,498         401         802      28674 Z_SOLVE 
 19.2        3,549       10,520         401         802      26236 Y_SOLVE 
 17.3        9,469        9,469           1           0    9469348 MPI_Finalize() 
 15.5        5,341        8,485         401         802      21161 X_SOLVE 
 12.7        6,971        6,971         401           0      17386 LHSZ 
 12.3        6,723        6,723         401           0      16766 LHSY 
  5.3        2,892        2,892         401           0       7213 LHSX 
  1.5          839          839         401           0       2093 TZETAR 
  1.4          343          792           2 3.19488E+06     396236 INITIALIZE 
  1.4          758          758         401           0       1892 TXINVR 
  1.1          607          607         401           0       1515 ADD 
  1.1          589          589 4.19507E+06           0          0 EXACT_SOLUTION 
  1.0        0.032          539           1           5     539609 SETUP_MPI 
  1.0          539          539           1           0     539489 MPI_Init() 
  0.5          252          252         401           0        629 NINVR 
  0.5          247          247         401           0        618 PINVR 
  0.4          106          209           1      738048     209321 EXACT_RHS 
  0.2        0.155           95           1           3      95944 VERIFY 
  0.1           28           65           1      262145      65706 ERROR_NORM 
  0.0            9            9           1           0       9552 LHSINIT 
  0.0            4            4           1           0       4765 ALLOC_SPACE 
  0.0        0.445        0.447           1           1        447 RHS_NORM 
  0.0        0.087        0.087           2           0         44 MPI_Comm_dup() 
  0.0        0.017        0.017           2           0          8 MPI_Allreduce() 
  0.0        0.006        0.006           1           0          6 MPI_Reduce() 
  0.0        0.005        0.005           4           0          1 MPI_Bcast() 
  0.0        0.004        0.004           2           0          2 MPI_Barrier() 
  0.0        0.001        0.001           1           0          1 COMPUTE_BUFFER_SIZE 
  0.0        0.001        0.001           1           0          1 MAKE_SET 
  0.0        0.001        0.001           1           0          1 MPI_Comm_size() 
  0.0        0.001        0.001           1           0          1 SET_CLASS 
  0.0        0.001        0.001           1           0          1 SET_CONSTANTS 
  0.0            0            0           1           0          0 MPI_Comm_rank() 
