Reading Profile files in profile.*

FUNCTION SUMMARY (total):
---------------------------------------------------------------------------------------
%Time    Exclusive    Inclusive       #Call      #Subrs  Inclusive Name
              msec   total msec                          usec/call 
---------------------------------------------------------------------------------------
100.0         0.02    17:49.034           4           4  267258641 .TAU application
100.0            3    17:49.034           4        1677  267258636 MPSP 
 94.3           10    16:48.458        1604        9624     628715 ADI 
 25.3     1:19.891     4:30.946        1604       16040     168919 Z_SOLVE 
 25.1        5,310     4:28.761        1608       22512     167140 COPY_FACES 
 24.4     4:21.084     4:21.084        1608           0     162366 COMPUTE_RHS 
 22.5     1:19.220     4:00.323        1604       16040     149828 Y_SOLVE 
 17.7     1:50.542     3:09.552        1604       16040     118175 X_SOLVE 
 15.7     2:47.898     2:47.898        3208           0      52337 LHSZ 
 13.9     2:28.568     2:28.568        3208           0      46312 LHSY 
  6.2     1:06.417     1:06.417        3208           0      20704 LHSX 
  3.7       39,878       39,878           4           0    9969604 MPI_Finalize() 
  2.0       20,984       20,984        1604           0      13083 TXINVR 
  1.9       20,524       20,524        3208           0       6398 TZETAR 
  1.7       18,549       18,549        1604           0      11565 ADD 
  1.2        5,544       12,755           8 5.13333E+07    1594445 INITIALIZE 
  1.0       10,342       10,342        3208           0       3224 PINVR 
  0.9       10,030       10,030        3208           0       3127 NINVR 
  0.9        9,632        9,632       11232           0        858 MPI_Waitall() 
  0.9        9,591        9,591 6.83336E+07           0          0 EXACT_SOLUTION 
  0.4        1,964        3,755           4 1.27488E+07     938812 EXACT_RHS 
  0.2        0.128        2,233           4          20     558254 SETUP_MPI 
  0.2        2,231        2,231           4           0     557959 MPI_Init() 
  0.2        0.193        1,762           4          12     440521 VERIFY 
  0.1          480        1,071           4 4.25153E+06     267866 ERROR_NORM 
  0.0          159          159           4           0      39923 LHSINIT 
  0.0           97           97       19272           0          5 MPI_Isend() 
  0.0           23           23           4           0       5942 ALLOC_SPACE 
  0.0           22           22       19272           0          1 MPI_Irecv() 
  0.0           17           20           4           4       5104 RHS_NORM 
  0.0            5            5           8           0        636 MPI_Allreduce() 
  0.0            3            3           8           0        494 MPI_Barrier() 
  0.0            1            1          16           0         79 MPI_Bcast() 
  0.0            1            1           8           0        131 MPI_Comm_dup() 
  0.0        0.034        0.034           4           0          8 MPI_Reduce() 
  0.0        0.005        0.005           4           0          1 SET_CONSTANTS 
  0.0        0.004        0.004           4           0          1 MAKE_SET 
  0.0        0.003        0.003           4           0          1 MPI_Comm_size() 
  0.0        0.002        0.002           4           0          0 COMPUTE_BUFFER_SIZE 
  0.0            0            0           4           0          0 MPI_Comm_rank() 
  0.0            0            0           1           0          0 SET_CLASS 

FUNCTION SUMMARY (mean):
---------------------------------------------------------------------------------------
%Time    Exclusive    Inclusive       #Call      #Subrs  Inclusive Name
              msec   total msec                          usec/call 
---------------------------------------------------------------------------------------
100.0        0.005     4:27.258           1           1  267258641 .TAU application
100.0        0.774     4:27.258           1      419.25  267258636 MPSP 
 94.3            2     4:12.114         401        2406     628715 ADI 
 25.3       19,972     1:07.736         401        4010     168919 Z_SOLVE 
 25.1        1,327     1:07.190         402        5628     167140 COPY_FACES 
 24.4     1:05.271     1:05.271         402           0     162366 COMPUTE_RHS 
 22.5       19,805     1:00.080         401        4010     149828 Y_SOLVE 
 17.7       27,635       47,388         401        4010     118175 X_SOLVE 
 15.7       41,974       41,974         802           0      52337 LHSZ 
 13.9       37,142       37,142         802           0      46312 LHSY 
  6.2       16,604       16,604         802           0      20704 LHSX 
  3.7        9,969        9,969           1           0    9969604 MPI_Finalize() 
  2.0        5,246        5,246         401           0      13083 TXINVR 
  1.9        5,131        5,131         802           0       6398 TZETAR 
  1.7        4,637        4,637         401           0      11565 ADD 
  1.2        1,386        3,188           2 1.28333E+07    1594445 INITIALIZE 
  1.0        2,585        2,585         802           0       3224 PINVR 
  0.9        2,507        2,507         802           0       3127 NINVR 
  0.9        2,408        2,408        2808           0        858 MPI_Waitall() 
  0.9        2,397        2,397 1.70834E+07           0          0 EXACT_SOLUTION 
  0.4          491          938           1  3.1872E+06     938812 EXACT_RHS 
  0.2        0.032          558           1           5     558254 SETUP_MPI 
  0.2          557          557           1           0     557959 MPI_Init() 
  0.2       0.0483          440           1           3     440521 VERIFY 
  0.1          120          267           1 1.06288E+06     267866 ERROR_NORM 
  0.0           39           39           1           0      39923 LHSINIT 
  0.0           24           24        4818           0          5 MPI_Isend() 
  0.0            5            5           1           0       5942 ALLOC_SPACE 
  0.0            5            5        4818           0          1 MPI_Irecv() 
  0.0            4            5           1           1       5104 RHS_NORM 
  0.0            1            1           2           0        636 MPI_Allreduce() 
  0.0        0.987        0.987           2           0        494 MPI_Barrier() 
  0.0        0.314        0.314           4           0         79 MPI_Bcast() 
  0.0        0.262        0.262           2           0        131 MPI_Comm_dup() 
  0.0       0.0085       0.0085           1           0          8 MPI_Reduce() 
  0.0      0.00125      0.00125           1           0          1 SET_CONSTANTS 
  0.0        0.001        0.001           1           0          1 MAKE_SET 
  0.0      0.00075      0.00075           1           0          1 MPI_Comm_size() 
  0.0       0.0005       0.0005           1           0          0 COMPUTE_BUFFER_SIZE 
  0.0            0            0           1           0          0 MPI_Comm_rank() 
  0.0            0            0        0.25           0          0 SET_CLASS 
