Reading Profile files in profile.*

FUNCTION SUMMARY (total):
---------------------------------------------------------------------------------------
%Time    Exclusive    Inclusive       #Call      #Subrs  Inclusive Name
              msec   total msec                          usec/call 
---------------------------------------------------------------------------------------
100.0        0.006     3:39.653           1           1  219653591 .TAU application
100.0            1     3:39.653           1         420  219653585 MPSP 
 93.6            2     3:25.686         401        2406     512934 ADI 
 26.9       17,131       59,174         401         802     147568 Z_SOLVE 
 24.8        0.505       54,541         402         402     135675 COPY_FACES 
 24.8       54,540       54,540         402           0     135673 COMPUTE_RHS 
 20.6       16,140       45,246         401         802     112834 Y_SOLVE 
 18.1       24,286       39,844         401         802      99363 X_SOLVE 
 17.4       38,295       38,295         401           0      95499 LHSZ 
 12.4       27,302       27,302         401           0      68085 LHSY 
  6.3       13,740       13,740         401           0      34266 LHSX 
  4.1        9,109        9,109           1           0    9109196 MPI_Finalize() 
  1.7        3,765        3,765         401           0       9391 TXINVR 
  1.7        3,747        3,747         401           0       9346 TZETAR 
  1.5        3,247        3,247         401           0       8099 ADD 
  1.5        1,382        3,189           2 1.28593E+07    1594984 INITIALIZE 
  1.1        2,386        2,386 1.69806E+07           0          0 EXACT_SOLUTION 
  0.8        1,817        1,817         401           0       4533 NINVR 
  0.8        1,804        1,804         401           0       4499 PINVR 
  0.4          470          900           1    3.06E+06     900885 EXACT_RHS 
  0.2        0.157          406           1           3     406517 VERIFY 
  0.1        0.029          316           1           5     316828 SETUP_MPI 
  0.1          316          316           1           0     316714 MPI_Init() 
  0.1          118          267           1 1.06121E+06     267165 ERROR_NORM 
  0.0           37           37           1           0      37473 LHSINIT 
  0.0            4            4           1           0       4748 ALLOC_SPACE 
  0.0            2            2           1           1       2929 RHS_NORM 
  0.0        0.084        0.084           2           0         42 MPI_Comm_dup() 
  0.0        0.021        0.021           2           0         10 MPI_Allreduce() 
  0.0        0.005        0.005           4           0          1 MPI_Bcast() 
  0.0        0.005        0.005           1           0          5 MPI_Reduce() 
  0.0        0.004        0.004           2           0          2 MPI_Barrier() 
  0.0        0.001        0.001           1           0          1 MPI_Comm_rank() 
  0.0        0.001        0.001           1           0          1 SET_CLASS 
  0.0        0.001        0.001           1           0          1 SET_CONSTANTS 
  0.0            0            0           1           0          0 COMPUTE_BUFFER_SIZE 
  0.0            0            0           1           0          0 MAKE_SET 
  0.0            0            0           1           0          0 MPI_Comm_size() 

FUNCTION SUMMARY (mean):
---------------------------------------------------------------------------------------
%Time    Exclusive    Inclusive       #Call      #Subrs  Inclusive Name
              msec   total msec                          usec/call 
---------------------------------------------------------------------------------------
100.0        0.006     3:39.653           1           1  219653591 .TAU application
100.0            1     3:39.653           1         420  219653585 MPSP 
 93.6            2     3:25.686         401        2406     512934 ADI 
 26.9       17,131       59,174         401         802     147568 Z_SOLVE 
 24.8        0.505       54,541         402         402     135675 COPY_FACES 
 24.8       54,540       54,540         402           0     135673 COMPUTE_RHS 
 20.6       16,140       45,246         401         802     112834 Y_SOLVE 
 18.1       24,286       39,844         401         802      99363 X_SOLVE 
 17.4       38,295       38,295         401           0      95499 LHSZ 
 12.4       27,302       27,302         401           0      68085 LHSY 
  6.3       13,740       13,740         401           0      34266 LHSX 
  4.1        9,109        9,109           1           0    9109196 MPI_Finalize() 
  1.7        3,765        3,765         401           0       9391 TXINVR 
  1.7        3,747        3,747         401           0       9346 TZETAR 
  1.5        3,247        3,247         401           0       8099 ADD 
  1.5        1,382        3,189           2 1.28593E+07    1594984 INITIALIZE 
  1.1        2,386        2,386 1.69806E+07           0          0 EXACT_SOLUTION 
  0.8        1,817        1,817         401           0       4533 NINVR 
  0.8        1,804        1,804         401           0       4499 PINVR 
  0.4          470          900           1    3.06E+06     900885 EXACT_RHS 
  0.2        0.157          406           1           3     406517 VERIFY 
  0.1        0.029          316           1           5     316828 SETUP_MPI 
  0.1          316          316           1           0     316714 MPI_Init() 
  0.1          118          267           1 1.06121E+06     267165 ERROR_NORM 
  0.0           37           37           1           0      37473 LHSINIT 
  0.0            4            4           1           0       4748 ALLOC_SPACE 
  0.0            2            2           1           1       2929 RHS_NORM 
  0.0        0.084        0.084           2           0         42 MPI_Comm_dup() 
  0.0        0.021        0.021           2           0         10 MPI_Allreduce() 
  0.0        0.005        0.005           4           0          1 MPI_Bcast() 
  0.0        0.005        0.005           1           0          5 MPI_Reduce() 
  0.0        0.004        0.004           2           0          2 MPI_Barrier() 
  0.0        0.001        0.001           1           0          1 MPI_Comm_rank() 
  0.0        0.001        0.001           1           0          1 SET_CLASS 
  0.0        0.001        0.001           1           0          1 SET_CONSTANTS 
  0.0            0            0           1           0          0 COMPUTE_BUFFER_SIZE 
  0.0            0            0           1           0          0 MAKE_SET 
  0.0            0            0           1           0          0 MPI_Comm_size() 
