Reading Profile files in profile.*

FUNCTION SUMMARY (total):
---------------------------------------------------------------------------------------
%Time    Exclusive    Inclusive       #Call      #Subrs  Inclusive Name
              msec   total msec                          usec/call 
---------------------------------------------------------------------------------------
100.0        0.022     4:28.708           4           4   67177232 .TAU application
100.0            3     4:28.708           4        1677   67177226 MPSP 
 83.9            8     3:45.342        1604        9624     140488 ADI 
 24.3        1,985     1:05.187        1608       22512      40539 COPY_FACES 
 23.7       18,831     1:03.791        1604       16040      39770 Z_SOLVE 
 23.1     1:02.012     1:02.012        1608           0      38565 COMPUTE_RHS 
 16.2       25,716       43,492        1604       16040      27115 X_SOLVE 
 16.1       18,838       43,206        1604       16040      26937 Y_SOLVE 
 14.7       39,377       39,377        3208           0      12275 LHSZ 
 13.9       37,290       37,290           4           0    9322690 MPI_Finalize() 
  8.1       21,690       21,690        3208           0       6761 LHSY 
  5.6       15,025       15,025        3208           0       4684 LHSX 
  2.0        5,330        5,330        1604           0       3323 TXINVR 
  1.8        4,717        4,717        3208           0       1471 TZETAR 
  1.7        4,486        4,486        1604           0       2797 ADD 
  1.5        3,999        3,999       11232           0        356 MPI_Waitall() 
  1.2        1,435        3,277           8 1.28593E+07     409732 INITIALIZE 
  0.9        2,438        2,438 1.71006E+07           0          0 EXACT_SOLUTION 
  0.6        1,739        1,739        3208           0        542 PINVR 
  0.6        1,646        1,646        3208           0        513 NINVR 
  0.5        0.115        1,371           4          20     342836 SETUP_MPI 
  0.5        1,370        1,370           4           0     342501 MPI_Init() 
  0.3          469          916           4    3.18E+06     229156 EXACT_RHS 
  0.2        0.181          433           4          12     108462 VERIFY 
  0.1          117          266           4 1.06121E+06      66562 ERROR_NORM 
  0.0           76           76       19272           0          4 MPI_Isend() 
  0.0           37           37           4           0       9498 LHSINIT 
  0.0           30           30           4           0       7705 ALLOC_SPACE 
  0.0           21           21       19272           0          1 MPI_Irecv() 
  0.0            4            5           4           4       1356 RHS_NORM 
  0.0            3            3           8           0        382 MPI_Barrier() 
  0.0            1            1          16           0         95 MPI_Bcast() 
  0.0            1            1           8           0        153 MPI_Comm_dup() 
  0.0            1            1           8           0        141 MPI_Allreduce() 
  0.0        0.034        0.034           4           0          8 MPI_Reduce() 
  0.0        0.007        0.007           4           0          2 SET_CONSTANTS 
  0.0        0.004        0.004           4           0          1 MAKE_SET 
  0.0        0.003        0.003           4           0          1 COMPUTE_BUFFER_SIZE 
  0.0        0.002        0.002           4           0          0 MPI_Comm_rank() 
  0.0        0.001        0.001           4           0          0 MPI_Comm_size() 
  0.0        0.001        0.001           1           0          1 SET_CLASS 

FUNCTION SUMMARY (mean):
---------------------------------------------------------------------------------------
%Time    Exclusive    Inclusive       #Call      #Subrs  Inclusive Name
              msec   total msec                          usec/call 
---------------------------------------------------------------------------------------
100.0       0.0055     1:07.177           1           1   67177232 .TAU application
100.0        0.758     1:07.177           1      419.25   67177226 MPSP 
 83.9            2       56,335         401        2406     140488 ADI 
 24.3          496       16,296         402        5628      40539 COPY_FACES 
 23.7        4,707       15,947         401        4010      39770 Z_SOLVE 
 23.1       15,503       15,503         402           0      38565 COMPUTE_RHS 
 16.2        6,429       10,873         401        4010      27115 X_SOLVE 
 16.1        4,709       10,801         401        4010      26937 Y_SOLVE 
 14.7        9,844        9,844         802           0      12275 LHSZ 
 13.9        9,322        9,322           1           0    9322690 MPI_Finalize() 
  8.1        5,422        5,422         802           0       6761 LHSY 
  5.6        3,756        3,756         802           0       4684 LHSX 
  2.0        1,332        1,332         401           0       3323 TXINVR 
  1.8        1,179        1,179         802           0       1471 TZETAR 
  1.7        1,121        1,121         401           0       2797 ADD 
  1.5          999          999        2808           0        356 MPI_Waitall() 
  1.2          358          819           2 3.21484E+06     409732 INITIALIZE 
  0.9          609          609 4.27514E+06           0          0 EXACT_SOLUTION 
  0.6          434          434         802           0        542 PINVR 
  0.6          411          411         802           0        513 NINVR 
  0.5       0.0288          342           1           5     342836 SETUP_MPI 
  0.5          342          342           1           0     342501 MPI_Init() 
  0.3          117          229           1      795000     229156 EXACT_RHS 
  0.2       0.0452          108           1           3     108462 VERIFY 
  0.1           29           66           1      265303      66562 ERROR_NORM 
  0.0           19           19        4818           0          4 MPI_Isend() 
  0.0            9            9           1           0       9498 LHSINIT 
  0.0            7            7           1           0       7705 ALLOC_SPACE 
  0.0            5            5        4818           0          1 MPI_Irecv() 
  0.0            1            1           1           1       1356 RHS_NORM 
  0.0        0.764        0.764           2           0        382 MPI_Barrier() 
  0.0         0.38         0.38           4           0         95 MPI_Bcast() 
  0.0        0.306        0.306           2           0        153 MPI_Comm_dup() 
  0.0        0.281        0.281           2           0        141 MPI_Allreduce() 
  0.0       0.0085       0.0085           1           0          8 MPI_Reduce() 
  0.0      0.00175      0.00175           1           0          2 SET_CONSTANTS 
  0.0        0.001        0.001           1           0          1 MAKE_SET 
  0.0      0.00075      0.00075           1           0          1 COMPUTE_BUFFER_SIZE 
  0.0       0.0005       0.0005           1           0          0 MPI_Comm_rank() 
  0.0      0.00025      0.00025           1           0          0 MPI_Comm_size() 
  0.0      0.00025      0.00025        0.25           0          1 SET_CLASS 
