Reading Profile files in profile.*

FUNCTION SUMMARY (total):
---------------------------------------------------------------------------------------
%Time    Exclusive    Inclusive       #Call      #Subrs  Inclusive Name
              msec   total msec                          usec/call 
---------------------------------------------------------------------------------------
100.0        0.009       55,426           1           1   55426787 .TAU application
100.0            1       55,426           1          69   55426778 MG_MPI 
 60.9        0.761       33,772          21         861    1608238 MG3P 
 43.1       22,399       23,892         191         191     125091 RESID 
 21.6       10,810       11,947         189         189      63213 PSINV 
 13.0        7,186        7,186           1           0    7186854 MPI_Finalize() 
  9.3        4,434        5,179         168         168      30833 RPRJ3 
  7.2        3,500        3,972         168         168      23647 INTERP 
  6.2        0.766        3,418         550        1650       6216 COMM3 
  6.2        3,418        3,418        1650           0       2072 COMM1P 
  2.5          951        1,409           2         760     704834 ZRAN3 
  2.3        1,261        1,261         172           0       7334 ZERO3 
  1.2          646          646           4           8     161624 NORM2U3 
  0.9        0.162          472         168         504       2813 COMM3_EX 
  0.9          472          472         504           0        937 COMM1P_EX 
  0.6          340          340           1           0     340926 MPI_Init() 
  0.0            1            1           1           0       1324 ALLOC_SPACE 
  0.0        0.131        0.131         666           0          0 BUBBLE 
  0.0        0.114        0.114          88           0          1 MPI_Allreduce() 
  0.0        0.007        0.007           1           0          7 MPI_Reduce() 
  0.0        0.007        0.007           2           0          4 SETUP 
  0.0        0.005        0.005           6           0          1 MPI_Barrier() 
  0.0        0.005        0.005           7           0          1 MPI_Bcast() 
  0.0        0.005        0.005           6           0          1 POWER 
  0.0            0            0           1           0          0 MPI_Comm_rank() 
  0.0            0            0           1           0          0 MPI_Comm_size() 

FUNCTION SUMMARY (mean):
---------------------------------------------------------------------------------------
%Time    Exclusive    Inclusive       #Call      #Subrs  Inclusive Name
              msec   total msec                          usec/call 
---------------------------------------------------------------------------------------
100.0        0.009       55,426           1           1   55426787 .TAU application
100.0            1       55,426           1          69   55426778 MG_MPI 
 60.9        0.761       33,772          21         861    1608238 MG3P 
 43.1       22,399       23,892         191         191     125091 RESID 
 21.6       10,810       11,947         189         189      63213 PSINV 
 13.0        7,186        7,186           1           0    7186854 MPI_Finalize() 
  9.3        4,434        5,179         168         168      30833 RPRJ3 
  7.2        3,500        3,972         168         168      23647 INTERP 
  6.2        0.766        3,418         550        1650       6216 COMM3 
  6.2        3,418        3,418        1650           0       2072 COMM1P 
  2.5          951        1,409           2         760     704834 ZRAN3 
  2.3        1,261        1,261         172           0       7334 ZERO3 
  1.2          646          646           4           8     161624 NORM2U3 
  0.9        0.162          472         168         504       2813 COMM3_EX 
  0.9          472          472         504           0        937 COMM1P_EX 
  0.6          340          340           1           0     340926 MPI_Init() 
  0.0            1            1           1           0       1324 ALLOC_SPACE 
  0.0        0.131        0.131         666           0          0 BUBBLE 
  0.0        0.114        0.114          88           0          1 MPI_Allreduce() 
  0.0        0.007        0.007           1           0          7 MPI_Reduce() 
  0.0        0.007        0.007           2           0          4 SETUP 
  0.0        0.005        0.005           6           0          1 MPI_Barrier() 
  0.0        0.005        0.005           7           0          1 MPI_Bcast() 
  0.0        0.005        0.005           6           0          1 POWER 
  0.0            0            0           1           0          0 MPI_Comm_rank() 
  0.0            0            0           1           0          0 MPI_Comm_size() 
