Reading Profile files in profile.*

FUNCTION SUMMARY (total):
---------------------------------------------------------------------------------------
%Time    Exclusive    Inclusive       #Call      #Subrs  Inclusive Name
              msec   total msec                          usec/call 
---------------------------------------------------------------------------------------
100.0            1 33:04:49.147         256         256  465191984 .TAU application
100.0          231 33:04:49.146         256       22272  465191979 FT 
 91.9           46 30:24:35.223        6912       27648   15838429 FFT 
 43.5    25:09.761 14:23:18.304 3.53894E+07 3.96362E+08       1464 CFFTZ 
 42.2 13:58:08.543 13:58:08.543 3.96362E+08           0        127 FFTZ2 
 36.8  2:26:24.944 12:09:28.063       13824 2.12475E+07    3166093 CFFTS1 
 29.7           31  9:49:31.408        6400       19200    5526783 TRANSPOSE_X_YZ 
 22.5           37  7:26:28.267        6912        6912    3875617 TRANSPOSE2_GLOBAL 
 22.5  7:26:28.229  7:26:28.229        6912           0    3875612 MPI_Alltoall() 
 21.6  2:28:46.087  7:09:01.280        6912 1.41627E+07    3724144 CFFTS2 
  6.4  2:06:30.797  2:06:30.797        6912           0    1098206 TRANSPOSE2_LOCAL 
  4.7  1:33:10.816  1:33:10.816        6400           0     873565 EVOLVE 
  4.7  1:33:06.724  1:33:06.724        6912           0     808265 TRANSPOSE2_FINISH 
  3.9           12  1:16:34.425         512        1536    8973487 TRANSPOSE_XY_Z 
  1.7           59    34:05.212        6400        6400     319564 CHECKSUM 
  1.7    34:05.153    34:05.153        6400           0     319555 MPI_Reduce() 
  1.1    21:46.390    21:46.390         512           0    2551545 COMPUTE_INDEXMAP 
  0.2     4:10.729     4:10.729         512        1024     489707 COMPUTE_INITIAL_CONDITIONS 
  0.2     3:43.819     3:43.819         256           0     874293 MPI_Finalize() 
  0.1           17     2:27.916         256        2817     577799 SETUP 
  0.1     2:26.650     2:26.650         256           0     572853 MPI_Init() 
  0.0       48,595       48,595         256           0     189825 MPI_Barrier() 
  0.0          529          529         512           0       1034 MPI_Comm_split() 
  0.0          486          486         256           0       1901 ALLOC_SPACE 
  0.0          232          232        1280           0        182 MPI_Bcast() 
  0.0          210          210         512         512        411 FFT_INIT 
  0.0            7            7       21248           0          0 ILOG2 
  0.0        0.486        0.486        1024           0          0 IPOW46 
  0.0         0.13         0.13         256           0          1 MPI_Comm_size() 
  0.0        0.088        0.088         256           0          0 VERIFY 
  0.0        0.055        0.055         256           0          0 MPI_Comm_rank() 
  0.0            0            0           1           0          0 SET_CLASS 

FUNCTION SUMMARY (mean):
---------------------------------------------------------------------------------------
%Time    Exclusive    Inclusive       #Call      #Subrs  Inclusive Name
              msec   total msec                          usec/call 
---------------------------------------------------------------------------------------
100.0      0.00498     7:45.191           1           1  465191984 .TAU application
100.0        0.903     7:45.191           1          87  465191979 FT 
 91.9        0.181     7:07.637          27         108   15838429 FFT 
 43.5        5,897     3:22.337      138240 1.54829E+06       1464 CFFTZ 
 42.2     3:16.439     3:16.439 1.54829E+06           0        127 FFTZ2 
 36.8       34,316     2:50.968          54       82998    3166093 CFFTS1 
 29.7        0.125     2:18.169          25          75    5526783 TRANSPOSE_X_YZ 
 22.5        0.145     1:44.641          27          27    3875617 TRANSPOSE2_GLOBAL 
 22.5     1:44.641     1:44.641          27           0    3875612 MPI_Alltoall() 
 21.6       34,867     1:40.551          27       55323    3724144 CFFTS2 
  6.4       29,651       29,651          27           0    1098206 TRANSPOSE2_LOCAL 
  4.7       21,839       21,839          25           0     873565 EVOLVE 
  4.7       21,823       21,823          27           0     808265 TRANSPOSE2_FINISH 
  3.9       0.0492       17,946           2           6    8973487 TRANSPOSE_XY_Z 
  1.7        0.231        7,989          25          25     319564 CHECKSUM 
  1.7        7,988        7,988          25           0     319555 MPI_Reduce() 
  1.1        5,103        5,103           2           0    2551545 COMPUTE_INDEXMAP 
  0.2          979          979           2           4     489707 COMPUTE_INITIAL_CONDITIONS 
  0.2          874          874           1           0     874293 MPI_Finalize() 
  0.1       0.0675          577           1     11.0039     577799 SETUP 
  0.1          572          572           1           0     572853 MPI_Init() 
  0.0          189          189           1           0     189825 MPI_Barrier() 
  0.0            2            2           2           0       1034 MPI_Comm_split() 
  0.0            1            1           1           0       1901 ALLOC_SPACE 
  0.0        0.908        0.908           5           0        182 MPI_Bcast() 
  0.0        0.821        0.822           2           2        411 FFT_INIT 
  0.0       0.0312       0.0312          83           0          0 ILOG2 
  0.0       0.0019       0.0019           4           0          0 IPOW46 
  0.0     0.000508     0.000508           1           0          1 MPI_Comm_size() 
  0.0     0.000344     0.000344           1           0          0 VERIFY 
  0.0     0.000215     0.000215           1           0          0 MPI_Comm_rank() 
  0.0            0            0  0.00390625           0          0 SET_CLASS 
