Reading Profile files in profile.*

FUNCTION SUMMARY (total):
---------------------------------------------------------------------------------------
%Time    Exclusive    Inclusive       #Call      #Subrs  Inclusive Name
              msec   total msec                          usec/call 
---------------------------------------------------------------------------------------
100.0        0.033     5:45.217           4           4   86304406 .TAU application
100.0        0.736     5:45.217           4         288   86304398 FT 
 81.4        0.426     4:41.106          88         352    3194393 FFT 
 47.6       11,090     2:44.426 1.08134E+06  9.7321E+06        152 CFFTZ 
 44.4     2:33.336     2:33.336  9.7321E+06           0         16 FFTZ2 
 39.7       27,938     2:16.982         176      721072     778307 CFFTS1 
 21.9       20,203     1:15.586          88      360536     858932 CFFTS2 
 18.0        0.254     1:02.075          80         240     775946 TRANSPOSE_X_YZ 
 10.6       36,502       36,502          88           0     414796 TRANSPOSE2_LOCAL 
 10.2       35,325       35,325           4           0    8831440 MPI_Finalize() 
  5.6        0.295       19,172          88          88     217866 TRANSPOSE2_GLOBAL 
  5.6       19,171       19,171          88           0     217862 MPI_Alltoall() 
  5.3       18,369       18,369          80           0     229614 EVOLVE 
  3.7       12,863       12,863          88           0     146175 TRANSPOSE2_FINISH 
  1.9        0.081        6,462           8          24     807785 TRANSPOSE_XY_Z 
  1.5        5,315        5,315           8           0     664497 COMPUTE_INDEXMAP 
  1.0            1        3,313           4          45     828449 SETUP 
  1.0        3,300        3,300           4           0     825018 MPI_Init() 
  0.4        1,270        1,270           8          16     158831 COMPUTE_INITIAL_CONDITIONS 
  0.1            1          500          80          80       6260 CHECKSUM 
  0.1          498          498          80           0       6236 MPI_Reduce() 
  0.0           13           13           4           0       3446 MPI_Barrier() 
  0.0            7            7           4           0       1767 ALLOC_SPACE 
  0.0            2            2          20           0        149 MPI_Bcast() 
  0.0            2            2           8           0        322 MPI_Comm_split() 
  0.0         0.35        0.352           8           8         44 FFT_INIT 
  0.0        0.068        0.068         272           0          0 ILOG2 
  0.0        0.018        0.018           4           0          4 VERIFY 
  0.0        0.004        0.004          16           0          0 IPOW46 
  0.0        0.002        0.002           4           0          0 MPI_Comm_size() 
  0.0        0.001        0.001           4           0          0 MPI_Comm_rank() 
  0.0        0.001        0.001           1           0          1 SET_CLASS 

FUNCTION SUMMARY (mean):
---------------------------------------------------------------------------------------
%Time    Exclusive    Inclusive       #Call      #Subrs  Inclusive Name
              msec   total msec                          usec/call 
---------------------------------------------------------------------------------------
100.0      0.00825     1:26.304           1           1   86304406 .TAU application
100.0        0.184     1:26.304           1          72   86304398 FT 
 81.4        0.106     1:10.276          22          88    3194393 FFT 
 47.6        2,772       41,106      270336 2.43302E+06        152 CFFTZ 
 44.4       38,334       38,334 2.43302E+06           0         16 FFTZ2 
 39.7        6,984       34,245          44      180268     778307 CFFTS1 
 21.9        5,050       18,896          22       90134     858932 CFFTS2 
 18.0       0.0635       15,518          20          60     775946 TRANSPOSE_X_YZ 
 10.6        9,125        9,125          22           0     414796 TRANSPOSE2_LOCAL 
 10.2        8,831        8,831           1           0    8831440 MPI_Finalize() 
  5.6       0.0737        4,793          22          22     217866 TRANSPOSE2_GLOBAL 
  5.6        4,792        4,792          22           0     217862 MPI_Alltoall() 
  5.3        4,592        4,592          20           0     229614 EVOLVE 
  3.7        3,215        3,215          22           0     146175 TRANSPOSE2_FINISH 
  1.9       0.0203        1,615           2           6     807785 TRANSPOSE_XY_Z 
  1.5        1,328        1,328           2           0     664497 COMPUTE_INDEXMAP 
  1.0        0.274          828           1       11.25     828449 SETUP 
  1.0          825          825           1           0     825018 MPI_Init() 
  0.4          317          317           2           4     158831 COMPUTE_INITIAL_CONDITIONS 
  0.1         0.47          125          20          20       6260 CHECKSUM 
  0.1          124          124          20           0       6236 MPI_Reduce() 
  0.0            3            3           1           0       3446 MPI_Barrier() 
  0.0            1            1           1           0       1767 ALLOC_SPACE 
  0.0        0.746        0.746           5           0        149 MPI_Bcast() 
  0.0        0.643        0.643           2           0        322 MPI_Comm_split() 
  0.0       0.0875        0.088           2           2         44 FFT_INIT 
  0.0        0.017        0.017          68           0          0 ILOG2 
  0.0       0.0045       0.0045           1           0          4 VERIFY 
  0.0        0.001        0.001           4           0          0 IPOW46 
  0.0       0.0005       0.0005           1           0          0 MPI_Comm_size() 
  0.0      0.00025      0.00025           1           0          0 MPI_Comm_rank() 
  0.0      0.00025      0.00025        0.25           0          1 SET_CLASS 
