Reading Profile files in profile.*

FUNCTION SUMMARY (total):
---------------------------------------------------------------------------------------
%Time    Exclusive    Inclusive       #Call      #Subrs  Inclusive Name
              msec   total msec                          usec/call 
---------------------------------------------------------------------------------------
100.0        0.245       35,930          32          32    1122831 .TAU application
100.0            4       35,930          32        1184    1122823 MG_MPI 
 48.7       17,500       17,500          32           0     546887 MPI_Finalize() 
 40.5       14,561       14,561          32           0     455043 MPI_Init() 
  6.1            2        2,205         160        5760      13782 MG3P 
  5.1          924        1,834        1344        1344       1365 RESID 
  4.6           11        1,665        3808       64464        437 COMM3 
  2.5           86          901       21408       21408         42 GIVE3 
  2.3          814          814       21728           0         37 MPI_Send() 
  2.0          314          730        1280        1280        570 PSINV 
  1.1          141          409          64       17988       6404 ZRAN3 
  1.1          139          398        1120        1120        356 RPRJ3 
  1.1           77          387       21408       21408         18 TAKE3 
  1.0          354          369       21728       21728         17 READY 
  0.9          331          331       21728           0         15 MPI_Wait() 
  0.5          172          172        1488           0        116 ZERO3 
  0.5          137          164        1120        1120        147 INTERP 
  0.4           91          129         128         256       1015 NORM2U3 
  0.3          119          119         192           0        624 MPI_Barrier() 
  0.2           65           65        2816           0         23 MPI_Allreduce() 
  0.1           34           34          32           0       1073 ALLOC_SPACE 
  0.1        0.536           27        1120         960         25 COMM3_EX 
  0.1           23           23         224           0        106 MPI_Bcast() 
  0.1        0.166           22         320         320         70 TAKE3_EX 
  0.0           15           15       21728           0          1 MPI_Irecv() 
  0.0            2            2       14980           0          0 BUBBLE 
  0.0        0.476        0.476          32           0         15 MPI_Reduce() 
  0.0        0.162          0.4         320         320          1 GIVE3_EX 
  0.0        0.143        0.143          64           0          2 SETUP 
  0.0         0.09         0.09         192           0          0 POWER 
  0.0        0.016        0.016          32           0          0 MPI_Comm_size() 
  0.0        0.002        0.002          32           0          0 MPI_Comm_rank() 

FUNCTION SUMMARY (mean):
---------------------------------------------------------------------------------------
%Time    Exclusive    Inclusive       #Call      #Subrs  Inclusive Name
              msec   total msec                          usec/call 
---------------------------------------------------------------------------------------
100.0      0.00766        1,122           1           1    1122831 .TAU application
100.0        0.146        1,122           1          37    1122823 MG_MPI 
 48.7          546          546           1           0     546887 MPI_Finalize() 
 40.5          455          455           1           0     455043 MPI_Init() 
  6.1       0.0901           68           5         180      13782 MG3P 
  5.1           28           57          42          42       1365 RESID 
  4.6        0.345           52         119      2014.5        437 COMM3 
  2.5            2           28         669         669         42 GIVE3 
  2.3           25           25         679           0         37 MPI_Send() 
  2.0            9           22          40          40        570 PSINV 
  1.1            4           12           2     562.125       6404 ZRAN3 
  1.1            4           12          35          35        356 RPRJ3 
  1.1            2           12         669         669         18 TAKE3 
  1.0           11           11         679         679         17 READY 
  0.9           10           10         679           0         15 MPI_Wait() 
  0.5            5            5        46.5           0        116 ZERO3 
  0.5            4            5          35          35        147 INTERP 
  0.4            2            4           4           8       1015 NORM2U3 
  0.3            3            3           6           0        624 MPI_Barrier() 
  0.2            2            2          88           0         23 MPI_Allreduce() 
  0.1            1            1           1           0       1073 ALLOC_SPACE 
  0.1       0.0168         0.86          35          30         25 COMM3_EX 
  0.1        0.741        0.741           7           0        106 MPI_Bcast() 
  0.1      0.00519        0.698          10          10         70 TAKE3_EX 
  0.0        0.474        0.474         679           0          1 MPI_Irecv() 
  0.0       0.0833       0.0833     468.125           0          0 BUBBLE 
  0.0       0.0149       0.0149           1           0         15 MPI_Reduce() 
  0.0      0.00506       0.0125          10          10          1 GIVE3_EX 
  0.0      0.00447      0.00447           2           0          2 SETUP 
  0.0      0.00281      0.00281           6           0          0 POWER 
  0.0       0.0005       0.0005           1           0          0 MPI_Comm_size() 
  0.0     6.25E-05     6.25E-05           1           0          0 MPI_Comm_rank() 
