Reading Profile files in profile.*

FUNCTION SUMMARY (total):
---------------------------------------------------------------------------------------
%Time    Exclusive    Inclusive       #Call      #Subrs  Inclusive Name
              msec   total msec                          usec/call 
---------------------------------------------------------------------------------------
100.0        0.142       28,380          16          16    1773807 .TAU application
100.0            4       28,380          16        1104    1773798 MG_MPI 
 32.5        9,228        9,228          16           0     576753 MPI_Finalize() 
 31.9            6        9,057         336       12096      26956 MG3P 
 23.5        3,351        6,678        2720        2720       2455 RESID 
 22.6        6,425        6,425          16           0     401621 MPI_Init() 
 20.3           22        5,768        7792      134544        740 COMM3 
 11.4          334        3,244       44736       44736         73 GIVE3 
 10.6        1,415        3,003        2688        2688       1117 PSINV 
 10.3        2,910        2,910       45072           0         65 MPI_Send() 
  6.1          269        1,743       44736       44736         39 TAKE3 
  5.3        1,506        1,506       45072           0         33 MPI_Wait() 
  5.3          710        1,504        2352        2352        640 RPRJ3 
  2.7          724          762       45072       45072         17 READY 
  2.6          710          750        2352        2352        319 INTERP 
  1.4          178          402          32        9496      12569 ZRAN3 
  0.9          266          266        2752           0         97 ZERO3 
  0.5          117          151          64         128       2359 NORM2U3 
  0.3           79           79          96           0        832 MPI_Barrier() 
  0.2           44           44        1408           0         32 MPI_Allreduce() 
  0.1            1           39        2352        1008         17 COMM3_EX 
  0.1           38           38       45072           0          1 MPI_Irecv() 
  0.1        0.188           33         336         336         99 TAKE3_EX 
  0.1           19           19          16           0       1205 ALLOC_SPACE 
  0.0           12           12         112           0        110 MPI_Bcast() 
  0.0            1            1        7992           0          0 BUBBLE 
  0.0        0.185         0.39         336         336          1 GIVE3_EX 
  0.0        0.235        0.235          16           0         15 MPI_Reduce() 
  0.0        0.073        0.073          32           0          2 SETUP 
  0.0        0.053        0.053          96           0          1 POWER 
  0.0        0.008        0.008          16           0          0 MPI_Comm_size() 
  0.0        0.003        0.003          16           0          0 MPI_Comm_rank() 

FUNCTION SUMMARY (mean):
---------------------------------------------------------------------------------------
%Time    Exclusive    Inclusive       #Call      #Subrs  Inclusive Name
              msec   total msec                          usec/call 
---------------------------------------------------------------------------------------
100.0      0.00887        1,773           1           1    1773807 .TAU application
100.0        0.251        1,773           1          69    1773798 MG_MPI 
 32.5          576          576           1           0     576753 MPI_Finalize() 
 31.9        0.416          566          21         756      26956 MG3P 
 23.5          209          417         170         170       2455 RESID 
 22.6          401          401           1           0     401621 MPI_Init() 
 20.3            1          360         487        8409        740 COMM3 
 11.4           20          202        2796        2796         73 GIVE3 
 10.6           88          187         168         168       1117 PSINV 
 10.3          181          181        2817           0         65 MPI_Send() 
  6.1           16          108        2796        2796         39 TAKE3 
  5.3           94           94        2817           0         33 MPI_Wait() 
  5.3           44           94         147         147        640 RPRJ3 
  2.7           45           47        2817        2817         17 READY 
  2.6           44           46         147         147        319 INTERP 
  1.4           11           25           2       593.5      12569 ZRAN3 
  0.9           16           16         172           0         97 ZERO3 
  0.5            7            9           4           8       2359 NORM2U3 
  0.3            4            4           6           0        832 MPI_Barrier() 
  0.2            2            2          88           0         32 MPI_Allreduce() 
  0.1       0.0665            2         147          63         17 COMM3_EX 
  0.1            2            2        2817           0          1 MPI_Irecv() 
  0.1       0.0118            2          21          21         99 TAKE3_EX 
  0.1            1            1           1           0       1205 ALLOC_SPACE 
  0.0        0.772        0.772           7           0        110 MPI_Bcast() 
  0.0       0.0976       0.0976       499.5           0          0 BUBBLE 
  0.0       0.0116       0.0244          21          21          1 GIVE3_EX 
  0.0       0.0147       0.0147           1           0         15 MPI_Reduce() 
  0.0      0.00456      0.00456           2           0          2 SETUP 
  0.0      0.00331      0.00331           6           0          1 POWER 
  0.0       0.0005       0.0005           1           0          0 MPI_Comm_size() 
  0.0     0.000188     0.000188           1           0          0 MPI_Comm_rank() 
