Reading Profile files in profile.*

FUNCTION SUMMARY (total):
---------------------------------------------------------------------------------------
%Time    Exclusive    Inclusive       #Call      #Subrs  Inclusive Name
              msec   total msec                          usec/call 
---------------------------------------------------------------------------------------
100.0        0.556     1:10.169          64          64    1096399 .TAU application
100.0            8     1:10.168          64        2368    1096390 MG_MPI 
 48.5       34,022       34,022          64           0     531599 MPI_Finalize() 
 44.8       31,463       31,463          64           0     491620 MPI_Init() 
  3.7            5        2,564         320       11520       8015 MG3P 
  3.2           22        2,275        7616      127568        299 COMM3 
  3.0          803        2,102        2688        2688        782 RESID 
  1.6          102        1,154       42336       42336         27 TAKE3 
  1.5        1,080        1,080       43296           0         25 MPI_Wait() 
  1.3           97          904       42336       42336         21 GIVE3 
  1.3          322          894        2560        2560        349 PSINV 
  1.2          808          808       43296           0         19 MPI_Send() 
  0.8          144          526         128       34446       4115 ZRAN3 
  0.6          129          422        2240        2240        189 RPRJ3 
  0.3          103          235         256         512        919 NORM2U3 
  0.3          225          225         384           0        587 MPI_Barrier() 
  0.3          206          206        5632           0         37 MPI_Allreduce() 
  0.3          168          198       43296       43296          5 READY 
  0.2          134          169        2240        2240         76 INTERP 
  0.2          160          160        3056           0         53 ZERO3 
  0.1           72           72          64           0       1126 ALLOC_SPACE 
  0.1           49           49         448           0        111 MPI_Bcast() 
  0.1            1           35        2240        2880         16 COMM3_EX 
  0.0        0.414           29         960         960         30 TAKE3_EX 
  0.0           29           29       43296           0          1 MPI_Irecv() 
  0.0            4            4       28430           0          0 BUBBLE 
  0.0        0.485            1         960         960          1 GIVE3_EX 
  0.0            1            1          64           0         16 MPI_Reduce() 
  0.0        0.291        0.291         128           0          2 SETUP 
  0.0        0.141        0.141         384           0          0 POWER 
  0.0        0.033        0.033          64           0          1 MPI_Comm_size() 
  0.0        0.021        0.021          64           0          0 MPI_Comm_rank() 

FUNCTION SUMMARY (mean):
---------------------------------------------------------------------------------------
%Time    Exclusive    Inclusive       #Call      #Subrs  Inclusive Name
              msec   total msec                          usec/call 
---------------------------------------------------------------------------------------
100.0      0.00869        1,096           1           1    1096399 .TAU application
100.0        0.129        1,096           1          37    1096390 MG_MPI 
 48.5          531          531           1           0     531599 MPI_Finalize() 
 44.8          491          491           1           0     491620 MPI_Init() 
  3.7        0.085           40           5         180       8015 MG3P 
  3.2        0.346           35         119     1993.25        299 COMM3 
  3.0           12           32          42          42        782 RESID 
  1.6            1           18       661.5       661.5         27 TAKE3 
  1.5           16           16       676.5           0         25 MPI_Wait() 
  1.3            1           14       661.5       661.5         21 GIVE3 
  1.3            5           13          40          40        349 PSINV 
  1.2           12           12       676.5           0         19 MPI_Send() 
  0.8            2            8           2     538.219       4115 ZRAN3 
  0.6            2            6          35          35        189 RPRJ3 
  0.3            1            3           4           8        919 NORM2U3 
  0.3            3            3           6           0        587 MPI_Barrier() 
  0.3            3            3          88           0         37 MPI_Allreduce() 
  0.3            2            3       676.5       676.5          5 READY 
  0.2            2            2          35          35         76 INTERP 
  0.2            2            2       47.75           0         53 ZERO3 
  0.1            1            1           1           0       1126 ALLOC_SPACE 
  0.1        0.774        0.774           7           0        111 MPI_Bcast() 
  0.1       0.0189        0.554          35          45         16 COMM3_EX 
  0.0      0.00647        0.457          15          15         30 TAKE3_EX 
  0.0        0.457        0.457       676.5           0          1 MPI_Irecv() 
  0.0       0.0769       0.0769     444.219           0          0 BUBBLE 
  0.0      0.00758       0.0216          15          15          1 GIVE3_EX 
  0.0       0.0163       0.0163           1           0         16 MPI_Reduce() 
  0.0      0.00455      0.00455           2           0          2 SETUP 
  0.0       0.0022       0.0022           6           0          0 POWER 
  0.0     0.000516     0.000516           1           0          1 MPI_Comm_size() 
  0.0     0.000328     0.000328           1           0          0 MPI_Comm_rank() 
