Reading Profile files in profile.*

FUNCTION SUMMARY (total):
---------------------------------------------------------------------------------------
%Time    Exclusive    Inclusive       #Call      #Subrs  Inclusive Name
              msec   total msec                          usec/call 
---------------------------------------------------------------------------------------
100.0        0.177  3:23:38.260          32          32  381820647 .TAU application
100.0            2  3:23:38.260          32         545  381820642 APPLU 
 99.2  2:10:54.452  3:21:58.154          64 2.84524E+07  189346165 SSOR 
 28.2    53:00.590    57:21.136        9696       19392     354903 RHS 
  6.2       36,220    12:37.353 1.56424E+07 1.71988E+07         48 EXCHANGE_1 
  5.9    11:56.415    11:56.415 1.27094E+07           0         56 MPI_Recv() 
  2.2     2:17.196     4:26.627       19456       74526      13704 EXCHANGE_3 
  0.8     1:38.214     1:38.214       31688           0       3099 MPI_Wait() 
  0.4       46,969       47,413          64 2.20125E+06     740829 SETIV 
  0.3       31,213       31,213 4.13317E+06           0          8 MPI_Send() [THROTTLED]
  0.2       13,649       19,731          32          64     616619 ERHS 
  0.1       16,060       16,060 3.20003E+06           0          5 JACLD [THROTTLED]
  0.1       16,037       16,037          32           0     501182 MPI_Finalize() 
  0.1       15,852       15,852 3.20003E+06           0          5 JACU [THROTTLED]
  0.1       15,524       15,524 3.20003E+06           0          5 BLTS [THROTTLED]
  0.1       15,243       15,243 3.20003E+06           0          5 BUTS [THROTTLED]
  0.1            1       12,080          32          96     377500 INIT_COMM 
  0.1       12,078       12,078          32           0     377458 MPI_Init() 
  0.0        4,058        4,058      367532           0         11 MPI_Send() 
  0.0        3,738        3,781          32          32     118168 ERROR 
  0.0        1,219        2,119         128         128      16556 L2NORM 
  0.0        1,374        1,374         320           0       4295 MPI_Allreduce() 
  0.0        1,112        1,112 3.20003E+06           0          0 EXACT [THROTTLED]
  0.0          217          886          64      998784      13846 SETBV 
  0.0          662          662       31688           0         21 MPI_Irecv() 
  0.0           91           91          32           0       2848 ALLOC_SPACE 
  0.0           26           48          32         152       1523 PINTGR 
  0.0        0.765           32          32          33       1026 READ_INPUT 
  0.0        0.332           32          32         320       1002 BCAST_INPUTS 
  0.0           31           31         320           0         99 MPI_Bcast() 
  0.0            1            1          64           0         18 MPI_Barrier() 
  0.0        0.184        0.803          32         105         25 EXCHANGE_4 
  0.0        0.051        0.289          16          28         18 EXCHANGE_5 
  0.0        0.022        0.194           8          13         24 EXCHANGE_6 
  0.0        0.177        0.177           1           0        177 VERIFY 
  0.0        0.067        0.071          32          32          2 PROC_GRID 
  0.0        0.031        0.031          32           0          1 SETCOEFF 
  0.0        0.019        0.019          32           0          1 NEIGHBORS 
  0.0        0.014        0.014          32           0          0 MPI_Comm_rank() 
  0.0        0.012        0.012          32           0          0 MPI_Comm_size() 
  0.0         0.01         0.01          32           0          0 SUBDOMAIN 
  0.0        0.004        0.004          32           0          0 ISQRT2 
  0.0        0.001        0.001           1           0          1 SET_CLASS 

FUNCTION SUMMARY (mean):
---------------------------------------------------------------------------------------
%Time    Exclusive    Inclusive       #Call      #Subrs  Inclusive Name
              msec   total msec                          usec/call 
---------------------------------------------------------------------------------------
100.0      0.00553     6:21.820           1           1  381820647 .TAU application
100.0       0.0854     6:21.820           1     17.0312  381820642 APPLU 
 99.2     4:05.451     6:18.692           2      889139  189346165 SSOR 
 28.2     1:39.393     1:47.535         303         606     354903 RHS 
  6.2        1,131       23,667      488824      537464         48 EXCHANGE_1 
  5.9       22,387       22,387      397170           0         56 MPI_Recv() 
  2.2        4,287        8,332         608     2328.94      13704 EXCHANGE_3 
  0.8        3,069        3,069      990.25           0       3099 MPI_Wait() 
  0.4        1,467        1,481           2       68789     740829 SETIV 
  0.3          975          975      129162           0          8 MPI_Send() [THROTTLED]
  0.2          426          616           1           2     616619 ERHS 
  0.1          501          501      100001           0          5 JACLD [THROTTLED]
  0.1          501          501           1           0     501182 MPI_Finalize() 
  0.1          495          495      100001           0          5 JACU [THROTTLED]
  0.1          485          485      100001           0          5 BLTS [THROTTLED]
  0.1          476          476      100001           0          5 BUTS [THROTTLED]
  0.1       0.0418          377           1           3     377500 INIT_COMM 
  0.1          377          377           1           0     377458 MPI_Init() 
  0.0          126          126     11485.4           0         11 MPI_Send() 
  0.0          116          118           1           1     118168 ERROR 
  0.0           38           66           4           4      16556 L2NORM 
  0.0           42           42          10           0       4295 MPI_Allreduce() 
  0.0           34           34      100001           0          0 EXACT [THROTTLED]
  0.0            6           27           2       31212      13846 SETBV 
  0.0           20           20      990.25           0         21 MPI_Irecv() 
  0.0            2            2           1           0       2848 ALLOC_SPACE 
  0.0        0.826            1           1        4.75       1523 PINTGR 
  0.0       0.0239            1           1     1.03125       1026 READ_INPUT 
  0.0       0.0104            1           1          10       1002 BCAST_INPUTS 
  0.0        0.992        0.992          10           0         99 MPI_Bcast() 
  0.0       0.0367       0.0367           2           0         18 MPI_Barrier() 
  0.0      0.00575       0.0251           1     3.28125         25 EXCHANGE_4 
  0.0      0.00159      0.00903         0.5       0.875         18 EXCHANGE_5 
  0.0     0.000687      0.00606        0.25     0.40625         24 EXCHANGE_6 
  0.0      0.00553      0.00553     0.03125           0        177 VERIFY 
  0.0      0.00209      0.00222           1           1          2 PROC_GRID 
  0.0     0.000969     0.000969           1           0          1 SETCOEFF 
  0.0     0.000594     0.000594           1           0          1 NEIGHBORS 
  0.0     0.000438     0.000438           1           0          0 MPI_Comm_rank() 
  0.0     0.000375     0.000375           1           0          0 MPI_Comm_size() 
  0.0     0.000313     0.000313           1           0          0 SUBDOMAIN 
  0.0     0.000125     0.000125           1           0          0 ISQRT2 
  0.0     3.13E-05     3.13E-05     0.03125           0          1 SET_CLASS 
