Reading Profile files in profile.*

FUNCTION SUMMARY (total):
---------------------------------------------------------------------------------------
%Time    Exclusive    Inclusive       #Call      #Subrs  Inclusive Name
              msec   total msec                          usec/call 
---------------------------------------------------------------------------------------
100.0            1  6:28:19.225         256         256   91012599 .TAU application
100.0          106  6:28:19.223         256       33024   91012592 MG_MPI 
 74.6        1,194  4:49:40.205       13056      665856    1331204 MG3P 
 50.6  2:37:43.475  3:16:33.531      144128      144128      81827 RESID 
 24.4  1:06:45.422  1:34:51.518      143616      143616      39630 PSINV 
 23.0        2,655  1:29:15.449      418816 6.60926E+06      12787 COMM3 
 11.2    21:21.513    43:26.212      130560      130560      19962 RPRJ3 
  9.9    34:37.309    38:22.172      130560      130560      17633 INTERP 
  8.7     3:36.561    33:53.658 2.18486E+06 2.18486E+06        931 GIVE3 
  8.4    32:28.450    32:39.555 2.23709E+06 2.23709E+06        876 READY 
  7.8    30:17.238    30:17.238 2.23709E+06           0        812 MPI_Send() 
  6.0     3:33.133    23:21.007 2.18486E+06 2.18486E+06        641 TAKE3 
  5.9    22:50.916    22:50.916 2.23709E+06           0        613 MPI_Wait() 
  1.5     6:00.388     6:00.388      186256           0       1935 ZERO3 
  1.1     2:42.541     4:24.169         512      187226     515956 ZRAN3 
  1.0          148     3:44.863      130560      156672       1722 COMM3_EX 
  0.8           53     3:03.095       52224       52224       3506 TAKE3_EX 
  0.6     2:16.082     2:16.082         256           0     531573 MPI_Init() 
  0.6     2:08.818     2:08.818         256           0     503196 MPI_Finalize() 
  0.3       56,647     1:15.472        1024        2048      73704 NORM2U3 
  0.1       25,553       25,553        1536           0      16636 MPI_Barrier() 
  0.1       19,210       19,210       22528           0        853 MPI_Allreduce() 
  0.0       11,104       11,104 2.23709E+06           0          5 MPI_Irecv() 
  0.0          489          489         256           0       1911 ALLOC_SPACE 
  0.0           33          174       52224       52224          3 GIVE3_EX 
  0.0          133          133        1792           0         74 MPI_Bcast() 
  0.0           36           36      163162           0          0 BUBBLE 
  0.0            3            3         256           0         15 MPI_Reduce() 
  0.0            1            1         512           0          4 SETUP 
  0.0            1            1        1536           0          1 POWER 
  0.0        0.124        0.124         256           0          0 MPI_Comm_size() 
  0.0        0.056        0.056         256           0          0 MPI_Comm_rank() 

FUNCTION SUMMARY (mean):
---------------------------------------------------------------------------------------
%Time    Exclusive    Inclusive       #Call      #Subrs  Inclusive Name
              msec   total msec                          usec/call 
---------------------------------------------------------------------------------------
100.0      0.00747     1:31.012           1           1   91012599 .TAU application
100.0        0.418     1:31.012           1         129   91012592 MG_MPI 
 74.6            4     1:07.891          51        2601    1331204 MG3P 
 50.6       36,966       46,068         563         563      81827 RESID 
 24.4       15,646       22,232         561         561      39630 PSINV 
 23.0           10       20,919        1636     25817.4      12787 COMM3 
 11.2        5,005       10,180         510         510      19962 RPRJ3 
  9.9        8,114        8,992         510         510      17633 INTERP 
  8.7          845        7,943     8534.62     8534.62        931 GIVE3 
  8.4        7,611        7,654     8738.62     8738.62        876 READY 
  7.8        7,098        7,098     8738.62           0        812 MPI_Send() 
  6.0          832        5,472     8534.62     8534.62        641 TAKE3 
  5.9        5,355        5,355     8738.62           0        613 MPI_Wait() 
  1.5        1,407        1,407     727.562           0       1935 ZERO3 
  1.1          634        1,031           2     731.352     515956 ZRAN3 
  1.0        0.579          878         510         612       1722 COMM3_EX 
  0.8        0.208          715         204         204       3506 TAKE3_EX 
  0.6          531          531           1           0     531573 MPI_Init() 
  0.6          503          503           1           0     503196 MPI_Finalize() 
  0.3          221          294           4           8      73704 NORM2U3 
  0.1           99           99           6           0      16636 MPI_Barrier() 
  0.1           75           75          88           0        853 MPI_Allreduce() 
  0.0           43           43     8738.62           0          5 MPI_Irecv() 
  0.0            1            1           1           0       1911 ALLOC_SPACE 
  0.0        0.129        0.683         204         204          3 GIVE3_EX 
  0.0         0.52         0.52           7           0         74 MPI_Bcast() 
  0.0        0.142        0.142     637.352           0          0 BUBBLE 
  0.0       0.0146       0.0146           1           0         15 MPI_Reduce() 
  0.0      0.00727      0.00727           2           0          4 SETUP 
  0.0      0.00558      0.00558           6           0          1 POWER 
  0.0     0.000484     0.000484           1           0          0 MPI_Comm_size() 
  0.0     0.000219     0.000219           1           0          0 MPI_Comm_rank() 
