Reading Profile files in profile.*

FUNCTION SUMMARY (total):
---------------------------------------------------------------------------------------
%Time    Exclusive    Inclusive       #Call      #Subrs  Inclusive Name
              msec   total msec                          usec/call 
---------------------------------------------------------------------------------------
100.0        0.318     5:45.904          64          64    5404755 .TAU application
100.0           29     5:45.904          64       26817    5404750 MPSP 
 79.5          111     4:34.866       25664      153984      10710 ADI 
 23.4       14,242     1:21.108       25728      360192       3153 COPY_FACES 
 20.5       22,293     1:10.979       25664 1.48851E+06       2766 Z_SOLVE 
 16.2       24,199       56,161       25664 1.48851E+06       2188 X_SOLVE 
 15.1       52,065       52,065       25728           0       2024 COMPUTE_RHS 
 15.0       19,024       51,967       25664 1.48851E+06       2025 Y_SOLVE 
 13.8       47,891       47,891 1.10362E+06           0         43 MPI_Waitall() 
  9.3       32,240       32,240          64           0     503757 MPI_Finalize() 
  9.1            1       31,417          64         320     490894 SETUP_MPI 
  9.1       31,352       31,352          64           0     489890 MPI_Init() 
  8.1       27,978       27,978      205312           0        136 LHSZ 
  5.7       19,808       19,808      205312           0         96 LHSX 
  4.5       15,470       15,470      205312           0         75 LHSY 
  2.4        8,146        8,146       25664           0        317 ADD 
  2.0        7,026        7,026 1.23226E+06           0          6 MPI_Isend() 
  2.0        6,832        6,832      205312           0         33 TZETAR 
  1.9        6,578        6,578       25664           0        256 TXINVR 
  1.2        1,824        3,979         128 1.28593E+07      31093 INITIALIZE 
  0.9        2,985        2,985 1.78206E+07           0          0 EXACT_SOLUTION 
  0.4          752        1,432          64     3.9E+06      22377 EXACT_RHS 
  0.4        1,329        1,329 1.23226E+06           0          1 MPI_Irecv() 
  0.4        1,275        1,275         128           0       9963 MPI_Barrier() 
  0.3        1,046        1,046      205312           0          5 PINVR 
  0.3        1,009        1,009      205312           0          5 NINVR 
  0.2        0.759          523          64         192       8181 VERIFY 
  0.1          120          309          64 1.06127E+06       4834 ERROR_NORM 
  0.0           62           62         128           0        488 MPI_Comm_dup() 
  0.0           59           59         128           0        461 MPI_Allreduce() 
  0.0           50           50          64           0        791 LHSINIT 
  0.0           46           46         256           0        184 MPI_Bcast() 
  0.0           40           40          64           0        637 ALLOC_SPACE 
  0.0            3           24          64          64        388 RHS_NORM 
  0.0            1            1          64           0         17 MPI_Reduce() 
  0.0        0.112        0.112          64           0          2 SET_CONSTANTS 
  0.0        0.076        0.076          64           0          1 MAKE_SET 
  0.0        0.034        0.034          64           0          1 COMPUTE_BUFFER_SIZE 
  0.0        0.023        0.023          64           0          0 MPI_Comm_size() 
  0.0         0.01         0.01          64           0          0 MPI_Comm_rank() 
  0.0        0.001        0.001           1           0          1 SET_CLASS 

FUNCTION SUMMARY (mean):
---------------------------------------------------------------------------------------
%Time    Exclusive    Inclusive       #Call      #Subrs  Inclusive Name
              msec   total msec                          usec/call 
---------------------------------------------------------------------------------------
100.0      0.00497        5,404           1           1    5404755 .TAU application
100.0        0.462        5,404           1     419.016    5404750 MPSP 
 79.5            1        4,294         401        2406      10710 ADI 
 23.4          222        1,267         402        5628       3153 COPY_FACES 
 20.5          348        1,109         401       23258       2766 Z_SOLVE 
 16.2          378          877         401       23258       2188 X_SOLVE 
 15.1          813          813         402           0       2024 COMPUTE_RHS 
 15.0          297          811         401       23258       2025 Y_SOLVE 
 13.8          748          748       17244           0         43 MPI_Waitall() 
  9.3          503          503           1           0     503757 MPI_Finalize() 
  9.1       0.0277          490           1           5     490894 SETUP_MPI 
  9.1          489          489           1           0     489890 MPI_Init() 
  8.1          437          437        3208           0        136 LHSZ 
  5.7          309          309        3208           0         96 LHSX 
  4.5          241          241        3208           0         75 LHSY 
  2.4          127          127         401           0        317 ADD 
  2.0          109          109       19254           0          6 MPI_Isend() 
  2.0          106          106        3208           0         33 TZETAR 
  1.9          102          102         401           0        256 TXINVR 
  1.2           28           62           2      200927      31093 INITIALIZE 
  0.9           46           46      278446           0          0 EXACT_SOLUTION 
  0.4           11           22           1     60937.5      22377 EXACT_RHS 
  0.4           20           20       19254           0          1 MPI_Irecv() 
  0.4           19           19           2           0       9963 MPI_Barrier() 
  0.3           16           16        3208           0          5 PINVR 
  0.3           15           15        3208           0          5 NINVR 
  0.2       0.0119            8           1           3       8181 VERIFY 
  0.1            1            4           1     16582.4       4834 ERROR_NORM 
  0.0        0.976        0.976           2           0        488 MPI_Comm_dup() 
  0.0        0.922        0.922           2           0        461 MPI_Allreduce() 
  0.0        0.791        0.791           1           0        791 LHSINIT 
  0.0        0.734        0.734           4           0        184 MPI_Bcast() 
  0.0        0.637        0.637           1           0        637 ALLOC_SPACE 
  0.0       0.0624        0.388           1           1        388 RHS_NORM 
  0.0       0.0171       0.0171           1           0         17 MPI_Reduce() 
  0.0      0.00175      0.00175           1           0          2 SET_CONSTANTS 
  0.0      0.00119      0.00119           1           0          1 MAKE_SET 
  0.0     0.000531     0.000531           1           0          1 COMPUTE_BUFFER_SIZE 
  0.0     0.000359     0.000359           1           0          0 MPI_Comm_size() 
  0.0     0.000156     0.000156           1           0          0 MPI_Comm_rank() 
  0.0     1.56E-05     1.56E-05    0.015625           0          1 SET_CLASS 
