Reading Profile files in profile.*

FUNCTION SUMMARY (total):
---------------------------------------------------------------------------------------
%Time    Exclusive    Inclusive       #Call      #Subrs  Inclusive Name
              msec   total msec                          usec/call 
---------------------------------------------------------------------------------------
100.0        0.777  2:40:48.004         128         128   75375032 .TAU application
100.0           20  2:40:48.003         128       11136   75375026 FT 
 92.0           15  2:27:56.476        3456       13824    2568425 FFT 
 48.1     1:43.083  1:17:17.655 8.84736E+06 9.02431E+07        524 CFFTZ 
 47.0  1:15:34.571  1:15:34.571 9.02431E+07           0         50 FFTZ2 
 39.3    11:59.449  1:03:15.567        6912 5.31533E+06     549127 CFFTS1 
 25.8    15:24.374    41:25.914        3456  3.5424E+06     719304 CFFTS2 
 22.1            8    35:27.866        3200        9600     664958 TRANSPOSE_X_YZ 
 16.2           10    26:04.077        3456        3456     452569 TRANSPOSE2_GLOBAL 
 16.2    26:04.066    26:04.066        3456           0     452566 MPI_Alltoall() 
  7.6    12:15.237    12:15.237        3456           0     212742 TRANSPOSE2_LOCAL 
  4.8            3     7:47.112         256         768    1824660 TRANSPOSE_XY_Z 
  3.8     6:03.870     6:03.870        3200           0     113710 EVOLVE 
  3.1     4:55.651     4:55.651        3456           0      85547 TRANSPOSE2_FINISH 
  1.7     2:46.500     2:46.500         256           0     650393 COMPUTE_INDEXMAP 
  1.0     1:32.800     1:32.800         128           0     725000 MPI_Finalize() 
  0.8            8     1:16.954         128        1409     601205 SETUP 
  0.8     1:16.395     1:16.395         128           0     596840 MPI_Init() 
  0.3           18       29,785        3200        3200       9308 CHECKSUM 
  0.3       29,766       29,766        3200           0       9302 MPI_Reduce() 
  0.2       21,626       21,626         128           0     168959 MPI_Barrier() 
  0.2       19,915       19,916         256         512      77797 COMPUTE_INITIAL_CONDITIONS 
  0.0          218          218         128           0       1705 ALLOC_SPACE 
  0.0          205          205         256           0        804 MPI_Comm_split() 
  0.0          125          125         640           0        196 MPI_Bcast() 
  0.0           52           52         256         256        206 FFT_INIT 
  0.0            2            2       10624           0          0 ILOG2 
  0.0        0.194        0.194         512           0          0 IPOW46 
  0.0        0.078        0.078         128           0          1 MPI_Comm_size() 
  0.0         0.04         0.04         128           0          0 VERIFY 
  0.0        0.018        0.018         128           0          0 MPI_Comm_rank() 
  0.0        0.001        0.001           1           0          1 SET_CLASS 

FUNCTION SUMMARY (mean):
---------------------------------------------------------------------------------------
%Time    Exclusive    Inclusive       #Call      #Subrs  Inclusive Name
              msec   total msec                          usec/call 
---------------------------------------------------------------------------------------
100.0      0.00607     1:15.375           1           1   75375032 .TAU application
100.0        0.157     1:15.375           1          87   75375026 FT 
 92.0        0.119     1:09.347          27         108    2568425 FFT 
 48.1          805       36,231       69120      705024        524 CFFTZ 
 47.0       35,426       35,426      705024           0         50 FFTZ2 
 39.3        5,620       29,652          54       41526     549127 CFFTS1 
 25.8        7,221       19,421          27       27675     719304 CFFTS2 
 22.1       0.0693       16,623          25          75     664958 TRANSPOSE_X_YZ 
 16.2       0.0858       12,219          27          27     452569 TRANSPOSE2_GLOBAL 
 16.2       12,219       12,219          27           0     452566 MPI_Alltoall() 
  7.6        5,744        5,744          27           0     212742 TRANSPOSE2_LOCAL 
  4.8       0.0265        3,649           2           6    1824660 TRANSPOSE_XY_Z 
  3.8        2,842        2,842          25           0     113710 EVOLVE 
  3.1        2,309        2,309          27           0      85547 TRANSPOSE2_FINISH 
  1.7        1,300        1,300           2           0     650393 COMPUTE_INDEXMAP 
  1.0          725          725           1           0     725000 MPI_Finalize() 
  0.8       0.0687          601           1     11.0078     601205 SETUP 
  0.8          596          596           1           0     596840 MPI_Init() 
  0.3        0.145          232          25          25       9308 CHECKSUM 
  0.3          232          232          25           0       9302 MPI_Reduce() 
  0.2          168          168           1           0     168959 MPI_Barrier() 
  0.2          155          155           2           4      77797 COMPUTE_INITIAL_CONDITIONS 
  0.0            1            1           1           0       1705 ALLOC_SPACE 
  0.0            1            1           2           0        804 MPI_Comm_split() 
  0.0        0.982        0.982           5           0        196 MPI_Bcast() 
  0.0        0.411        0.412           2           2        206 FFT_INIT 
  0.0       0.0232       0.0232          83           0          0 ILOG2 
  0.0      0.00152      0.00152           4           0          0 IPOW46 
  0.0     0.000609     0.000609           1           0          1 MPI_Comm_size() 
  0.0     0.000313     0.000313           1           0          0 VERIFY 
  0.0     0.000141     0.000141           1           0          0 MPI_Comm_rank() 
  0.0     7.81E-06     7.81E-06   0.0078125           0          1 SET_CLASS 
