Reading Profile files in profile.*

FUNCTION SUMMARY (total):
---------------------------------------------------------------------------------------
%Time    Exclusive    Inclusive       #Call      #Subrs  Inclusive Name
              msec   total msec                          usec/call 
---------------------------------------------------------------------------------------
100.0         0.12    28:08.582          25          25   67543316 .TAU application
100.0           21    28:08.582          25       10476   67543311 MPSP 
 91.3           74    25:41.605       10025       60150     153776 ADI 
 26.7       45,598     7:31.023       10050      140700      44878 COPY_FACES 
 21.6     6:04.684     6:04.684       10050           0      36287 COMPUTE_RHS 
 21.3     1:52.492     5:59.368       10025      340850      35847 Z_SOLVE 
 20.8     2:42.366     5:50.565       10025      340850      34969 X_SOLVE 
 17.8     2:08.438     5:00.570       10025      340850      29982 Y_SOLVE 
 14.5     4:05.254     4:05.254      250650           0        978 MPI_Waitall() 
  9.7     2:43.012     2:43.012       50125           0       3252 LHSZ 
  6.7     1:53.674     1:53.674          25           0    4546967 MPI_Finalize() 
  6.4     1:47.589     1:47.589       50125           0       2146 LHSY 
  5.2     1:28.394     1:28.394       50125           0       1763 LHSX 
  2.5       42,793       42,793       10025           0       4269 TXINVR 
  2.3       38,325       38,325       10025           0       3823 ADD 
  1.7       29,420       29,420       50125           0        587 TZETAR 
  0.8        0.646       13,729          25         125     549164 SETUP_MPI 
  0.8       13,714       13,714          25           0     548589 MPI_Init() 
  0.8        5,695       12,953          50 5.13333E+07     259078 INITIALIZE 
  0.6        9,773        9,773 6.92552E+07           0          0 EXACT_SOLUTION 
  0.3        5,855        5,855       50125           0        117 NINVR 
  0.3        5,561        5,561       50125           0        111 PINVR 
  0.2        1,926        3,846          25 1.36704E+07     153853 EXACT_RHS 
  0.1        0.509        2,340          25          75      93603 VERIFY 
  0.1        2,199        2,199      300900           0          7 MPI_Isend() 
  0.1          480        1,125          25 4.25155E+06      45029 ERROR_NORM 
  0.0          658          658      300900           0          2 MPI_Irecv() 
  0.0          180          180          25           0       7212 LHSINIT 
  0.0          131          131          25           0       5253 ALLOC_SPACE 
  0.0          109          109          50           0       2180 MPI_Allreduce() 
  0.0           38           97          25          25       3918 RHS_NORM 
  0.0           89           89          50           0       1799 MPI_Barrier() 
  0.0           13           13          50           0        274 MPI_Comm_dup() 
  0.0           10           10         100           0        109 MPI_Bcast() 
  0.0        0.489        0.489          25           0         20 MPI_Reduce() 
  0.0         0.05         0.05          25           0          2 SET_CONSTANTS 
  0.0        0.034        0.034          25           0          1 MAKE_SET 
  0.0        0.013        0.013          25           0          1 COMPUTE_BUFFER_SIZE 
  0.0        0.011        0.011          25           0          0 MPI_Comm_size() 
  0.0        0.004        0.004          25           0          0 MPI_Comm_rank() 
  0.0            0            0           1           0          0 SET_CLASS 

FUNCTION SUMMARY (mean):
---------------------------------------------------------------------------------------
%Time    Exclusive    Inclusive       #Call      #Subrs  Inclusive Name
              msec   total msec                          usec/call 
---------------------------------------------------------------------------------------
100.0       0.0048     1:07.543           1           1   67543316 .TAU application
100.0         0.84     1:07.543           1      419.04   67543311 MPSP 
 91.3            2     1:01.664         401        2406     153776 ADI 
 26.7        1,823       18,040         402        5628      44878 COPY_FACES 
 21.6       14,587       14,587         402           0      36287 COMPUTE_RHS 
 21.3        4,499       14,374         401       13634      35847 Z_SOLVE 
 20.8        6,494       14,022         401       13634      34969 X_SOLVE 
 17.8        5,137       12,022         401       13634      29982 Y_SOLVE 
 14.5        9,810        9,810       10026           0        978 MPI_Waitall() 
  9.7        6,520        6,520        2005           0       3252 LHSZ 
  6.7        4,546        4,546           1           0    4546967 MPI_Finalize() 
  6.4        4,303        4,303        2005           0       2146 LHSY 
  5.2        3,535        3,535        2005           0       1763 LHSX 
  2.5        1,711        1,711         401           0       4269 TXINVR 
  2.3        1,533        1,533         401           0       3823 ADD 
  1.7        1,176        1,176        2005           0        587 TZETAR 
  0.8       0.0258          549           1           5     549164 SETUP_MPI 
  0.8          548          548           1           0     548589 MPI_Init() 
  0.8          227          518           2 2.05333E+06     259078 INITIALIZE 
  0.6          390          390 2.77021E+06           0          0 EXACT_SOLUTION 
  0.3          234          234        2005           0        117 NINVR 
  0.3          222          222        2005           0        111 PINVR 
  0.2           77          153           1      546816     153853 EXACT_RHS 
  0.1       0.0204           93           1           3      93603 VERIFY 
  0.1           87           87       12036           0          7 MPI_Isend() 
  0.1           19           45           1      170062      45029 ERROR_NORM 
  0.0           26           26       12036           0          2 MPI_Irecv() 
  0.0            7            7           1           0       7212 LHSINIT 
  0.0            5            5           1           0       5253 ALLOC_SPACE 
  0.0            4            4           2           0       2180 MPI_Allreduce() 
  0.0            1            3           1           1       3918 RHS_NORM 
  0.0            3            3           2           0       1799 MPI_Barrier() 
  0.0        0.548        0.548           2           0        274 MPI_Comm_dup() 
  0.0        0.435        0.435           4           0        109 MPI_Bcast() 
  0.0       0.0196       0.0196           1           0         20 MPI_Reduce() 
  0.0        0.002        0.002           1           0          2 SET_CONSTANTS 
  0.0      0.00136      0.00136           1           0          1 MAKE_SET 
  0.0      0.00052      0.00052           1           0          1 COMPUTE_BUFFER_SIZE 
  0.0      0.00044      0.00044           1           0          0 MPI_Comm_size() 
  0.0      0.00016      0.00016           1           0          0 MPI_Comm_rank() 
  0.0            0            0        0.04           0          0 SET_CLASS 
