Reading Profile files in profile.*

FUNCTION SUMMARY (total):
---------------------------------------------------------------------------------------
%Time    Exclusive    Inclusive       #Call      #Subrs  Inclusive Name
              msec   total msec                          usec/call 
---------------------------------------------------------------------------------------
100.0        0.117     6:57.286          25          25   16691452 .TAU application
100.0           17     6:57.286          25       10476   16691447 MPSP 
 69.3           57     4:49.348       10025       60150      28863 ADI 
 26.1     1:48.963     1:48.963          25           0    4358542 MPI_Finalize() 
 18.7       15,702     1:17.999       10050      140700       7761 COPY_FACES 
 17.8       20,165     1:14.145       10025      340850       7396 Z_SOLVE 
 15.4       28,832     1:04.203       10025      340850       6404 X_SOLVE 
 13.3       24,001       55,427       10025      340850       5529 Y_SOLVE 
 12.3       51,523       51,523       10050           0       5127 COMPUTE_RHS 
  9.6       40,169       40,169      250650           0        160 MPI_Waitall() 
  9.3       38,983       38,983       50125           0        778 LHSZ 
  5.3       21,918       21,918       50125           0        437 LHSY 
  4.9       20,384       20,384       50125           0        407 LHSX 
  3.4        0.625       14,119          25         125     564796 SETUP_MPI 
  3.4       14,106       14,106          25           0     564275 MPI_Init() 
  2.2        9,065        9,065       10025           0        904 TXINVR 
  2.1        8,643        8,643       10025           0        862 ADD 
  1.7        6,928        6,928       50125           0        138 TZETAR 
  0.8        1,407        3,215          50 1.28593E+07      64312 INITIALIZE 
  0.6        2,456        2,456 1.74606E+07           0          0 EXACT_SOLUTION 
  0.3        1,052        1,052      300900           0          3 MPI_Isend() 
  0.2          494          992          25    3.54E+06      39708 EXACT_RHS 
  0.2          940          940       50125           0         19 PINVR 
  0.2          933          933       50125           0         19 NINVR 
  0.1        0.676          502          25          75      20093 VERIFY 
  0.1          120          288          25 1.06123E+06      11541 ERROR_NORM 
  0.1          239          239      300900           0          1 MPI_Irecv() 
  0.0           51           51          25           0       2046 LHSINIT 
  0.0           42           42          25           0       1680 ALLOC_SPACE 
  0.0           29           29          50           0        586 MPI_Allreduce() 
  0.0           21           21          50           0        422 MPI_Barrier() 
  0.0            6           18          25          25        728 RHS_NORM 
  0.0           12           12          50           0        248 MPI_Comm_dup() 
  0.0           11           11         100           0        114 MPI_Bcast() 
  0.0        0.532        0.532          25           0         21 MPI_Reduce() 
  0.0        0.036        0.036          25           0          1 SET_CONSTANTS 
  0.0        0.027        0.027          25           0          1 MAKE_SET 
  0.0        0.009        0.009          25           0          0 COMPUTE_BUFFER_SIZE 
  0.0        0.005        0.005          25           0          0 MPI_Comm_size() 
  0.0        0.004        0.004          25           0          0 MPI_Comm_rank() 
  0.0            0            0           1           0          0 SET_CLASS 

FUNCTION SUMMARY (mean):
---------------------------------------------------------------------------------------
%Time    Exclusive    Inclusive       #Call      #Subrs  Inclusive Name
              msec   total msec                          usec/call 
---------------------------------------------------------------------------------------
100.0      0.00468       16,691           1           1   16691452 .TAU application
100.0        0.713       16,691           1      419.04   16691447 MPSP 
 69.3            2       11,573         401        2406      28863 ADI 
 26.1        4,358        4,358           1           0    4358542 MPI_Finalize() 
 18.7          628        3,119         402        5628       7761 COPY_FACES 
 17.8          806        2,965         401       13634       7396 Z_SOLVE 
 15.4        1,153        2,568         401       13634       6404 X_SOLVE 
 13.3          960        2,217         401       13634       5529 Y_SOLVE 
 12.3        2,060        2,060         402           0       5127 COMPUTE_RHS 
  9.6        1,606        1,606       10026           0        160 MPI_Waitall() 
  9.3        1,559        1,559        2005           0        778 LHSZ 
  5.3          876          876        2005           0        437 LHSY 
  4.9          815          815        2005           0        407 LHSX 
  3.4        0.025          564           1           5     564796 SETUP_MPI 
  3.4          564          564           1           0     564275 MPI_Init() 
  2.2          362          362         401           0        904 TXINVR 
  2.1          345          345         401           0        862 ADD 
  1.7          277          277        2005           0        138 TZETAR 
  0.8           56          128           2      514374      64312 INITIALIZE 
  0.6           98           98      698422           0          0 EXACT_SOLUTION 
  0.3           42           42       12036           0          3 MPI_Isend() 
  0.2           19           39           1      141600      39708 EXACT_RHS 
  0.2           37           37        2005           0         19 PINVR 
  0.2           37           37        2005           0         19 NINVR 
  0.1        0.027           20           1           3      20093 VERIFY 
  0.1            4           11           1     42449.3      11541 ERROR_NORM 
  0.1            9            9       12036           0          1 MPI_Irecv() 
  0.0            2            2           1           0       2046 LHSINIT 
  0.0            1            1           1           0       1680 ALLOC_SPACE 
  0.0            1            1           2           0        586 MPI_Allreduce() 
  0.0        0.844        0.844           2           0        422 MPI_Barrier() 
  0.0        0.279        0.728           1           1        728 RHS_NORM 
  0.0        0.496        0.496           2           0        248 MPI_Comm_dup() 
  0.0        0.456        0.456           4           0        114 MPI_Bcast() 
  0.0       0.0213       0.0213           1           0         21 MPI_Reduce() 
  0.0      0.00144      0.00144           1           0          1 SET_CONSTANTS 
  0.0      0.00108      0.00108           1           0          1 MAKE_SET 
  0.0      0.00036      0.00036           1           0          0 COMPUTE_BUFFER_SIZE 
  0.0       0.0002       0.0002           1           0          0 MPI_Comm_size() 
  0.0      0.00016      0.00016           1           0          0 MPI_Comm_rank() 
  0.0            0            0        0.04           0          0 SET_CLASS 
