Reading Profile files in profile.*

FUNCTION SUMMARY (total):
---------------------------------------------------------------------------------------
%Time    Exclusive    Inclusive       #Call      #Subrs  Inclusive Name
              msec   total msec                          usec/call 
---------------------------------------------------------------------------------------
100.0        0.182    25:58.568          36          36   43293574 .TAU application
100.0           27    25:58.568          36       15085   43293569 MPSP 
 96.4           96    25:02.702       14436       86616     104094 ADI 
 24.9       56,307     6:28.256       14472      202608      26828 COPY_FACES 
 24.2     1:38.249     6:16.871       14436      606312      26106 Z_SOLVE 
 22.3     2:04.574     5:47.896       14436      606312      24099 Y_SOLVE 
 20.0     2:26.141     5:12.150       14436      606312      21623 X_SOLVE 
 18.6     4:49.190     4:49.190       14472           0      19983 COMPUTE_RHS 
 17.2     4:28.168     4:28.168      447552           0        599 MPI_Waitall() 
 12.3     3:11.427     3:11.427       86616           0       2210 LHSZ 
  7.1     1:50.815     1:50.815       86616           0       1279 LHSY 
  6.1     1:34.557     1:34.557       86616           0       1092 LHSX 
  2.6       40,183       40,183       14436           0       2784 ADD 
  2.4       38,170       38,170       14436           0       2644 TXINVR 
  1.7       27,216       27,216       86616           0        314 TZETAR 
  1.2       18,976       18,976          36           0     527132 MPI_Finalize() 
  1.1            1       16,883          36         180     468975 SETUP_MPI 
  1.1       16,859       16,859          36           0     468324 MPI_Init() 
  0.9        5,892       13,334          72 5.13333E+07     185195 INITIALIZE 
  0.6       10,003       10,003 6.95624E+07           0          0 EXACT_SOLUTION 
  0.4        5,666        5,666      519912           0         11 MPI_Isend() 
  0.3        5,024        5,024       86616           0         58 PINVR 
  0.3        4,977        4,977       86616           0         57 NINVR 
  0.3        1,983        3,947          36 1.39776E+07     109662 EXACT_RHS 
  0.2        2,857        2,857      519912           0          5 MPI_Irecv() 
  0.1        0.672        2,230          36         108      61960 VERIFY 
  0.1          475        1,138          36 4.25156E+06      31629 ERROR_NORM 
  0.0          205          205          72           0       2859 MPI_Allreduce() 
  0.0          177          177          36           0       4928 LHSINIT 
  0.0           26          167          36          36       4664 RHS_NORM 
  0.0          134          134          36           0       3723 ALLOC_SPACE 
  0.0          123          123          72           0       1722 MPI_Barrier() 
  0.0           30           30         144           0        209 MPI_Bcast() 
  0.0           22           22          72           0        311 MPI_Comm_dup() 
  0.0        0.608        0.608          36           0         17 MPI_Reduce() 
  0.0        0.067        0.067          36           0          2 SET_CONSTANTS 
  0.0        0.064        0.064          36           0          2 MAKE_SET 
  0.0        0.025        0.025          36           0          1 COMPUTE_BUFFER_SIZE 
  0.0         0.01         0.01          36           0          0 MPI_Comm_size() 
  0.0        0.005        0.005          36           0          0 MPI_Comm_rank() 
  0.0        0.001        0.001           1           0          1 SET_CLASS 

FUNCTION SUMMARY (mean):
---------------------------------------------------------------------------------------
%Time    Exclusive    Inclusive       #Call      #Subrs  Inclusive Name
              msec   total msec                          usec/call 
---------------------------------------------------------------------------------------
100.0      0.00506       43,293           1           1   43293574 .TAU application
100.0        0.751       43,293           1     419.028   43293569 MPSP 
 96.4            2       41,741         401        2406     104094 ADI 
 24.9        1,564       10,784         402        5628      26828 COPY_FACES 
 24.2        2,729       10,468         401       16842      26106 Z_SOLVE 
 22.3        3,460        9,663         401       16842      24099 Y_SOLVE 
 20.0        4,059        8,670         401       16842      21623 X_SOLVE 
 18.6        8,033        8,033         402           0      19983 COMPUTE_RHS 
 17.2        7,449        7,449       12432           0        599 MPI_Waitall() 
 12.3        5,317        5,317        2406           0       2210 LHSZ 
  7.1        3,078        3,078        2406           0       1279 LHSY 
  6.1        2,626        2,626        2406           0       1092 LHSX 
  2.6        1,116        1,116         401           0       2784 ADD 
  2.4        1,060        1,060         401           0       2644 TXINVR 
  1.7          756          756        2406           0        314 TZETAR 
  1.2          527          527           1           0     527132 MPI_Finalize() 
  1.1       0.0283          468           1           5     468975 SETUP_MPI 
  1.1          468          468           1           0     468324 MPI_Init() 
  0.9          163          370           2 1.42592E+06     185195 INITIALIZE 
  0.6          277          277 1.93229E+06           0          0 EXACT_SOLUTION 
  0.4          157          157       14442           0         11 MPI_Isend() 
  0.3          139          139        2406           0         58 PINVR 
  0.3          138          138        2406           0         57 NINVR 
  0.3           55          109           1      388267     109662 EXACT_RHS 
  0.2           79           79       14442           0          5 MPI_Irecv() 
  0.1       0.0187           61           1           3      61960 VERIFY 
  0.1           13           31           1      118099      31629 ERROR_NORM 
  0.0            5            5           2           0       2859 MPI_Allreduce() 
  0.0            4            4           1           0       4928 LHSINIT 
  0.0        0.726            4           1           1       4664 RHS_NORM 
  0.0            3            3           1           0       3723 ALLOC_SPACE 
  0.0            3            3           2           0       1722 MPI_Barrier() 
  0.0        0.837        0.837           4           0        209 MPI_Bcast() 
  0.0        0.623        0.623           2           0        311 MPI_Comm_dup() 
  0.0       0.0169       0.0169           1           0         17 MPI_Reduce() 
  0.0      0.00186      0.00186           1           0          2 SET_CONSTANTS 
  0.0      0.00178      0.00178           1           0          2 MAKE_SET 
  0.0     0.000694     0.000694           1           0          1 COMPUTE_BUFFER_SIZE 
  0.0     0.000278     0.000278           1           0          0 MPI_Comm_size() 
  0.0     0.000139     0.000139           1           0          0 MPI_Comm_rank() 
  0.0     2.78E-05     2.78E-05   0.0277778           0          1 SET_CLASS 
