Reading Profile files in profile.*

FUNCTION SUMMARY (total):
---------------------------------------------------------------------------------------
%Time    Exclusive    Inclusive       #Call      #Subrs  Inclusive Name
              msec   total msec                          usec/call 
---------------------------------------------------------------------------------------
100.0        0.478     2:03.500          64          64    1929691 .TAU application
100.0           10     2:03.499          64        4416    1929683 MG_MPI 
 33.8           21       41,768        1344       55104      31078 MG3P 
 26.3       32,478       32,478          64           0     507477 MPI_Init() 
 24.8       21,394       30,598       12224       12224       2503 RESID 
 24.1       29,753       29,753          64           0     464895 MPI_Finalize() 
 13.2           88       16,317       35200      593616        464 COMM3 
 11.3        9,410       13,931       12096       12096       1152 PSINV 
  7.3        1,785        8,993      197088      197088         46 GIVE3 
  5.8        7,210        7,210      201120           0         36 MPI_Send() 
  5.6        4,663        6,868       10752       10752        639 RPRJ3 
  3.7        4,357        4,590       10752       10752        427 INTERP 
  3.5        1,256        4,333      197088      197088         22 TAKE3 
  2.6        3,250        3,250      201120           0         16 MPI_Wait() 
  2.4        2,846        2,950      201120      201120         15 READY 
  2.4        1,209        2,902         128       39880      22674 ZRAN3 
  1.4        1,706        1,706       13360           0        128 ZERO3 
  0.8          754        1,037         256         512       4053 NORM2U3 
  0.6          722          722         384           0       1882 MPI_Barrier() 
  0.3          349          349        5632           0         62 MPI_Allreduce() 
  0.2            5          232       10752       12096         22 COMM3_EX 
  0.1            1          175        4032        4032         43 TAKE3_EX 
  0.1          103          103      201120           0          1 MPI_Irecv() 
  0.1           71           71          64           0       1112 ALLOC_SPACE 
  0.0           38           38         448           0         87 MPI_Bcast() 
  0.0            5            5       33864           0          0 BUBBLE 
  0.0            1            4        4032        4032          1 GIVE3_EX 
  0.0        0.747        0.747          64           0         12 MPI_Reduce() 
  0.0        0.322        0.322         128           0          3 SETUP 
  0.0        0.211        0.211         384           0          1 POWER 
  0.0        0.026        0.026          64           0          0 MPI_Comm_size() 
  0.0        0.016        0.016          64           0          0 MPI_Comm_rank() 

FUNCTION SUMMARY (mean):
---------------------------------------------------------------------------------------
%Time    Exclusive    Inclusive       #Call      #Subrs  Inclusive Name
              msec   total msec                          usec/call 
---------------------------------------------------------------------------------------
100.0      0.00747        1,929           1           1    1929691 .TAU application
100.0        0.158        1,929           1          69    1929683 MG_MPI 
 33.8        0.343          652          21         861      31078 MG3P 
 26.3          507          507           1           0     507477 MPI_Init() 
 24.8          334          478         191         191       2503 RESID 
 24.1          464          464           1           0     464895 MPI_Finalize() 
 13.2            1          254         550     9275.25        464 COMM3 
 11.3          147          217         189         189       1152 PSINV 
  7.3           27          140      3079.5      3079.5         46 GIVE3 
  5.8          112          112      3142.5           0         36 MPI_Send() 
  5.6           72          107         168         168        639 RPRJ3 
  3.7           68           71         168         168        427 INTERP 
  3.5           19           67      3079.5      3079.5         22 TAKE3 
  2.6           50           50      3142.5           0         16 MPI_Wait() 
  2.4           44           46      3142.5      3142.5         15 READY 
  2.4           18           45           2     623.125      22674 ZRAN3 
  1.4           26           26      208.75           0        128 ZERO3 
  0.8           11           16           4           8       4053 NORM2U3 
  0.6           11           11           6           0       1882 MPI_Barrier() 
  0.3            5            5          88           0         62 MPI_Allreduce() 
  0.2       0.0791            3         168         189         22 COMM3_EX 
  0.1       0.0249            2          63          63         43 TAKE3_EX 
  0.1            1            1      3142.5           0          1 MPI_Irecv() 
  0.1            1            1           1           0       1112 ALLOC_SPACE 
  0.0        0.609        0.609           7           0         87 MPI_Bcast() 
  0.0       0.0929       0.0929     529.125           0          0 BUBBLE 
  0.0        0.026       0.0642          63          63          1 GIVE3_EX 
  0.0       0.0117       0.0117           1           0         12 MPI_Reduce() 
  0.0      0.00503      0.00503           2           0          3 SETUP 
  0.0       0.0033       0.0033           6           0          1 POWER 
  0.0     0.000406     0.000406           1           0          0 MPI_Comm_size() 
  0.0      0.00025      0.00025           1           0          0 MPI_Comm_rank() 
