Reading Profile files in profile.*

FUNCTION SUMMARY (total):
---------------------------------------------------------------------------------------
%Time    Exclusive    Inclusive       #Call      #Subrs  Inclusive Name
              msec   total msec                          usec/call 
---------------------------------------------------------------------------------------
100.0        0.157  4:33:29.512          32          32  512797255 .TAU application
100.0            3  4:33:29.511          32         545  512797250 APPLU 
 98.3    13:51.495  4:28:46.465          64 1.60335E+09  251976031 SSOR 
 37.5  1:32:13.826  1:42:25.384        9696       19392     633806 RHS 
 12.2    33:19.153    33:19.153 3.96925E+08           0          5 JACLD 
 12.1    33:09.722    33:09.722 3.96925E+08           0          5 JACU 
 11.8    32:14.257    32:14.257 3.96925E+08           0          5 BLTS 
 11.6    31:41.764    31:41.764 3.96925E+08           0          5 BUTS 
  8.0       28,899    21:50.858 1.56424E+07 2.54188E+07         84 EXCHANGE_1 
  7.7    21:04.582    21:04.582 1.27094E+07           0         99 MPI_Recv() 
  3.7     2:56.882    10:14.950       19456       94848      31607 EXCHANGE_3 
  1.8     4:47.870     4:47.870       31688           0       9085 MPI_Wait() 
  1.3     1:25.225     3:27.507          64 8.03081E+08    3242298 SETIV 
  1.0     2:45.354     2:45.354 1.27411E+07           0         13 MPI_Send() 
  0.8     2:13.378     2:13.378 8.72002E+08           0          0 EXACT 
  0.2       21,906       25,299          32          64     790614 ERHS 
  0.1        7,479       19,972          32 6.69234E+07     624133 ERROR 
  0.1            1       15,196          32          96     474893 INIT_COMM 
  0.1       15,195       15,195          32           0     474852 MPI_Init() 
  0.1       14,169       14,169         320           0      44279 MPI_Allreduce() 
  0.1       13,794       13,794          32           0     431071 MPI_Finalize() 
  0.1        1,916       11,870         128         128      92738 L2NORM 
  0.0        2,220        2,220       31688           0         70 MPI_Irecv() 
  0.0          243        1,083          64 1.99757E+06      16933 SETBV 
  0.0          101          101          32           0       3179 ALLOC_SPACE 
  0.0           28           51          32         152       1624 PINTGR 
  0.0        0.869           34          32          33       1087 READ_INPUT 
  0.0        0.338           33          32         320       1060 BCAST_INPUTS 
  0.0           33           33         320           0        105 MPI_Bcast() 
  0.0            2            2          64           0         41 MPI_Barrier() 
  0.0        0.149        0.828          32         156         26 EXCHANGE_4 
  0.0        0.043        0.301          16          42         19 EXCHANGE_5 
  0.0        0.201        0.201           1           0        201 VERIFY 
  0.0         0.02        0.099           8          18         12 EXCHANGE_6 
  0.0        0.059        0.071          32          32          2 PROC_GRID 
  0.0        0.037        0.037          32           0          1 SETCOEFF 
  0.0        0.022        0.022          32           0          1 NEIGHBORS 
  0.0        0.016        0.016          32           0          0 MPI_Comm_size() 
  0.0        0.012        0.012          32           0          0 ISQRT2 
  0.0        0.008        0.008          32           0          0 MPI_Comm_rank() 
  0.0        0.007        0.007          32           0          0 SUBDOMAIN 
  0.0            0            0           1           0          0 SET_CLASS 

FUNCTION SUMMARY (mean):
---------------------------------------------------------------------------------------
%Time    Exclusive    Inclusive       #Call      #Subrs  Inclusive Name
              msec   total msec                          usec/call 
---------------------------------------------------------------------------------------
100.0      0.00491     8:32.797           1           1  512797255 .TAU application
100.0        0.114     8:32.797           1     17.0312  512797250 APPLU 
 98.3       25,984     8:23.952           2 5.01048E+07  251976031 SSOR 
 37.5     2:52.932     3:12.043         303         606     633806 RHS 
 12.2     1:02.473     1:02.473 1.24039E+07           0          5 JACLD 
 12.1     1:02.178     1:02.178 1.24039E+07           0          5 JACU 
 11.8     1:00.445     1:00.445 1.24039E+07           0          5 BLTS 
 11.6       59,430       59,430 1.24039E+07           0          5 BUTS 
  8.0          903       40,964      488824      794339         84 EXCHANGE_1 
  7.7       39,518       39,518      397170           0         99 MPI_Recv() 
  3.7        5,527       19,217         608        2964      31607 EXCHANGE_3 
  1.8        8,995        8,995      990.25           0       9085 MPI_Wait() 
  1.3        2,663        6,484           2 2.50963E+07    3242298 SETIV 
  1.0        5,167        5,167      398160           0         13 MPI_Send() 
  0.8        4,168        4,168 2.72501E+07           0          0 EXACT 
  0.2          684          790           1           2     790614 ERHS 
  0.1          233          624           1 2.09136E+06     624133 ERROR 
  0.1        0.041          474           1           3     474893 INIT_COMM 
  0.1          474          474           1           0     474852 MPI_Init() 
  0.1          442          442          10           0      44279 MPI_Allreduce() 
  0.1          431          431           1           0     431071 MPI_Finalize() 
  0.1           59          370           4           4      92738 L2NORM 
  0.0           69           69      990.25           0         70 MPI_Irecv() 
  0.0            7           33           2       62424      16933 SETBV 
  0.0            3            3           1           0       3179 ALLOC_SPACE 
  0.0         0.88            1           1        4.75       1624 PINTGR 
  0.0       0.0272            1           1     1.03125       1087 READ_INPUT 
  0.0       0.0106            1           1          10       1060 BCAST_INPUTS 
  0.0            1            1          10           0        105 MPI_Bcast() 
  0.0       0.0819       0.0819           2           0         41 MPI_Barrier() 
  0.0      0.00466       0.0259           1       4.875         26 EXCHANGE_4 
  0.0      0.00134      0.00941         0.5      1.3125         19 EXCHANGE_5 
  0.0      0.00628      0.00628     0.03125           0        201 VERIFY 
  0.0     0.000625      0.00309        0.25      0.5625         12 EXCHANGE_6 
  0.0      0.00184      0.00222           1           1          2 PROC_GRID 
  0.0      0.00116      0.00116           1           0          1 SETCOEFF 
  0.0     0.000687     0.000687           1           0          1 NEIGHBORS 
  0.0       0.0005       0.0005           1           0          0 MPI_Comm_size() 
  0.0     0.000375     0.000375           1           0          0 ISQRT2 
  0.0      0.00025      0.00025           1           0          0 MPI_Comm_rank() 
  0.0     0.000219     0.000219           1           0          0 SUBDOMAIN 
  0.0            0            0     0.03125           0          0 SET_CLASS 
