Reading Profile files in profile.*

FUNCTION SUMMARY (total):
---------------------------------------------------------------------------------------
%Time    Exclusive    Inclusive       #Call      #Subrs  Inclusive Name
              msec   total msec                          usec/call 
---------------------------------------------------------------------------------------
100.0        0.246  3:21:06.837          32          32  377088665 .TAU application
100.0        4,091  3:21:06.837          32       32576  377088657 CG 
 95.6  2:45:59.777  3:12:19.204        3232 2.52096E+06    3570298 CONJ_GRAD 
  8.9    17:57.936    17:57.936      850016           0       1268 MPI_Send() 
  4.1       32,494     8:12.804          32     9.6E+07   15400128 MAKEA 
  3.9     7:56.270     7:56.270      850016           0        560 MPI_Wait() 
  3.3     3:40.983     6:36.837     4.8E+07 1.40951E+09          8 SPRNVC 
  1.5     2:55.853     2:55.853 1.40951E+09           0          0 ICNVRT 
  0.5       56,415       56,415          32           0    1762978 SPARSE 
  0.2       25,643       25,643      850016           0         30 MPI_Irecv() 
  0.1            1       16,089          32         128     502795 INITIALIZE_MPI 
  0.1       16,072       16,072          32           0     502259 MPI_Init() 
  0.1       13,943       13,943          32           0     435740 MPI_Finalize() 
  0.1        7,057        7,057     4.8E+07           0          0 VECSET 
  0.0          260          260          32           0       8146 ALLOC_SPACE 
  0.0           17           17          32           0        538 MPI_Barrier() 
  0.0           15           15          32           0        473 MPI_Bcast() 
  0.0            2            2          32           0         66 MPI_Reduce() 
  0.0        0.026        0.026          32           0          1 SETUP_SUBMATRIX_INFO 
  0.0        0.016        0.016          32           0          0 MPI_Comm_size() 
  0.0        0.008        0.008          32           0          0 SETUP_PROC_INFO 
  0.0        0.007        0.007          32           0          0 MPI_Comm_rank() 

FUNCTION SUMMARY (mean):
---------------------------------------------------------------------------------------
%Time    Exclusive    Inclusive       #Call      #Subrs  Inclusive Name
              msec   total msec                          usec/call 
---------------------------------------------------------------------------------------
100.0      0.00769     6:17.088           1           1  377088665 .TAU application
100.0          127     6:17.088           1        1018  377088657 CG 
 95.6     5:11.243     6:00.600         101       78780    3570298 CONJ_GRAD 
  8.9       33,685       33,685       26563           0       1268 MPI_Send() 
  4.1        1,015       15,400           1       3E+06   15400128 MAKEA 
  3.9       14,883       14,883       26563           0        560 MPI_Wait() 
  3.3        6,905       12,401     1.5E+06 4.40472E+07          8 SPRNVC 
  1.5        5,495        5,495 4.40472E+07           0          0 ICNVRT 
  0.5        1,762        1,762           1           0    1762978 SPARSE 
  0.2          801          801       26563           0         30 MPI_Irecv() 
  0.1       0.0616          502           1           4     502795 INITIALIZE_MPI 
  0.1          502          502           1           0     502259 MPI_Init() 
  0.1          435          435           1           0     435740 MPI_Finalize() 
  0.1          220          220     1.5E+06           0          0 VECSET 
  0.0            8            8           1           0       8146 ALLOC_SPACE 
  0.0        0.538        0.538           1           0        538 MPI_Barrier() 
  0.0        0.473        0.473           1           0        473 MPI_Bcast() 
  0.0       0.0656       0.0656           1           0         66 MPI_Reduce() 
  0.0     0.000812     0.000812           1           0          1 SETUP_SUBMATRIX_INFO 
  0.0       0.0005       0.0005           1           0          0 MPI_Comm_size() 
  0.0      0.00025      0.00025           1           0          0 SETUP_PROC_INFO 
  0.0     0.000219     0.000219           1           0          0 MPI_Comm_rank() 
