Reading Profile files in profile.*

FUNCTION SUMMARY (total):
---------------------------------------------------------------------------------------
%Time    Exclusive    Inclusive       #Call      #Subrs  Inclusive Name
              msec   total msec                          usec/call 
---------------------------------------------------------------------------------------
100.0        0.155     1:24.785          32          32    2649552 .TAU application
100.0            1     1:24.785          32         545    2649547 APPLU 
 63.7        4,002       53,982          64 3.28753E+07     843474 SSOR 
 17.5            1       14,876          32          96     464901 INIT_COMM 
 17.5       14,875       14,875          32           0     464855 MPI_Init() 
 17.1       14,482       14,482          32           0     452591 MPI_Finalize() 
 13.3          900       11,305 1.99194E+06  3.2369E+06          6 EXCHANGE_1 
 12.7        6,935       10,797        8096       16192       1334 RHS 
 10.9        9,211        9,211 1.61845E+06           0          6 MPI_Recv() 
  8.8        7,435        7,435 7.71875E+06           0          1 JACLD 
  8.6        7,291        7,291 7.71875E+06           0          1 JACU 
  7.8        6,572        6,572 7.71875E+06           0          1 BLTS 
  7.7        6,513        6,513 7.71875E+06           0          1 BUTS 
  4.8          885        4,111       16256       79248        253 EXCHANGE_3 
  2.9        2,446        2,446 1.64494E+06           0          1 MPI_Send() 
  2.2        1,907        1,907       26488           0         72 MPI_Wait() 
  1.2          443        1,006          64 2.85994E+06      15731 SETIV 
  0.7          613          613 3.14742E+06           0          0 EXACT 
  0.4           69          318          32          64       9949 ERHS 
  0.1           26           67          32      238360       2111 ERROR 
  0.1           66           66       26488           0          2 MPI_Irecv() 
  0.1           64           64         320           0        202 MPI_Allreduce() 
  0.1            3           46         128         128        362 L2NORM 
  0.0        0.716           22          32          33        694 READ_INPUT 
  0.0            7           22          64       49152        345 SETBV 
  0.0        0.404           21          32         320        672 BCAST_INPUTS 
  0.0           21           21         320           0         66 MPI_Bcast() 
  0.0        0.863            3          32         152         95 PINTGR 
  0.0            2            2          64           0         35 MPI_Barrier() 
  0.0            1            1          32           0         44 ALLOC_SPACE 
  0.0        0.045        0.382          32         156         12 EXCHANGE_4 
  0.0        0.224        0.224           1           0        224 VERIFY 
  0.0        0.012        0.156          16          42         10 EXCHANGE_5 
  0.0         0.07        0.076          32          32          2 PROC_GRID 
  0.0        0.008        0.039           8          18          5 EXCHANGE_6 
  0.0         0.02         0.02          32           0          1 SETCOEFF 
  0.0        0.012        0.012          32           0          0 MPI_Comm_rank() 
  0.0        0.011        0.011          32           0          0 SUBDOMAIN 
  0.0        0.008        0.008          32           0          0 MPI_Comm_size() 
  0.0        0.008        0.008          32           0          0 NEIGHBORS 
  0.0        0.006        0.006          32           0          0 ISQRT2 
  0.0            0            0           1           0          0 SET_CLASS 

FUNCTION SUMMARY (mean):
---------------------------------------------------------------------------------------
%Time    Exclusive    Inclusive       #Call      #Subrs  Inclusive Name
              msec   total msec                          usec/call 
---------------------------------------------------------------------------------------
100.0      0.00484        2,649           1           1    2649552 .TAU application
100.0        0.049        2,649           1     17.0312    2649547 APPLU 
 63.7          125        1,686           2 1.02735E+06     843474 SSOR 
 17.5       0.0462          464           1           3     464901 INIT_COMM 
 17.5          464          464           1           0     464855 MPI_Init() 
 17.1          452          452           1           0     452591 MPI_Finalize() 
 13.3           28          353       62248      101153          6 EXCHANGE_1 
 12.7          216          337         253         506       1334 RHS 
 10.9          287          287     50576.5           0          6 MPI_Recv() 
  8.8          232          232      241211           0          1 JACLD 
  8.6          227          227      241211           0          1 JACU 
  7.8          205          205      241211           0          1 BLTS 
  7.7          203          203      241211           0          1 BUTS 
  4.8           27          128         508      2476.5        253 EXCHANGE_3 
  2.9           76           76     51404.2           0          1 MPI_Send() 
  2.2           59           59      827.75           0         72 MPI_Wait() 
  1.2           13           31           2       89373      15731 SETIV 
  0.7           19           19     98356.8           0          0 EXACT 
  0.4            2            9           1           2       9949 ERHS 
  0.1        0.829            2           1     7448.75       2111 ERROR 
  0.1            2            2      827.75           0          2 MPI_Irecv() 
  0.1            2            2          10           0        202 MPI_Allreduce() 
  0.1        0.103            1           4           4        362 L2NORM 
  0.0       0.0224        0.694           1     1.03125        694 READ_INPUT 
  0.0        0.234        0.691           2        1536        345 SETBV 
  0.0       0.0126        0.672           1          10        672 BCAST_INPUTS 
  0.0        0.659        0.659          10           0         66 MPI_Bcast() 
  0.0        0.027       0.0953           1        4.75         95 PINTGR 
  0.0       0.0696       0.0696           2           0         35 MPI_Barrier() 
  0.0       0.0444       0.0444           1           0         44 ALLOC_SPACE 
  0.0      0.00141       0.0119           1       4.875         12 EXCHANGE_4 
  0.0        0.007        0.007     0.03125           0        224 VERIFY 
  0.0     0.000375      0.00487         0.5      1.3125         10 EXCHANGE_5 
  0.0      0.00219      0.00237           1           1          2 PROC_GRID 
  0.0      0.00025      0.00122        0.25      0.5625          5 EXCHANGE_6 
  0.0     0.000625     0.000625           1           0          1 SETCOEFF 
  0.0     0.000375     0.000375           1           0          0 MPI_Comm_rank() 
  0.0     0.000344     0.000344           1           0          0 SUBDOMAIN 
  0.0      0.00025      0.00025           1           0          0 MPI_Comm_size() 
  0.0      0.00025      0.00025           1           0          0 NEIGHBORS 
  0.0     0.000188     0.000188           1           0          0 ISQRT2 
  0.0            0            0     0.03125           0          0 SET_CLASS 
