Reading Profile files in profile.*

FUNCTION SUMMARY (total):
---------------------------------------------------------------------------------------
%Time    Exclusive    Inclusive       #Call      #Subrs  Inclusive Name
              msec   total msec                          usec/call 
---------------------------------------------------------------------------------------
100.0        0.154    17:29.992          32          32   32812271 .TAU application
100.0            2    17:29.992          32         545   32812266 APPLU 
 95.6       51,260    16:43.281          64 2.10768E+08   15676276 SSOR 
 34.1     4:44.387     5:57.914        8096       16192      44209 RHS 
 15.2        5,001     2:39.130 5.14048E+06 8.35328E+06         31 EXCHANGE_1 
 14.3     2:30.267     2:30.267 4.17664E+06           0         36 MPI_Recv() 
 10.9     1:54.081     1:54.081 5.14048E+07           0          2 JACU 
 10.8     1:53.049     1:53.049 5.14048E+07           0          2 JACLD 
 10.0     1:44.505     1:44.505 5.14048E+07           0          2 BLTS 
  9.7     1:42.113     1:42.113 5.14048E+07           0          2 BUTS 
  7.1       20,834     1:14.982       16256       79248       4613 EXCHANGE_3 
  3.2       33,916       33,916       26488           0       1280 MPI_Wait() 
  2.3       23,644       23,644 4.20313E+06           0          6 MPI_Send() 
  1.5            1       15,532          32          96     485376 INIT_COMM 
  1.5       15,530       15,530          32           0     485334 MPI_Init() 
  1.3       14,046       14,046          32           0     438950 MPI_Finalize() 
  1.2        5,431       13,089          64  4.9152E+07     204518 SETIV 
  0.8        8,368        8,368 5.35629E+07           0          0 EXACT 
  0.3        1,197        2,653          32          64      82912 ERHS 
  0.1        1,169        1,169         320           0       3655 MPI_Allreduce() 
  0.1          456        1,168          32 4.09603E+06      36521 ERROR 
  0.1          149        1,068         128         128       8350 L2NORM 
  0.0          449          449       26488           0         17 MPI_Irecv() 
  0.0           37          124          64      314928       1953 SETBV 
  0.0           59           59          32           0       1858 ALLOC_SPACE 
  0.0         0.72           23          32          33        740 READ_INPUT 
  0.0        0.338           22          32         320        718 BCAST_INPUTS 
  0.0           22           22         320           0         71 MPI_Bcast() 
  0.0            4           10          32         152        324 PINTGR 
  0.0        0.943        0.943          64           0         15 MPI_Barrier() 
  0.0          0.1        0.862          32         156         27 EXCHANGE_4 
  0.0        0.257        0.257           1           0        257 VERIFY 
  0.0        0.027        0.177          16          42         11 EXCHANGE_5 
  0.0        0.065        0.074          32          32          2 PROC_GRID 
  0.0        0.006        0.045           8          18          6 EXCHANGE_6 
  0.0        0.028        0.028          32           0          1 SETCOEFF 
  0.0        0.018        0.018          32           0          1 NEIGHBORS 
  0.0        0.016        0.016          32           0          0 SUBDOMAIN 
  0.0        0.013        0.013          32           0          0 MPI_Comm_rank() 
  0.0        0.013        0.013          32           0          0 MPI_Comm_size() 
  0.0        0.009        0.009          32           0          0 ISQRT2 
  0.0        0.001        0.001           1           0          1 SET_CLASS 

FUNCTION SUMMARY (mean):
---------------------------------------------------------------------------------------
%Time    Exclusive    Inclusive       #Call      #Subrs  Inclusive Name
              msec   total msec                          usec/call 
---------------------------------------------------------------------------------------
100.0      0.00481       32,812           1           1   32812271 .TAU application
100.0       0.0767       32,812           1     17.0312   32812266 APPLU 
 95.6        1,601       31,352           2  6.5865E+06   15676276 SSOR 
 34.1        8,887       11,184         253         506      44209 RHS 
 15.2          156        4,972      160640      261040         31 EXCHANGE_1 
 14.3        4,695        4,695      130520           0         36 MPI_Recv() 
 10.9        3,565        3,565  1.6064E+06           0          2 JACU 
 10.8        3,532        3,532  1.6064E+06           0          2 JACLD 
 10.0        3,265        3,265  1.6064E+06           0          2 BLTS 
  9.7        3,191        3,191  1.6064E+06           0          2 BUTS 
  7.1          651        2,343         508      2476.5       4613 EXCHANGE_3 
  3.2        1,059        1,059      827.75           0       1280 MPI_Wait() 
  2.3          738          738      131348           0          6 MPI_Send() 
  1.5       0.0418          485           1           3     485376 INIT_COMM 
  1.5          485          485           1           0     485334 MPI_Init() 
  1.3          438          438           1           0     438950 MPI_Finalize() 
  1.2          169          409           2   1.536E+06     204518 SETIV 
  0.8          261          261 1.67384E+06           0          0 EXACT 
  0.3           37           82           1           2      82912 ERHS 
  0.1           36           36          10           0       3655 MPI_Allreduce() 
  0.1           14           36           1      128001      36521 ERROR 
  0.1            4           33           4           4       8350 L2NORM 
  0.0           14           14      827.75           0         17 MPI_Irecv() 
  0.0            1            3           2      9841.5       1953 SETBV 
  0.0            1            1           1           0       1858 ALLOC_SPACE 
  0.0       0.0225         0.74           1     1.03125        740 READ_INPUT 
  0.0       0.0106        0.718           1          10        718 BCAST_INPUTS 
  0.0        0.707        0.707          10           0         71 MPI_Bcast() 
  0.0        0.145        0.324           1        4.75        324 PINTGR 
  0.0       0.0295       0.0295           2           0         15 MPI_Barrier() 
  0.0      0.00313       0.0269           1       4.875         27 EXCHANGE_4 
  0.0      0.00803      0.00803     0.03125           0        257 VERIFY 
  0.0     0.000844      0.00553         0.5      1.3125         11 EXCHANGE_5 
  0.0      0.00203      0.00231           1           1          2 PROC_GRID 
  0.0     0.000188      0.00141        0.25      0.5625          6 EXCHANGE_6 
  0.0     0.000875     0.000875           1           0          1 SETCOEFF 
  0.0     0.000562     0.000562           1           0          1 NEIGHBORS 
  0.0       0.0005       0.0005           1           0          0 SUBDOMAIN 
  0.0     0.000406     0.000406           1           0          0 MPI_Comm_rank() 
  0.0     0.000406     0.000406           1           0          0 MPI_Comm_size() 
  0.0     0.000281     0.000281           1           0          0 ISQRT2 
  0.0     3.13E-05     3.13E-05     0.03125           0          1 SET_CLASS 
