Reading Profile files in profile.*

FUNCTION SUMMARY (total):
---------------------------------------------------------------------------------------
%Time    Exclusive    Inclusive       #Call      #Subrs  Inclusive Name
              msec   total msec                          usec/call 
---------------------------------------------------------------------------------------
100.0         0.16     4:47.511          32          32    8984742 .TAU application
100.0            2     4:47.511          32         545    8984737 APPLU 
 87.7       13,360     4:12.157          64 8.35412E+07    3939968 SSOR 
 29.8     1:03.248     1:25.720        8096       16192      10588 RHS 
 14.8        2,232       42,655  3.2128E+06  5.2208E+06         13 EXCHANGE_1 
 13.3       38,293       38,293  2.6104E+06           0         15 MPI_Recv() 
 10.1       29,013       29,013   2.008E+07           0          1 JACLD 
 10.0       28,631       28,631   2.008E+07           0          1 JACU 
  9.1       26,062       26,062   2.008E+07           0          1 BLTS 
  9.0       26,007       26,007   2.008E+07           0          1 BUTS 
  8.2        6,098       23,571       16256       79248       1450 EXCHANGE_3 
  5.6            1       16,119          32          96     503727 INIT_COMM 
  5.6       16,117       16,117          32           0     503680 MPI_Init() 
  4.8       13,797       13,797          32           0     431183 MPI_Finalize() 
  3.7       10,675       10,675       26488           0        403 MPI_Wait() 
  3.0        8,723        8,723 2.63689E+06           0          3 MPI_Send() 
  1.3        1,572        3,661          64     1.2E+07      57218 SETIV 
  0.8        2,278        2,278 1.31248E+07           0          0 EXACT 
  0.5          275        1,375          32          64      42993 ERHS 
  0.3          731          731         320           0       2287 MPI_Allreduce() 
  0.2           15          617         128         128       4820 L2NORM 
  0.1          112          303          32 1.00003E+06       9486 ERROR 
  0.1          203          203       26488           0          8 MPI_Irecv() 
  0.0           16           52          64      124848        826 SETBV 
  0.0         0.86           33          32          33       1043 READ_INPUT 
  0.0        0.354           32          32         320       1016 BCAST_INPUTS 
  0.0           32           32         320           0        101 MPI_Bcast() 
  0.0            1            4          32         152        156 PINTGR 
  0.0            1            1          32           0         53 ALLOC_SPACE 
  0.0            1            1          64           0         19 MPI_Barrier() 
  0.0        0.071        0.723          32         156         23 EXCHANGE_4 
  0.0        0.195        0.195           1           0        195 VERIFY 
  0.0        0.015        0.138          16          42          9 EXCHANGE_5 
  0.0        0.063        0.071          32          32          2 PROC_GRID 
  0.0        0.006        0.035           8          18          4 EXCHANGE_6 
  0.0        0.025        0.025          32           0          1 SETCOEFF 
  0.0        0.012        0.012          32           0          0 MPI_Comm_rank() 
  0.0         0.01         0.01          32           0          0 MPI_Comm_size() 
  0.0        0.008        0.008          32           0          0 ISQRT2 
  0.0        0.008        0.008          32           0          0 NEIGHBORS 
  0.0        0.005        0.005          32           0          0 SUBDOMAIN 
  0.0        0.001        0.001           1           0          1 SET_CLASS 

FUNCTION SUMMARY (mean):
---------------------------------------------------------------------------------------
%Time    Exclusive    Inclusive       #Call      #Subrs  Inclusive Name
              msec   total msec                          usec/call 
---------------------------------------------------------------------------------------
100.0        0.005        8,984           1           1    8984742 .TAU application
100.0       0.0639        8,984           1     17.0312    8984737 APPLU 
 87.7          417        7,879           2 2.61066E+06    3939968 SSOR 
 29.8        1,976        2,678         253         506      10588 RHS 
 14.8           69        1,332      100400      163150         13 EXCHANGE_1 
 13.3        1,196        1,196       81575           0         15 MPI_Recv() 
 10.1          906          906      627500           0          1 JACLD 
 10.0          894          894      627500           0          1 JACU 
  9.1          814          814      627500           0          1 BLTS 
  9.0          812          812      627500           0          1 BUTS 
  8.2          190          736         508      2476.5       1450 EXCHANGE_3 
  5.6       0.0458          503           1           3     503727 INIT_COMM 
  5.6          503          503           1           0     503680 MPI_Init() 
  4.8          431          431           1           0     431183 MPI_Finalize() 
  3.7          333          333      827.75           0        403 MPI_Wait() 
  3.0          272          272     82402.8           0          3 MPI_Send() 
  1.3           49          114           2      375000      57218 SETIV 
  0.8           71           71      410152           0          0 EXACT 
  0.5            8           42           1           2      42993 ERHS 
  0.3           22           22          10           0       2287 MPI_Allreduce() 
  0.2        0.478           19           4           4       4820 L2NORM 
  0.1            3            9           1       31251       9486 ERROR 
  0.1            6            6      827.75           0          8 MPI_Irecv() 
  0.0        0.509            1           2      3901.5        826 SETBV 
  0.0       0.0269            1           1     1.03125       1043 READ_INPUT 
  0.0       0.0111            1           1          10       1016 BCAST_INPUTS 
  0.0            1            1          10           0        101 MPI_Bcast() 
  0.0       0.0582        0.156           1        4.75        156 PINTGR 
  0.0       0.0532       0.0532           1           0         53 ALLOC_SPACE 
  0.0       0.0389       0.0389           2           0         19 MPI_Barrier() 
  0.0      0.00222       0.0226           1       4.875         23 EXCHANGE_4 
  0.0      0.00609      0.00609     0.03125           0        195 VERIFY 
  0.0     0.000469      0.00431         0.5      1.3125          9 EXCHANGE_5 
  0.0      0.00197      0.00222           1           1          2 PROC_GRID 
  0.0     0.000188      0.00109        0.25      0.5625          4 EXCHANGE_6 
  0.0     0.000781     0.000781           1           0          1 SETCOEFF 
  0.0     0.000375     0.000375           1           0          0 MPI_Comm_rank() 
  0.0     0.000313     0.000313           1           0          0 MPI_Comm_size() 
  0.0      0.00025      0.00025           1           0          0 ISQRT2 
  0.0      0.00025      0.00025           1           0          0 NEIGHBORS 
  0.0     0.000156     0.000156           1           0          0 SUBDOMAIN 
  0.0     3.13E-05     3.13E-05     0.03125           0          1 SET_CLASS 
