Reading Profile files in profile.*

FUNCTION SUMMARY (total):
---------------------------------------------------------------------------------------
%Time    Exclusive    Inclusive       #Call      #Subrs  Inclusive Name
              msec   total msec                          usec/call 
---------------------------------------------------------------------------------------
100.0        0.188  2:49:11.044          32          32  317220139 .TAU application
100.0            7  2:49:11.044          32        2784  317220133 FT 
 89.8            5  2:31:55.408         864        3456   10550242 FFT 
 46.9     1:51.476  1:19:25.902 8.84736E+06 9.02431E+07        539 CFFTZ 
 45.9  1:17:34.426  1:17:34.426 9.02431E+07           0         52 FFTZ2 
 39.2    13:15.138  1:06:19.421        1728 5.31014E+06    2302906 CFFTS1 
 25.1    16:01.460    42:23.081         864 3.53981E+06    2943381 CFFTS2 
 23.1            4    39:03.728         800        2400    2929660 TRANSPOSE_X_YZ 
 11.8            4    19:55.353         864         864    1383511 TRANSPOSE2_GLOBAL 
 11.8    19:55.348    19:55.348         864           0    1383506 MPI_Alltoall() 
  8.1    13:41.759    13:41.759         864           0     951110 TRANSPOSE2_LOCAL 
  7.4    12:35.592    12:35.592         800           0     944491 EVOLVE 
  5.7     9:35.781     9:35.781         864           0     666414 TRANSPOSE2_FINISH 
  2.5            1     4:09.172          64         192    3893314 TRANSPOSE_XY_Z 
  1.6     2:42.872     2:42.872          64           0    2544879 COMPUTE_INDEXMAP 
  0.5           11       47,642         800         800      59554 CHECKSUM 
  0.5       47,631       47,631         800           0      59539 MPI_Reduce() 
  0.3       29,111       29,111          64         128     454869 COMPUTE_INITIAL_CONDITIONS 
  0.2       19,048       19,048          32           0     595251 MPI_Finalize() 
  0.2            2       15,429          32         353     482158 SETUP 
  0.2       15,310       15,310          32           0     478449 MPI_Init() 
  0.1        5,917        5,917          32           0     184908 MPI_Barrier() 
  0.0           60           60          32           0       1879 ALLOC_SPACE 
  0.0           34           34          64           0        536 MPI_Comm_split() 
  0.0           21           21         160           0        134 MPI_Bcast() 
  0.0           14           14          64          64        221 FFT_INIT 
  0.0            1            1        2656           0          0 ILOG2 
  0.0        0.059        0.059         128           0          0 IPOW46 
  0.0         0.02         0.02          32           0          1 MPI_Comm_size() 
  0.0        0.019        0.019          32           0          1 VERIFY 
  0.0        0.009        0.009          32           0          0 MPI_Comm_rank() 
  0.0            0            0           1           0          0 SET_CLASS 

FUNCTION SUMMARY (mean):
---------------------------------------------------------------------------------------
%Time    Exclusive    Inclusive       #Call      #Subrs  Inclusive Name
              msec   total msec                          usec/call 
---------------------------------------------------------------------------------------
100.0      0.00588     5:17.220           1           1  317220139 .TAU application
100.0        0.227     5:17.220           1          87  317220133 FT 
 89.8        0.181     4:44.856          27         108   10550242 FFT 
 46.9        3,483     2:28.934      276480  2.8201E+06        539 CFFTZ 
 45.9     2:25.450     2:25.450  2.8201E+06           0         52 FFTZ2 
 39.2       24,848     2:04.356          54      165942    2302906 CFFTS1 
 25.1       30,045     1:19.471          27      110619    2943381 CFFTS2 
 23.1        0.132     1:13.241          25          75    2929660 TRANSPOSE_X_YZ 
 11.8        0.156       37,354          27          27    1383511 TRANSPOSE2_GLOBAL 
 11.8       37,354       37,354          27           0    1383506 MPI_Alltoall() 
  8.1       25,679       25,679          27           0     951110 TRANSPOSE2_LOCAL 
  7.4       23,612       23,612          25           0     944491 EVOLVE 
  5.7       17,993       17,993          27           0     666414 TRANSPOSE2_FINISH 
  2.5       0.0365        7,786           2           6    3893314 TRANSPOSE_XY_Z 
  1.6        5,089        5,089           2           0    2544879 COMPUTE_INDEXMAP 
  0.5        0.363        1,488          25          25      59554 CHECKSUM 
  0.5        1,488        1,488          25           0      59539 MPI_Reduce() 
  0.3          909          909           2           4     454869 COMPUTE_INITIAL_CONDITIONS 
  0.2          595          595           1           0     595251 MPI_Finalize() 
  0.2       0.0887          482           1     11.0312     482158 SETUP 
  0.2          478          478           1           0     478449 MPI_Init() 
  0.1          184          184           1           0     184908 MPI_Barrier() 
  0.0            1            1           1           0       1879 ALLOC_SPACE 
  0.0            1            1           2           0        536 MPI_Comm_split() 
  0.0        0.668        0.668           5           0        134 MPI_Bcast() 
  0.0        0.441        0.441           2           2        221 FFT_INIT 
  0.0        0.034        0.034          83           0          0 ILOG2 
  0.0      0.00184      0.00184           4           0          0 IPOW46 
  0.0     0.000625     0.000625           1           0          1 MPI_Comm_size() 
  0.0     0.000594     0.000594           1           0          1 VERIFY 
  0.0     0.000281     0.000281           1           0          0 MPI_Comm_rank() 
  0.0            0            0     0.03125           0          0 SET_CLASS 
