Reading Profile files in profile.*

FUNCTION SUMMARY (total):
---------------------------------------------------------------------------------------
%Time    Exclusive    Inclusive       #Call      #Subrs  Inclusive Name
              msec   total msec                          usec/call 
---------------------------------------------------------------------------------------
100.0            1    11:30.493         256         256    2697241 .TAU application
100.0           11    11:30.492         256        4353    2697236 APPLU 
 53.6       55,184     6:10.278         512 1.28103E+08     723201 SSOR 
 27.9           10     3:12.664         256         768     752594 INIT_COMM 
 27.9     3:12.652     3:12.652         256           0     752550 MPI_Init() 
 26.5       11,076     3:03.087 2.56003E+07 4.78045E+07          7 EXCHANGE_1 [THROTTLED]
 17.6     2:01.209     2:01.209 1.96002E+07           0          6 MPI_Recv() [THROTTLED]
 17.5     2:01.081     2:01.081         256           0     472974 MPI_Finalize() 
  7.4       30,322       50,949       64768      129536        787 RHS 
  6.1       41,779       41,779  4.4176E+06           0          9 MPI_Recv() 
  3.2        5,223       21,812      130048      728384        168 EXCHANGE_3 
  3.1       21,314       21,314 2.56003E+07           0          1 JACLD [THROTTLED]
  3.0       21,006       21,006 2.56003E+07           0          1 JACU [THROTTLED]
  2.7       18,491       18,491 2.56003E+07           0          1 BLTS [THROTTLED]
  2.6       18,220       18,220 2.56003E+07           0          1 BUTS [THROTTLED]
  1.9       13,322       13,322 1.96002E+07           0          1 MPI_Send() [THROTTLED]
  1.3        8,932        8,932      244380           0         37 MPI_Wait() 
  0.6        1,910        4,258         512     1.2E+07       8317 SETIV 
  0.5        3,152        3,152 4.46245E+06           0          1 MPI_Send() 
  0.4        2,541        2,541 1.31248E+07           0          0 EXACT 
  0.3        2,043        2,043        2560           0        798 MPI_Allreduce() 
  0.2           16        1,637        1024        1024       1599 L2NORM 
  0.2          354        1,539         256         512       6013 ERHS 
  0.0          116          344         256 1.00026E+06       1347 ERROR 
  0.0          273          273      244380           0          1 MPI_Irecv() 
  0.0            1          186         256         257        729 READ_INPUT 
  0.0            2          185         256        2560        725 BCAST_INPUTS 
  0.0          183          183        2560           0         72 MPI_Bcast() 
  0.0           19           59         512      124848        117 SETBV 
  0.0            5           55         256        1088        219 PINTGR 
  0.0           17           17         512           0         35 MPI_Barrier() 
  0.0        0.568           10         256        1048         42 EXCHANGE_4 
  0.0           10           10         256           0         39 ALLOC_SPACE 
  0.0        0.034        0.713          32          90         22 EXCHANGE_6 
  0.0        0.624        0.683         256         256          3 PROC_GRID 
  0.0        0.028        0.527          32          90         16 EXCHANGE_5 
  0.0        0.191        0.191         256           0          1 SETCOEFF 
  0.0        0.178        0.178           1           0        178 VERIFY 
  0.0        0.139        0.139         256           0          1 MPI_Comm_size() 
  0.0        0.089        0.089         256           0          0 MPI_Comm_rank() 
  0.0        0.079        0.079         256           0          0 SUBDOMAIN 
  0.0        0.061        0.061         256           0          0 NEIGHBORS 
  0.0        0.059        0.059         256           0          0 ISQRT2 
  0.0        0.001        0.001           1           0          1 SET_CLASS 

FUNCTION SUMMARY (mean):
---------------------------------------------------------------------------------------
%Time    Exclusive    Inclusive       #Call      #Subrs  Inclusive Name
              msec   total msec                          usec/call 
---------------------------------------------------------------------------------------
100.0      0.00528        2,697           1           1    2697241 .TAU application
100.0       0.0468        2,697           1     17.0039    2697236 APPLU 
 53.6          215        1,446           2      500403     723201 SSOR 
 27.9       0.0428          752           1           3     752594 INIT_COMM 
 27.9          752          752           1           0     752550 MPI_Init() 
 26.5           43          715      100001      186736          7 EXCHANGE_1 [THROTTLED]
 17.6          473          473     76563.3           0          6 MPI_Recv() [THROTTLED]
 17.5          472          472           1           0     472974 MPI_Finalize() 
  7.4          118          199         253         506        787 RHS 
  6.1          163          163     17256.2           0          9 MPI_Recv() 
  3.2           20           85         508     2845.25        168 EXCHANGE_3 
  3.1           83           83      100001           0          1 JACLD [THROTTLED]
  3.0           82           82      100001           0          1 JACU [THROTTLED]
  2.7           72           72      100001           0          1 BLTS [THROTTLED]
  2.6           71           71      100001           0          1 BUTS [THROTTLED]
  1.9           52           52     76563.3           0          1 MPI_Send() [THROTTLED]
  1.3           34           34     954.609           0         37 MPI_Wait() 
  0.6            7           16           2       46875       8317 SETIV 
  0.5           12           12     17431.5           0          1 MPI_Send() 
  0.4            9            9     51268.9           0          0 EXACT 
  0.3            7            7          10           0        798 MPI_Allreduce() 
  0.2       0.0654            6           4           4       1599 L2NORM 
  0.2            1            6           1           2       6013 ERHS 
  0.0        0.453            1           1     3907.25       1347 ERROR 
  0.0            1            1     954.609           0          1 MPI_Irecv() 
  0.0      0.00426        0.729           1     1.00391        729 READ_INPUT 
  0.0      0.00895        0.725           1          10        725 BCAST_INPUTS 
  0.0        0.716        0.716          10           0         72 MPI_Bcast() 
  0.0        0.075        0.233           2     487.688        117 SETBV 
  0.0        0.023        0.219           1        4.25        219 PINTGR 
  0.0       0.0692       0.0692           2           0         35 MPI_Barrier() 
  0.0      0.00222       0.0422           1     4.09375         42 EXCHANGE_4 
  0.0       0.0391       0.0391           1           0         39 ALLOC_SPACE 
  0.0     0.000133      0.00279       0.125    0.351562         22 EXCHANGE_6 
  0.0      0.00244      0.00267           1           1          3 PROC_GRID 
  0.0     0.000109      0.00206       0.125    0.351562         16 EXCHANGE_5 
  0.0     0.000746     0.000746           1           0          1 SETCOEFF 
  0.0     0.000695     0.000695  0.00390625           0        178 VERIFY 
  0.0     0.000543     0.000543           1           0          1 MPI_Comm_size() 
  0.0     0.000348     0.000348           1           0          0 MPI_Comm_rank() 
  0.0     0.000309     0.000309           1           0          0 SUBDOMAIN 
  0.0     0.000238     0.000238           1           0          0 NEIGHBORS 
  0.0      0.00023      0.00023           1           0          0 ISQRT2 
  0.0     3.91E-06     3.91E-06  0.00390625           0          1 SET_CLASS 
