FUNCTION SUMMARY (mean):
---------------------------------------------------------------------------------------
%Time    Exclusive    Inclusive       #Call      #Subrs  Inclusive Name
              msec   total msec                          usec/call 
---------------------------------------------------------------------------------------
100.0      0.00562       41,778           1           1   41778159 .TAU application
100.0        0.177       41,778           1          72   41778154 FT 
 88.6        0.112       37,010          22          88    1682289 FFT 
 49.5        1,426       20,690      135168 1.21651E+06        153 CFFTZ 
 46.1       19,263       19,263 1.21651E+06           0         16 FFTZ2 
 41.5        3,582       17,333          44       90156     393951 CFFTS1 
 22.2        2,346        9,285          22       45078     422058 CFFTS2 
 19.1       0.0594        7,973          20          60     398673 TRANSPOSE_X_YZ 
 10.7        4,471        4,471          22           0     203230 TRANSPOSE2_LOCAL 
 10.1       0.0764        4,200          22          22     190947 TRANSPOSE2_GLOBAL 
 10.1        4,200        4,200          22           0     190943 MPI_Alltoall() 
  5.8       0.0278        2,417           2           6    1208829 TRANSPOSE_XY_Z 
  5.3        2,207        2,207          20           0     110357 EVOLVE 
  4.1        1,719        1,719          22           0      78143 TRANSPOSE2_FINISH 
  3.4        1,430        1,430           2           0     715011 COMPUTE_INDEXMAP 
  1.2          494          494           1           0     494722 MPI_Finalize() 
  0.9        0.139          388           1      11.125     388360 SETUP 
  0.9          384          384           1           0     384853 MPI_Init() 
  0.4          157          157           2           4      78763 COMPUTE_INITIAL_CONDITIONS 
  0.2        0.292           75          20          20       3768 CHECKSUM 
  0.2           75           75          20           0       3754 MPI_Reduce() 
  0.0           14           14           1           0      14354 MPI_Barrier() 
  0.0            1            1           1           0       1604 ALLOC_SPACE 
  0.0            1            1           2           0        559 MPI_Comm_split() 
  0.0        0.646        0.646           5           0        129 MPI_Bcast() 
  0.0        0.134        0.135           2           2         67 FFT_INIT 
  0.0       0.0164       0.0164          68           0          0 ILOG2 
  0.0      0.00263      0.00263           1           0          3 VERIFY 
  0.0      0.00125      0.00125           4           0          0 IPOW46 
  0.0       0.0005       0.0005           1           0          0 MPI_Comm_rank() 
  0.0     0.000375     0.000375           1           0          0 MPI_Comm_size() 
  0.0     0.000125     0.000125       0.125           0          1 SET_CLASS 
