Reading Profile files in profile.*

FUNCTION SUMMARY (total):
---------------------------------------------------------------------------------------
%Time    Exclusive    Inclusive       #Call      #Subrs  Inclusive Name
              msec   total msec                          usec/call 
---------------------------------------------------------------------------------------
100.0        0.045     5:34.225           8           8   41778159 .TAU application
100.0            1     5:34.225           8         576   41778154 FT 
 88.6        0.894     4:56.082         176         704    1682289 FFT 
 49.5       11,412     2:45.520 1.08134E+06  9.7321E+06        153 CFFTZ 
 46.1     2:34.108     2:34.108  9.7321E+06           0         16 FFTZ2 
 41.5       28,662     2:18.670         352      721248     393951 CFFTS1 
 22.2       18,769     1:14.282         176      360624     422058 CFFTS2 
 19.1        0.475     1:03.787         160         480     398673 TRANSPOSE_X_YZ 
 10.7       35,768       35,768         176           0     203230 TRANSPOSE2_LOCAL 
 10.1        0.611       33,606         176         176     190947 TRANSPOSE2_GLOBAL 
 10.1       33,605       33,605         176           0     190943 MPI_Alltoall() 
  5.8        0.222       19,341          16          48    1208829 TRANSPOSE_XY_Z 
  5.3       17,657       17,657         160           0     110357 EVOLVE 
  4.1       13,753       13,753         176           0      78143 TRANSPOSE2_FINISH 
  3.4       11,440       11,440          16           0     715011 COMPUTE_INDEXMAP 
  1.2        3,957        3,957           8           0     494722 MPI_Finalize() 
  0.9            1        3,106           8          89     388360 SETUP 
  0.9        3,078        3,078           8           0     384853 MPI_Init() 
  0.4        1,260        1,260          16          32      78763 COMPUTE_INITIAL_CONDITIONS 
  0.2            2          602         160         160       3768 CHECKSUM 
  0.2          600          600         160           0       3754 MPI_Reduce() 
  0.0          114          114           8           0      14354 MPI_Barrier() 
  0.0           12           12           8           0       1604 ALLOC_SPACE 
  0.0            8            8          16           0        559 MPI_Comm_split() 
  0.0            5            5          40           0        129 MPI_Bcast() 
  0.0            1            1          16          16         67 FFT_INIT 
  0.0        0.131        0.131         544           0          0 ILOG2 
  0.0        0.021        0.021           8           0          3 VERIFY 
  0.0         0.01         0.01          32           0          0 IPOW46 
  0.0        0.004        0.004           8           0          0 MPI_Comm_rank() 
  0.0        0.003        0.003           8           0          0 MPI_Comm_size() 
  0.0        0.001        0.001           1           0          1 SET_CLASS 

FUNCTION SUMMARY (mean):
---------------------------------------------------------------------------------------
%Time    Exclusive    Inclusive       #Call      #Subrs  Inclusive Name
              msec   total msec                          usec/call 
---------------------------------------------------------------------------------------
100.0      0.00562       41,778           1           1   41778159 .TAU application
100.0        0.177       41,778           1          72   41778154 FT 
 88.6        0.112       37,010          22          88    1682289 FFT 
 49.5        1,426       20,690      135168 1.21651E+06        153 CFFTZ 
 46.1       19,263       19,263 1.21651E+06           0         16 FFTZ2 
 41.5        3,582       17,333          44       90156     393951 CFFTS1 
 22.2        2,346        9,285          22       45078     422058 CFFTS2 
 19.1       0.0594        7,973          20          60     398673 TRANSPOSE_X_YZ 
 10.7        4,471        4,471          22           0     203230 TRANSPOSE2_LOCAL 
 10.1       0.0764        4,200          22          22     190947 TRANSPOSE2_GLOBAL 
 10.1        4,200        4,200          22           0     190943 MPI_Alltoall() 
  5.8       0.0278        2,417           2           6    1208829 TRANSPOSE_XY_Z 
  5.3        2,207        2,207          20           0     110357 EVOLVE 
  4.1        1,719        1,719          22           0      78143 TRANSPOSE2_FINISH 
  3.4        1,430        1,430           2           0     715011 COMPUTE_INDEXMAP 
  1.2          494          494           1           0     494722 MPI_Finalize() 
  0.9        0.139          388           1      11.125     388360 SETUP 
  0.9          384          384           1           0     384853 MPI_Init() 
  0.4          157          157           2           4      78763 COMPUTE_INITIAL_CONDITIONS 
  0.2        0.292           75          20          20       3768 CHECKSUM 
  0.2           75           75          20           0       3754 MPI_Reduce() 
  0.0           14           14           1           0      14354 MPI_Barrier() 
  0.0            1            1           1           0       1604 ALLOC_SPACE 
  0.0            1            1           2           0        559 MPI_Comm_split() 
  0.0        0.646        0.646           5           0        129 MPI_Bcast() 
  0.0        0.134        0.135           2           2         67 FFT_INIT 
  0.0       0.0164       0.0164          68           0          0 ILOG2 
  0.0      0.00263      0.00263           1           0          3 VERIFY 
  0.0      0.00125      0.00125           4           0          0 IPOW46 
  0.0       0.0005       0.0005           1           0          0 MPI_Comm_rank() 
  0.0     0.000375     0.000375           1           0          0 MPI_Comm_size() 
  0.0     0.000125     0.000125       0.125           0          1 SET_CLASS 
