Reading Profile files in profile.*

FUNCTION SUMMARY (total):
---------------------------------------------------------------------------------------
%Time    Exclusive    Inclusive       #Call      #Subrs  Inclusive Name
              msec   total msec                          usec/call 
---------------------------------------------------------------------------------------
100.0        0.021    11:16.095           4           4  169023862 .TAU application
100.0        0.468    11:16.095           4          69  169023857 APPLU 
 91.2       25,903    10:16.834           8 5.20484E+07   77104355 SSOR 
 27.6     2:59.373     3:06.613        1012        2024     184401 RHS 
 14.9     1:40.503     1:40.503 1.28512E+07           0          8 JACLD 
 14.6     1:38.610     1:38.610 1.28512E+07           0          8 BLTS 
 14.5     1:38.305     1:38.305 1.28512E+07           0          8 JACU 
 14.3     1:36.623     1:36.623 1.28512E+07           0          8 BUTS 
  6.1       41,356       41,356           4           0   10339231 MPI_Finalize() 
  1.9        5,316       12,878           8  4.9152E+07    1609824 SETIV 
  1.5          827       10,100      642560      642560         16 EXCHANGE_1 
  1.3        8,741        8,741      321280           0         27 MPI_Recv() 
  1.2        8,300        8,300 5.35629E+07           0          0 EXACT 
  1.1        2,491        7,322        2032        6096       3604 EXCHANGE_3 
  0.6        4,229        4,229        2040           0       2073 MPI_Wait() 
  0.4        0.163        2,719           4          12     679858 INIT_COMM 
  0.4        2,719        2,719           4           0     679816 MPI_Init() 
  0.2        1,129        1,129      323320           0          3 MPI_Send() 
  0.2          459        1,086           4   4.096E+06     271681 ERROR 
  0.2          965        1,047           4           8     261866 ERHS 
  0.0           89          170          16          16      10659 L2NORM 
  0.0           40          155           8      314928      19399 SETBV 
  0.0           89           89          40           0       2247 MPI_Allreduce() 
  0.0            9            9           4           0       2399 ALLOC_SPACE 
  0.0            4            4        2040           0          2 MPI_Irecv() 
  0.0        0.678            3           4           5        809 READ_INPUT 
  0.0            2            2           4          24        680 PINTGR 
  0.0        0.039            2           4          40        639 BCAST_INPUTS 
  0.0            2            2          40           0         63 MPI_Bcast() 
  0.0         0.22         0.22           1           0        220 VERIFY 
  0.0        0.142        0.142           8           0         18 MPI_Barrier() 
  0.0        0.009        0.048           4          12         12 EXCHANGE_4 
  0.0        0.002        0.014           4           6          4 EXCHANGE_5 
  0.0        0.005        0.012           4           6          3 EXCHANGE_6 
  0.0        0.009        0.009           4           4          2 PROC_GRID 
  0.0        0.003        0.003           4           0          1 NEIGHBORS 
  0.0        0.003        0.003           4           0          1 SETCOEFF 
  0.0        0.002        0.002           4           0          0 MPI_Comm_rank() 
  0.0        0.001        0.001           4           0          0 MPI_Comm_size() 
  0.0        0.001        0.001           1           0          1 SET_CLASS 
  0.0            0            0           4           0          0 ISQRT2 
  0.0            0            0           4           0          0 SUBDOMAIN 

FUNCTION SUMMARY (mean):
---------------------------------------------------------------------------------------
%Time    Exclusive    Inclusive       #Call      #Subrs  Inclusive Name
              msec   total msec                          usec/call 
---------------------------------------------------------------------------------------
100.0      0.00525     2:49.023           1           1  169023862 .TAU application
100.0        0.117     2:49.023           1       17.25  169023857 APPLU 
 91.2        6,475     2:34.208           2 1.30121E+07   77104355 SSOR 
 27.6       44,843       46,653         253         506     184401 RHS 
 14.9       25,125       25,125  3.2128E+06           0          8 JACLD 
 14.6       24,652       24,652  3.2128E+06           0          8 BLTS 
 14.5       24,576       24,576  3.2128E+06           0          8 JACU 
 14.3       24,155       24,155  3.2128E+06           0          8 BUTS 
  6.1       10,339       10,339           1           0   10339231 MPI_Finalize() 
  1.9        1,329        3,219           2  1.2288E+07    1609824 SETIV 
  1.5          206        2,525      160640      160640         16 EXCHANGE_1 
  1.3        2,185        2,185       80320           0         27 MPI_Recv() 
  1.2        2,075        2,075 1.33907E+07           0          0 EXACT 
  1.1          622        1,830         508        1524       3604 EXCHANGE_3 
  0.6        1,057        1,057         510           0       2073 MPI_Wait() 
  0.4       0.0408          679           1           3     679858 INIT_COMM 
  0.4          679          679           1           0     679816 MPI_Init() 
  0.2          282          282       80830           0          3 MPI_Send() 
  0.2          114          271           1   1.024E+06     271681 ERROR 
  0.2          241          261           1           2     261866 ERHS 
  0.0           22           42           4           4      10659 L2NORM 
  0.0           10           38           2       78732      19399 SETBV 
  0.0           22           22          10           0       2247 MPI_Allreduce() 
  0.0            2            2           1           0       2399 ALLOC_SPACE 
  0.0            1            1         510           0          2 MPI_Irecv() 
  0.0         0.17        0.809           1        1.25        809 READ_INPUT 
  0.0         0.64         0.68           1           6        680 PINTGR 
  0.0      0.00975        0.639           1          10        639 BCAST_INPUTS 
  0.0        0.629        0.629          10           0         63 MPI_Bcast() 
  0.0        0.055        0.055        0.25           0        220 VERIFY 
  0.0       0.0355       0.0355           2           0         18 MPI_Barrier() 
  0.0      0.00225        0.012           1           3         12 EXCHANGE_4 
  0.0       0.0005       0.0035           1         1.5          4 EXCHANGE_5 
  0.0      0.00125        0.003           1         1.5          3 EXCHANGE_6 
  0.0      0.00225      0.00225           1           1          2 PROC_GRID 
  0.0      0.00075      0.00075           1           0          1 NEIGHBORS 
  0.0      0.00075      0.00075           1           0          1 SETCOEFF 
  0.0       0.0005       0.0005           1           0          0 MPI_Comm_rank() 
  0.0      0.00025      0.00025           1           0          0 MPI_Comm_size() 
  0.0      0.00025      0.00025        0.25           0          1 SET_CLASS 
  0.0            0            0           1           0          0 ISQRT2 
  0.0            0            0           1           0          0 SUBDOMAIN 
