Reading Profile files in profile.*

FUNCTION SUMMARY (total):
---------------------------------------------------------------------------------------
%Time    Exclusive    Inclusive       #Call      #Subrs  Inclusive Name
              msec   total msec                          usec/call 
---------------------------------------------------------------------------------------
100.0        0.082    20:09.700          16          16   75606265 .TAU application
100.0            9    20:09.700          16        6705   75606260 MPSP 
 91.9           38    18:32.084        6416       38496     173330 ADI 
 27.7       23,812     5:34.690        6432       90048      52035 COPY_FACES 
 24.3     4:54.230     4:54.230        6432           0      45745 COMPUTE_RHS 
 23.0     1:34.446     4:38.471        6416      166816      43403 Z_SOLVE 
 18.7     2:09.785     3:46.471        6416      166816      35298 X_SOLVE 
 17.9     1:42.755     3:37.128        6416      166816      33842 Y_SOLVE 
 11.7     2:21.124     2:21.124       25664           0       5499 LHSZ 
  7.2     1:27.039     1:27.039       25664           0       3391 LHSY 
  6.4     1:17.910     1:17.910      121920           0        639 MPI_Waitall() 
  5.9     1:11.457     1:11.457          16           0    4466080 MPI_Finalize() 
  5.6     1:08.173     1:08.173       25664           0       2656 LHSX 
  2.5       29,918       29,918        6416           0       4663 TXINVR 
  2.2       26,185       26,185        6416           0       4081 ADD 
  2.0       24,291       24,291       25664           0        947 TZETAR 
  1.1        5,569       12,791          32 5.13333E+07     399723 INITIALIZE 
  0.8        9,698        9,698  6.8948E+07           0          0 EXACT_SOLUTION 
  0.6        0.425        7,262          16          80     453893 SETUP_MPI 
  0.6        7,253        7,253          16           0     453372 MPI_Init() 
  0.5        6,192        6,192       25664           0        241 PINVR 
  0.5        5,782        5,782       25664           0        225 NINVR 
  0.3        1,867        3,745          16 1.33632E+07     234119 EXACT_RHS 
  0.2        0.458        1,999          16          48     124993 VERIFY 
  0.1          477        1,106          16 4.25154E+06      69162 ERROR_NORM 
  0.1          945          945      154080           0          6 MPI_Isend() 
  0.0          270          270      154080           0          2 MPI_Irecv() 
  0.0          165          165          16           0      10357 LHSINIT 
  0.0          101          101          16           0       6329 ALLOC_SPACE 
  0.0           80           80          32           0       2527 MPI_Allreduce() 
  0.0           75           75          32           0       2359 MPI_Barrier() 
  0.0           23           73          16          16       4577 RHS_NORM 
  0.0            7            7          32           0        247 MPI_Comm_dup() 
  0.0            6            6          64           0        100 MPI_Bcast() 
  0.0        0.304        0.304          16           0         19 MPI_Reduce() 
  0.0        0.028        0.028          16           0          2 SET_CONSTANTS 
  0.0        0.017        0.017          16           0          1 MAKE_SET 
  0.0        0.011        0.011          16           0          1 COMPUTE_BUFFER_SIZE 
  0.0        0.007        0.007          16           0          0 MPI_Comm_size() 
  0.0        0.004        0.004          16           0          0 MPI_Comm_rank() 
  0.0        0.001        0.001           1           0          1 SET_CLASS 

FUNCTION SUMMARY (mean):
---------------------------------------------------------------------------------------
%Time    Exclusive    Inclusive       #Call      #Subrs  Inclusive Name
              msec   total msec                          usec/call 
---------------------------------------------------------------------------------------
100.0      0.00513     1:15.606           1           1   75606265 .TAU application
100.0        0.618     1:15.606           1     419.062   75606260 MPSP 
 91.9            2     1:09.505         401        2406     173330 ADI 
 27.7        1,488       20,918         402        5628      52035 COPY_FACES 
 24.3       18,389       18,389         402           0      45745 COMPUTE_RHS 
 23.0        5,902       17,404         401       10426      43403 Z_SOLVE 
 18.7        8,111       14,154         401       10426      35298 X_SOLVE 
 17.9        6,422       13,570         401       10426      33842 Y_SOLVE 
 11.7        8,820        8,820        1604           0       5499 LHSZ 
  7.2        5,439        5,439        1604           0       3391 LHSY 
  6.4        4,869        4,869        7620           0        639 MPI_Waitall() 
  5.9        4,466        4,466           1           0    4466080 MPI_Finalize() 
  5.6        4,260        4,260        1604           0       2656 LHSX 
  2.5        1,869        1,869         401           0       4663 TXINVR 
  2.2        1,636        1,636         401           0       4081 ADD 
  2.0        1,518        1,518        1604           0        947 TZETAR 
  1.1          348          799           2 3.20833E+06     399723 INITIALIZE 
  0.8          606          606 4.30925E+06           0          0 EXACT_SOLUTION 
  0.6       0.0266          453           1           5     453893 SETUP_MPI 
  0.6          453          453           1           0     453372 MPI_Init() 
  0.5          387          387        1604           0        241 PINVR 
  0.5          361          361        1604           0        225 NINVR 
  0.3          116          234           1      835200     234119 EXACT_RHS 
  0.2       0.0286          124           1           3     124993 VERIFY 
  0.1           29           69           1      265722      69162 ERROR_NORM 
  0.1           59           59        9630           0          6 MPI_Isend() 
  0.0           16           16        9630           0          2 MPI_Irecv() 
  0.0           10           10           1           0      10357 LHSINIT 
  0.0            6            6           1           0       6329 ALLOC_SPACE 
  0.0            5            5           2           0       2527 MPI_Allreduce() 
  0.0            4            4           2           0       2359 MPI_Barrier() 
  0.0            1            4           1           1       4577 RHS_NORM 
  0.0        0.494        0.494           2           0        247 MPI_Comm_dup() 
  0.0        0.398        0.398           4           0        100 MPI_Bcast() 
  0.0        0.019        0.019           1           0         19 MPI_Reduce() 
  0.0      0.00175      0.00175           1           0          2 SET_CONSTANTS 
  0.0      0.00106      0.00106           1           0          1 MAKE_SET 
  0.0     0.000687     0.000687           1           0          1 COMPUTE_BUFFER_SIZE 
  0.0     0.000438     0.000438           1           0          0 MPI_Comm_size() 
  0.0      0.00025      0.00025           1           0          0 MPI_Comm_rank() 
  0.0     6.25E-05     6.25E-05      0.0625           0          1 SET_CLASS 
