Reading Profile files in profile.*

FUNCTION SUMMARY (total):
---------------------------------------------------------------------------------------
%Time    Exclusive    Inclusive       #Call      #Subrs  Inclusive Name
              msec   total msec                          usec/call 
---------------------------------------------------------------------------------------
100.0        0.081     5:15.903          16          16   19743943 .TAU application
100.0            8     5:15.903          16        6705   19743938 MPSP 
 73.8           32     3:52.999        6416       38496      36315 ADI 
 22.5     1:10.995     1:10.995          16           0    4437218 MPI_Finalize() 
 20.5       17,187     1:04.702        6416      166816      10084 Z_SOLVE 
 18.8        7,866       59,522        6432       90048       9254 COPY_FACES 
 16.0       25,917       50,412        6416      166816       7857 X_SOLVE 
 14.6       20,250       46,051        6416      166816       7178 Y_SOLVE 
 14.5       45,671       45,671        6432           0       7101 COMPUTE_RHS 
 11.5       36,302       36,302       25664           0       1415 LHSZ 
  7.5       23,616       23,616      121920           0        194 MPI_Waitall() 
  6.1       19,294       19,294       25664           0        752 LHSY 
  5.3       16,812       16,812       25664           0        655 LHSX 
  2.3        0.419        7,203          16          80     450236 SETUP_MPI 
  2.3        7,196        7,196          16           0     449756 MPI_Init() 
  2.1        6,708        6,708        6416           0       1046 TXINVR 
  1.8        5,715        5,715        6416           0        891 ADD 
  1.6        5,071        5,071       25664           0        198 TZETAR 
  1.0        1,398        3,204          32 1.28593E+07     100142 INITIALIZE 
  0.8        2,438        2,438 1.73406E+07           0          0 EXACT_SOLUTION 
  0.3        1,045        1,045       25664           0         41 PINVR 
  0.3        1,005        1,005       25664           0         39 NINVR 
  0.3          480          961          16    3.42E+06      60110 EXACT_RHS 
  0.2          518          518      154080           0          3 MPI_Isend() 
  0.1        0.355          426          16          48      26632 VERIFY 
  0.1          118          271          16 1.06122E+06      16973 ERROR_NORM 
  0.0          128          128      154080           0          1 MPI_Irecv() 
  0.0           42           42          16           0       2650 LHSINIT 
  0.0           39           39          16           0       2478 ALLOC_SPACE 
  0.0           14           14          32           0        448 MPI_Barrier() 
  0.0            5            7          16          16        472 RHS_NORM 
  0.0            7            7          32           0        227 MPI_Comm_dup() 
  0.0            6            6          64           0        102 MPI_Bcast() 
  0.0            4            4          32           0        154 MPI_Allreduce() 
  0.0        0.216        0.216          16           0         14 MPI_Reduce() 
  0.0        0.023        0.023          16           0          1 SET_CONSTANTS 
  0.0        0.015        0.015          16           0          1 MAKE_SET 
  0.0        0.008        0.008          16           0          0 COMPUTE_BUFFER_SIZE 
  0.0        0.006        0.006          16           0          0 MPI_Comm_size() 
  0.0        0.001        0.001          16           0          0 MPI_Comm_rank() 
  0.0            0            0           1           0          0 SET_CLASS 

FUNCTION SUMMARY (mean):
---------------------------------------------------------------------------------------
%Time    Exclusive    Inclusive       #Call      #Subrs  Inclusive Name
              msec   total msec                          usec/call 
---------------------------------------------------------------------------------------
100.0      0.00506       19,743           1           1   19743943 .TAU application
100.0         0.56       19,743           1     419.062   19743938 MPSP 
 73.8            2       14,562         401        2406      36315 ADI 
 22.5        4,437        4,437           1           0    4437218 MPI_Finalize() 
 20.5        1,074        4,043         401       10426      10084 Z_SOLVE 
 18.8          491        3,720         402        5628       9254 COPY_FACES 
 16.0        1,619        3,150         401       10426       7857 X_SOLVE 
 14.6        1,265        2,878         401       10426       7178 Y_SOLVE 
 14.5        2,854        2,854         402           0       7101 COMPUTE_RHS 
 11.5        2,268        2,268        1604           0       1415 LHSZ 
  7.5        1,476        1,476        7620           0        194 MPI_Waitall() 
  6.1        1,205        1,205        1604           0        752 LHSY 
  5.3        1,050        1,050        1604           0        655 LHSX 
  2.3       0.0262          450           1           5     450236 SETUP_MPI 
  2.3          449          449           1           0     449756 MPI_Init() 
  2.1          419          419         401           0       1046 TXINVR 
  1.8          357          357         401           0        891 ADD 
  1.6          316          316        1604           0        198 TZETAR 
  1.0           87          200           2      803709     100142 INITIALIZE 
  0.8          152          152 1.08378E+06           0          0 EXACT_SOLUTION 
  0.3           65           65        1604           0         41 PINVR 
  0.3           62           62        1604           0         39 NINVR 
  0.3           30           60           1      213750      60110 EXACT_RHS 
  0.2           32           32        9630           0          3 MPI_Isend() 
  0.1       0.0222           26           1           3      26632 VERIFY 
  0.1            7           16           1     66326.5      16973 ERROR_NORM 
  0.0            8            8        9630           0          1 MPI_Irecv() 
  0.0            2            2           1           0       2650 LHSINIT 
  0.0            2            2           1           0       2478 ALLOC_SPACE 
  0.0        0.896        0.896           2           0        448 MPI_Barrier() 
  0.0        0.336        0.472           1           1        472 RHS_NORM 
  0.0        0.453        0.453           2           0        227 MPI_Comm_dup() 
  0.0        0.407        0.407           4           0        102 MPI_Bcast() 
  0.0        0.307        0.307           2           0        154 MPI_Allreduce() 
  0.0       0.0135       0.0135           1           0         14 MPI_Reduce() 
  0.0      0.00144      0.00144           1           0          1 SET_CONSTANTS 
  0.0     0.000937     0.000937           1           0          1 MAKE_SET 
  0.0       0.0005       0.0005           1           0          0 COMPUTE_BUFFER_SIZE 
  0.0     0.000375     0.000375           1           0          0 MPI_Comm_size() 
  0.0     6.25E-05     6.25E-05           1           0          0 MPI_Comm_rank() 
  0.0            0            0      0.0625           0          0 SET_CLASS 
