Reading Profile files in profile.*

FUNCTION SUMMARY (total):
---------------------------------------------------------------------------------------
%Time    Exclusive    Inclusive       #Call      #Subrs  Inclusive Name
              msec   total msec                          usec/call 
---------------------------------------------------------------------------------------
100.0        0.005     4:50.427           1           1  290427974 .TAU application
100.0        0.316     4:50.427           1          72  290427969 FT 
 83.8        0.085     4:03.463          22          66   11066530 FFT 
 55.6       10,598     2:41.531 1.08134E+06  9.7321E+06        149 CFFTZ 
 52.0     2:30.933     2:30.933  9.7321E+06           0         16 FFTZ2 
 35.2       48,107     1:42.299          22      360470    4649959 CFFTS3 
 24.7       17,641     1:11.598          22      360470    3254492 CFFTS2 
 24.0       16,182     1:09.565          22      360470    3162074 CFFTS1 
  9.5       27,729       27,729           2           0   13864748 COMPUTE_INDEXMAP 
  4.5       13,137       13,137          20           0     656867 EVOLVE 
  1.5        4,331        4,331           1           0    4331365 MPI_Finalize() 
  0.4        1,202        1,202           2           4     601347 COMPUTE_INITIAL_CONDITIONS 
  0.2         0.67          561           1          12     561677 SETUP 
  0.2          559          559           1           0     559608 MPI_Init() 
  0.0            1            1           1           0       1308 ALLOC_SPACE 
  0.0            1            1          20          20         65 CHECKSUM 
  0.0         0.12         0.12          20           0          6 MPI_Reduce() 
  0.0        0.095        0.095           2           2         48 FFT_INIT 
  0.0        0.086        0.086           2           0         43 MPI_Comm_split() 
  0.0        0.022        0.022           1           0         22 VERIFY 
  0.0        0.015        0.015          68           0          0 ILOG2 
  0.0        0.004        0.004           5           0          1 MPI_Bcast() 
  0.0        0.002        0.002           4           0          0 IPOW46 
  0.0        0.001        0.001           1           0          1 MPI_Barrier() 
  0.0        0.001        0.001           1           0          1 SET_CLASS 
  0.0            0            0           1           0          0 MPI_Comm_rank() 
  0.0            0            0           1           0          0 MPI_Comm_size() 

FUNCTION SUMMARY (mean):
---------------------------------------------------------------------------------------
%Time    Exclusive    Inclusive       #Call      #Subrs  Inclusive Name
              msec   total msec                          usec/call 
---------------------------------------------------------------------------------------
100.0        0.005     4:50.427           1           1  290427974 .TAU application
100.0        0.316     4:50.427           1          72  290427969 FT 
 83.8        0.085     4:03.463          22          66   11066530 FFT 
 55.6       10,598     2:41.531 1.08134E+06  9.7321E+06        149 CFFTZ 
 52.0     2:30.933     2:30.933  9.7321E+06           0         16 FFTZ2 
 35.2       48,107     1:42.299          22      360470    4649959 CFFTS3 
 24.7       17,641     1:11.598          22      360470    3254492 CFFTS2 
 24.0       16,182     1:09.565          22      360470    3162074 CFFTS1 
  9.5       27,729       27,729           2           0   13864748 COMPUTE_INDEXMAP 
  4.5       13,137       13,137          20           0     656867 EVOLVE 
  1.5        4,331        4,331           1           0    4331365 MPI_Finalize() 
  0.4        1,202        1,202           2           4     601347 COMPUTE_INITIAL_CONDITIONS 
  0.2         0.67          561           1          12     561677 SETUP 
  0.2          559          559           1           0     559608 MPI_Init() 
  0.0            1            1           1           0       1308 ALLOC_SPACE 
  0.0            1            1          20          20         65 CHECKSUM 
  0.0         0.12         0.12          20           0          6 MPI_Reduce() 
  0.0        0.095        0.095           2           2         48 FFT_INIT 
  0.0        0.086        0.086           2           0         43 MPI_Comm_split() 
  0.0        0.022        0.022           1           0         22 VERIFY 
  0.0        0.015        0.015          68           0          0 ILOG2 
  0.0        0.004        0.004           5           0          1 MPI_Bcast() 
  0.0        0.002        0.002           4           0          0 IPOW46 
  0.0        0.001        0.001           1           0          1 MPI_Barrier() 
  0.0        0.001        0.001           1           0          1 SET_CLASS 
  0.0            0            0           1           0          0 MPI_Comm_rank() 
  0.0            0            0           1           0          0 MPI_Comm_size() 
