Reading Profile files in profile.*

FUNCTION SUMMARY (total):
---------------------------------------------------------------------------------------
%Time    Exclusive    Inclusive       #Call      #Subrs  Inclusive Name
              msec   total msec                          usec/call 
---------------------------------------------------------------------------------------
100.0         0.08     5:10.512          16          16   19407047 .TAU application
100.0            8     5:10.512          16        6705   19407042 MPSP 
 73.4           29     3:47.973        6416       38496      35532 ADI 
 22.7     1:10.479     1:10.479          16           0    4404946 MPI_Finalize() 
 20.5       17,430     1:03.607        6416      166816       9914 Z_SOLVE 
 19.0        8,080       58,959        6432       90048       9167 COPY_FACES 
 15.9       26,108       49,290        6416      166816       7682 X_SOLVE 
 14.8       46,013       46,013        6432           0       7154 COMPUTE_RHS 
 14.0       20,212       43,551        6416      166816       6788 Y_SOLVE 
 11.6       35,896       35,896       25664           0       1399 LHSZ 
  6.2       19,240       19,240       25664           0        750 LHSY 
  5.8       17,956       17,956      121920           0        147 MPI_Waitall() 
  5.4       16,712       16,712       25664           0        651 LHSX 
  2.4        0.401        7,352          16          80     459522 SETUP_MPI 
  2.4        7,345        7,345          16           0     459081 MPI_Init() 
  2.2        6,763        6,763        6416           0       1054 TXINVR 
  1.9        5,916        5,916        6416           0        922 ADD 
  1.6        5,080        5,080       25664           0        198 TZETAR 
  1.0        1,400        3,208          32 1.28593E+07     100251 INITIALIZE 
  0.8        2,438        2,438 1.73406E+07           0          0 EXACT_SOLUTION 
  0.3        1,036        1,036       25664           0         40 PINVR 
  0.3        1,002        1,002       25664           0         39 NINVR 
  0.3          481          962          16    3.42E+06      60183 EXACT_RHS 
  0.2          507          507      154080           0          3 MPI_Isend() 
  0.1        0.341          429          16          48      26836 VERIFY 
  0.1          118          273          16 1.06122E+06      17113 ERROR_NORM 
  0.0          129          129      154080           0          1 MPI_Irecv() 
  0.0           41           41          16           0       2610 LHSINIT 
  0.0           39           39          16           0       2442 ALLOC_SPACE 
  0.0           10           10          32           0        342 MPI_Barrier() 
  0.0            5            9          16          16        598 RHS_NORM 
  0.0            9            9          32           0        291 MPI_Allreduce() 
  0.0            6            6          32           0        208 MPI_Comm_dup() 
  0.0            6            6          64           0        101 MPI_Bcast() 
  0.0        0.255        0.255          16           0         16 MPI_Reduce() 
  0.0        0.025        0.025          16           0          2 SET_CONSTANTS 
  0.0        0.017        0.017          16           0          1 MAKE_SET 
  0.0        0.008        0.008          16           0          0 COMPUTE_BUFFER_SIZE 
  0.0        0.004        0.004          16           0          0 MPI_Comm_rank() 
  0.0        0.004        0.004          16           0          0 MPI_Comm_size() 
  0.0        0.001        0.001           1           0          1 SET_CLASS 

FUNCTION SUMMARY (mean):
---------------------------------------------------------------------------------------
%Time    Exclusive    Inclusive       #Call      #Subrs  Inclusive Name
              msec   total msec                          usec/call 
---------------------------------------------------------------------------------------
100.0        0.005       19,407           1           1   19407047 .TAU application
100.0        0.561       19,407           1     419.062   19407042 MPSP 
 73.4            1       14,248         401        2406      35532 ADI 
 22.7        4,404        4,404           1           0    4404946 MPI_Finalize() 
 20.5        1,089        3,975         401       10426       9914 Z_SOLVE 
 19.0          505        3,684         402        5628       9167 COPY_FACES 
 15.9        1,631        3,080         401       10426       7682 X_SOLVE 
 14.8        2,875        2,875         402           0       7154 COMPUTE_RHS 
 14.0        1,263        2,721         401       10426       6788 Y_SOLVE 
 11.6        2,243        2,243        1604           0       1399 LHSZ 
  6.2        1,202        1,202        1604           0        750 LHSY 
  5.8        1,122        1,122        7620           0        147 MPI_Waitall() 
  5.4        1,044        1,044        1604           0        651 LHSX 
  2.4       0.0251          459           1           5     459522 SETUP_MPI 
  2.4          459          459           1           0     459081 MPI_Init() 
  2.2          422          422         401           0       1054 TXINVR 
  1.9          369          369         401           0        922 ADD 
  1.6          317          317        1604           0        198 TZETAR 
  1.0           87          200           2      803709     100251 INITIALIZE 
  0.8          152          152 1.08378E+06           0          0 EXACT_SOLUTION 
  0.3           64           64        1604           0         40 PINVR 
  0.3           62           62        1604           0         39 NINVR 
  0.3           30           60           1      213750      60183 EXACT_RHS 
  0.2           31           31        9630           0          3 MPI_Isend() 
  0.1       0.0213           26           1           3      26836 VERIFY 
  0.1            7           17           1     66326.5      17113 ERROR_NORM 
  0.0            8            8        9630           0          1 MPI_Irecv() 
  0.0            2            2           1           0       2610 LHSINIT 
  0.0            2            2           1           0       2442 ALLOC_SPACE 
  0.0        0.683        0.683           2           0        342 MPI_Barrier() 
  0.0        0.367        0.598           1           1        598 RHS_NORM 
  0.0        0.581        0.581           2           0        291 MPI_Allreduce() 
  0.0        0.416        0.416           2           0        208 MPI_Comm_dup() 
  0.0        0.406        0.406           4           0        101 MPI_Bcast() 
  0.0       0.0159       0.0159           1           0         16 MPI_Reduce() 
  0.0      0.00156      0.00156           1           0          2 SET_CONSTANTS 
  0.0      0.00106      0.00106           1           0          1 MAKE_SET 
  0.0       0.0005       0.0005           1           0          0 COMPUTE_BUFFER_SIZE 
  0.0      0.00025      0.00025           1           0          0 MPI_Comm_rank() 
  0.0      0.00025      0.00025           1           0          0 MPI_Comm_size() 
  0.0     6.25E-05     6.25E-05      0.0625           0          1 SET_CLASS 
