Reading Profile files in profile.*

FUNCTION SUMMARY (total):
---------------------------------------------------------------------------------------
%Time    Exclusive    Inclusive       #Call      #Subrs  Inclusive Name
              msec   total msec                          usec/call 
---------------------------------------------------------------------------------------
100.0            1    13:45.555         256         256    3224825 .TAU application
100.0           46    13:45.553         256      107265    3224819 MPSP 
 51.8          154     7:07.386      102656      615936       4163 ADI 
 27.4            7     3:45.907         256        1280     882453 SETUP_MPI 
 27.3     3:45.382     3:45.382         256           0     880400 MPI_Init() 
 26.2     3:36.066     3:36.066 9.34195E+06           0         23 MPI_Waitall() 
 19.7     2:42.844     2:42.844         256           0     636113 MPI_Finalize() 
 17.0       21,643     2:20.717      102656  1.2524E+07       1371 Y_SOLVE 
 11.6       20,996     1:35.613      102656  1.2524E+07        931 X_SOLVE 
 11.5       21,217     1:34.542      102656  1.2524E+07        921 Z_SOLVE 
 10.9       13,799     1:30.018      102912 1.44077E+06        875 COPY_FACES 
  6.8       56,063       56,063      102912           0        545 COMPUTE_RHS 
  2.2       17,990       17,990  1.6425E+06           0         11 LHSX 
  1.7       14,376       14,376  1.6425E+06           0          9 LHSZ 
  1.7       13,931       13,931  1.6425E+06           0          8 LHSY 
  1.5       12,754       12,754 9.85651E+06           0          1 MPI_Isend() 
  0.6        2,230        4,644         512 1.28593E+07       9072 INITIALIZE 
  0.5        4,328        4,328 9.85651E+06           0          0 MPI_Irecv() 
  0.5        4,045        4,045  1.6425E+06           0          2 TZETAR 
  0.5        3,778        3,778      102656           0         37 TXINVR 
  0.4        3,478        3,478 1.87806E+07           0          0 EXACT_SOLUTION 
  0.3        2,766        2,766      102656           0         27 ADD 
  0.2        1,063        1,975         256    4.86E+06       7718 EXACT_RHS 
  0.2        1,852        1,852  1.6425E+06           0          1 PINVR 
  0.2        1,825        1,825  1.6425E+06           0          1 NINVR 
  0.2        1,284        1,284         512           0       2509 MPI_Barrier() 
  0.1            1        1,145         256         768       4476 VERIFY 
  0.1          656          656         512           0       1282 MPI_Allreduce() 
  0.1          127          596         256 1.06146E+06       2329 ERROR_NORM 
  0.1          518          518         512           0       1012 MPI_Comm_dup() 
  0.0            3          342         256         256       1340 RHS_NORM 
  0.0          189          189        1024           0        185 MPI_Bcast() 
  0.0          107          107         256           0        420 LHSINIT 
  0.0           15           15         256           0         62 ALLOC_SPACE 
  0.0            2            2         256           0          9 MPI_Reduce() 
  0.0        0.391        0.391         256           0          2 SET_CONSTANTS 
  0.0        0.267        0.267         256           0          1 MAKE_SET 
  0.0        0.131        0.131         256           0          1 COMPUTE_BUFFER_SIZE 
  0.0        0.116        0.116         256           0          0 MPI_Comm_size() 
  0.0        0.054        0.054         256           0          0 MPI_Comm_rank() 
  0.0        0.001        0.001           1           0          1 SET_CLASS 

FUNCTION SUMMARY (mean):
---------------------------------------------------------------------------------------
%Time    Exclusive    Inclusive       #Call      #Subrs  Inclusive Name
              msec   total msec                          usec/call 
---------------------------------------------------------------------------------------
100.0      0.00536        3,224           1           1    3224825 .TAU application
100.0        0.182        3,224           1     419.004    3224819 MPSP 
 51.8        0.603        1,669         401        2406       4163 ADI 
 27.4       0.0277          882           1           5     882453 SETUP_MPI 
 27.3          880          880           1           0     880400 MPI_Init() 
 26.2          844          844       36492           0         23 MPI_Waitall() 
 19.7          636          636           1           0     636113 MPI_Finalize() 
 17.0           84          549         401       48922       1371 Y_SOLVE 
 11.6           82          373         401       48922        931 X_SOLVE 
 11.5           82          369         401       48922        921 Z_SOLVE 
 10.9           53          351         402        5628        875 COPY_FACES 
  6.8          218          218         402           0        545 COMPUTE_RHS 
  2.2           70           70        6416           0         11 LHSX 
  1.7           56           56        6416           0          9 LHSZ 
  1.7           54           54        6416           0          8 LHSY 
  1.5           49           49       38502           0          1 MPI_Isend() 
  0.6            8           18           2     50231.8       9072 INITIALIZE 
  0.5           16           16       38502           0          0 MPI_Irecv() 
  0.5           15           15        6416           0          2 TZETAR 
  0.5           14           14         401           0         37 TXINVR 
  0.4           13           13     73361.5           0          0 EXACT_SOLUTION 
  0.3           10           10         401           0         27 ADD 
  0.2            4            7           1     18984.4       7718 EXACT_RHS 
  0.2            7            7        6416           0          1 PINVR 
  0.2            7            7        6416           0          1 NINVR 
  0.2            5            5           2           0       2509 MPI_Barrier() 
  0.1      0.00546            4           1           3       4476 VERIFY 
  0.1            2            2           2           0       1282 MPI_Allreduce() 
  0.1        0.499            2           1     4146.34       2329 ERROR_NORM 
  0.1            2            2           2           0       1012 MPI_Comm_dup() 
  0.0       0.0124            1           1           1       1340 RHS_NORM 
  0.0        0.742        0.742           4           0        185 MPI_Bcast() 
  0.0         0.42         0.42           1           0        420 LHSINIT 
  0.0       0.0615       0.0615           1           0         62 ALLOC_SPACE 
  0.0      0.00926      0.00926           1           0          9 MPI_Reduce() 
  0.0      0.00153      0.00153           1           0          2 SET_CONSTANTS 
  0.0      0.00104      0.00104           1           0          1 MAKE_SET 
  0.0     0.000512     0.000512           1           0          1 COMPUTE_BUFFER_SIZE 
  0.0     0.000453     0.000453           1           0          0 MPI_Comm_size() 
  0.0     0.000211     0.000211           1           0          0 MPI_Comm_rank() 
  0.0     3.91E-06     3.91E-06  0.00390625           0          1 SET_CLASS 
