Reading Profile files in profile.*

FUNCTION SUMMARY (total):
---------------------------------------------------------------------------------------
%Time    Exclusive    Inclusive       #Call      #Subrs  Inclusive Name
              msec   total msec                          usec/call 
---------------------------------------------------------------------------------------
100.0        0.086       59,804          16          16    3737753 .TAU application
100.0            1       59,803          16         273    3737748 APPLU 
 67.9       15,000       40,587          32 7.40021E+06    1268366 SSOR 
 19.8       11,842       11,842          16           0     740186 MPI_Finalize() 
 15.2        6,354        9,086        4048        8096       2245 RHS 
 10.6        0.652        6,354          16          48     397172 INIT_COMM 
 10.6        6,354        6,354          16           0     397130 MPI_Init() 
  9.9          468        5,919      995968 1.49395E+06          6 EXCHANGE_1 
  8.5        5,076        5,076      746976           0          7 MPI_Recv() 
  4.9          418        2,958        8128       36576        364 EXCHANGE_3 
  4.6        2,777        2,777 1.60002E+06           0          2 JACLD [THROTTLED]
  4.6        2,722        2,722 1.60002E+06           0          2 JACU [THROTTLED]
  4.2        2,517        2,517 1.60002E+06           0          2 BLTS [THROTTLED]
  4.2        2,506        2,506 1.60002E+06           0          2 BUTS [THROTTLED]
  2.6        1,557        1,557       12228           0        127 MPI_Wait() 
  2.2        1,331        1,331      759204           0          2 MPI_Send() 
  1.1          352          671          32 1.55086E+06      20998 SETIV 
  0.6          335          335 1.60002E+06           0          0 EXACT [THROTTLED]
  0.5           60          286          16          32      17936 ERHS 
  0.1           56           56         160           0        354 MPI_Allreduce() 
  0.1            2           45          64          64        707 L2NORM 
  0.0           26           26       12228           0          2 MPI_Irecv() 
  0.0            7           23          32       49152        730 SETBV 
  0.0        0.848           18          16          17       1159 READ_INPUT 
  0.0        0.147           17          16         160       1106 BCAST_INPUTS 
  0.0           17           17         160           0        110 MPI_Bcast() 
  0.0           13           14          16          16        895 ERROR 
  0.0        0.472            1          16          80         82 PINTGR 
  0.0        0.756        0.756          16           0         47 ALLOC_SPACE 
  0.0        0.628        0.628          32           0         20 MPI_Barrier() 
  0.0        0.169        0.169           1           0        169 VERIFY 
  0.0        0.022        0.148          16          72          9 EXCHANGE_4 
  0.0        0.045        0.048          16          16          3 PROC_GRID 
  0.0        0.004        0.041           8          18          5 EXCHANGE_6 
  0.0        0.004        0.026           8          18          3 EXCHANGE_5 
  0.0        0.013        0.013          16           0          1 SETCOEFF 
  0.0         0.01         0.01          16           0          1 MPI_Comm_size() 
  0.0        0.006        0.006          16           0          0 NEIGHBORS 
  0.0        0.004        0.004          16           0          0 MPI_Comm_rank() 
  0.0        0.003        0.003          16           0          0 ISQRT2 
  0.0        0.003        0.003          16           0          0 SUBDOMAIN 
  0.0        0.001        0.001           1           0          1 SET_CLASS 

FUNCTION SUMMARY (mean):
---------------------------------------------------------------------------------------
%Time    Exclusive    Inclusive       #Call      #Subrs  Inclusive Name
              msec   total msec                          usec/call 
---------------------------------------------------------------------------------------
100.0      0.00537        3,737           1           1    3737753 .TAU application
100.0        0.065        3,737           1     17.0625    3737748 APPLU 
 67.9          937        2,536           2      462513    1268366 SSOR 
 19.8          740          740           1           0     740186 MPI_Finalize() 
 15.2          397          567         253         506       2245 RHS 
 10.6       0.0408          397           1           3     397172 INIT_COMM 
 10.6          397          397           1           0     397130 MPI_Init() 
  9.9           29          369       62248       93372          6 EXCHANGE_1 
  8.5          317          317       46686           0          7 MPI_Recv() 
  4.9           26          184         508        2286        364 EXCHANGE_3 
  4.6          173          173      100001           0          2 JACLD [THROTTLED]
  4.6          170          170      100001           0          2 JACU [THROTTLED]
  4.2          157          157      100001           0          2 BLTS [THROTTLED]
  4.2          156          156      100001           0          2 BUTS [THROTTLED]
  2.6           97           97      764.25           0        127 MPI_Wait() 
  2.2           83           83     47450.2           0          2 MPI_Send() 
  1.1           22           41           2       96929      20998 SETIV 
  0.6           20           20      100001           0          0 EXACT [THROTTLED]
  0.5            3           17           1           2      17936 ERHS 
  0.1            3            3          10           0        354 MPI_Allreduce() 
  0.1        0.158            2           4           4        707 L2NORM 
  0.0            1            1      764.25           0          2 MPI_Irecv() 
  0.0        0.491            1           2        3072        730 SETBV 
  0.0        0.053            1           1      1.0625       1159 READ_INPUT 
  0.0      0.00919            1           1          10       1106 BCAST_INPUTS 
  0.0            1            1          10           0        110 MPI_Bcast() 
  0.0        0.833        0.895           1           1        895 ERROR 
  0.0       0.0295        0.082           1           5         82 PINTGR 
  0.0       0.0473       0.0473           1           0         47 ALLOC_SPACE 
  0.0       0.0393       0.0393           2           0         20 MPI_Barrier() 
  0.0       0.0106       0.0106      0.0625           0        169 VERIFY 
  0.0      0.00137      0.00925           1         4.5          9 EXCHANGE_4 
  0.0      0.00281        0.003           1           1          3 PROC_GRID 
  0.0      0.00025      0.00256         0.5       1.125          5 EXCHANGE_6 
  0.0      0.00025      0.00162         0.5       1.125          3 EXCHANGE_5 
  0.0     0.000812     0.000812           1           0          1 SETCOEFF 
  0.0     0.000625     0.000625           1           0          1 MPI_Comm_size() 
  0.0     0.000375     0.000375           1           0          0 NEIGHBORS 
  0.0      0.00025      0.00025           1           0          0 MPI_Comm_rank() 
  0.0     0.000188     0.000188           1           0          0 ISQRT2 
  0.0     0.000188     0.000188           1           0          0 SUBDOMAIN 
  0.0     6.25E-05     6.25E-05      0.0625           0          1 SET_CLASS 
