Reading Profile files in profile.*

FUNCTION SUMMARY (total):
---------------------------------------------------------------------------------------
%Time    Exclusive    Inclusive       #Call      #Subrs  Inclusive Name
              msec   total msec                          usec/call 
---------------------------------------------------------------------------------------
100.0        0.667    16:48.904         128         128    7882066 .TAU application
100.0            7    16:48.903         128        2177    7882061 APPLU 
 85.7     6:20.354    14:24.322         256 7.15849E+07    3376258 SSOR 
 24.0       14,071     4:02.587 1.92768E+07 2.88998E+07         13 EXCHANGE_1 
 20.6     3:27.931     3:27.931 1.55821E+07           0         13 MPI_Recv() 
 16.7     1:58.591     2:48.485       32384       64768       5203 RHS 
  7.1            5     1:11.812         128         384     561034 INIT_COMM 
  7.1     1:11.807     1:11.807         128           0     560992 MPI_Init() 
  6.1     1:01.579     1:01.579         128           0     481088 MPI_Finalize() 
  5.2       17,104       52,171       65024      316032        802 EXCHANGE_3 
  2.3       22,974       22,974 1.24001E+07           0          2 MPI_Send() [THROTTLED]
  2.2       22,455       22,455 2.29462E+06           0         10 MPI_Recv() [THROTTLED]
  1.8       17,726       17,726      118132           0        150 MPI_Wait() 
  1.6       15,639       15,639 1.28001E+07           0          1 JACLD [THROTTLED]
  1.5       15,318       15,318 1.28001E+07           0          1 JACU [THROTTLED]
  1.4       13,757       13,757 1.28001E+07           0          1 BLTS [THROTTLED]
  1.3       13,607       13,607 1.28001E+07           0          1 BUTS [THROTTLED]
  1.1        2,364       10,677 1.07414E+06 1.62006E+06         10 EXCHANGE_1 [THROTTLED]
  0.7        4,707        7,311         256 1.26427E+07      28561 SETIV 
  0.4        3,652        3,652        1280           0       2853 MPI_Allreduce() 
  0.3          901        3,178         128         256      24832 ERHS 
  0.3        2,663        2,663 1.28001E+07           0          0 EXACT [THROTTLED]
  0.3           45        2,605         512         512       5089 L2NORM 
  0.1          565          565      323320           0          2 MPI_Send() 
  0.0          239          270         128         128       2115 ERROR 
  0.0          247          247      118132           0          2 MPI_Irecv() 
  0.0          246          246         256           0        962 MPI_Barrier() 
  0.0          149          149         128           0       1164 ALLOC_SPACE 
  0.0        0.993          142         128         129       1111 READ_INPUT 
  0.0            1          141         128        1280       1103 BCAST_INPUTS 
  0.0          140          140        1280           0        109 MPI_Bcast() 
  0.0           37           97         256      157464        382 SETBV 
  0.0            8           32         128         560        251 PINTGR 
  0.0         0.36            4         128         468         32 EXCHANGE_4 
  0.0         0.06        0.715          32          62         22 EXCHANGE_5 
  0.0        0.271        0.314         128         128          2 PROC_GRID 
  0.0        0.033         0.25          16          30         16 EXCHANGE_6 
  0.0        0.166        0.166           1           0        166 VERIFY 
  0.0         0.09         0.09         128           0          1 SETCOEFF 
  0.0        0.064        0.064         128           0          0 MPI_Comm_size() 
  0.0         0.05         0.05         128           0          0 NEIGHBORS 
  0.0        0.045        0.045         128           0          0 MPI_Comm_rank() 
  0.0        0.043        0.043         128           0          0 ISQRT2 
  0.0        0.036        0.036         128           0          0 SUBDOMAIN 
  0.0            0            0           1           0          0 SET_CLASS 

FUNCTION SUMMARY (mean):
---------------------------------------------------------------------------------------
%Time    Exclusive    Inclusive       #Call      #Subrs  Inclusive Name
              msec   total msec                          usec/call 
---------------------------------------------------------------------------------------
100.0      0.00521        7,882           1           1    7882066 .TAU application
100.0       0.0584        7,882           1     17.0078    7882061 APPLU 
 85.7        2,971        6,752           2      559257    3376258 SSOR 
 24.0          109        1,895      150600      225779         13 EXCHANGE_1 
 20.6        1,624        1,624      121735           0         13 MPI_Recv() 
 16.7          926        1,316         253         506       5203 RHS 
  7.1       0.0407          561           1           3     561034 INIT_COMM 
  7.1          560          560           1           0     560992 MPI_Init() 
  6.1          481          481           1           0     481088 MPI_Finalize() 
  5.2          133          407         508        2469        802 EXCHANGE_3 
  2.3          179          179       96876           0          2 MPI_Send() [THROTTLED]
  2.2          175          175     17926.7           0         10 MPI_Recv() [THROTTLED]
  1.8          138          138     922.906           0        150 MPI_Wait() 
  1.6          122          122      100001           0          1 JACLD [THROTTLED]
  1.5          119          119      100001           0          1 JACU [THROTTLED]
  1.4          107          107      100001           0          1 BLTS [THROTTLED]
  1.3          106          106      100001           0          1 BUTS [THROTTLED]
  1.1           18           83     8391.75     12656.7         10 EXCHANGE_1 [THROTTLED]
  0.7           36           57           2     98770.8      28561 SETIV 
  0.4           28           28          10           0       2853 MPI_Allreduce() 
  0.3            7           24           1           2      24832 ERHS 
  0.3           20           20      100001           0          0 EXACT [THROTTLED]
  0.3        0.357           20           4           4       5089 L2NORM 
  0.1            4            4     2525.94           0          2 MPI_Send() 
  0.0            1            2           1           1       2115 ERROR 
  0.0            1            1     922.906           0          2 MPI_Irecv() 
  0.0            1            1           2           0        962 MPI_Barrier() 
  0.0            1            1           1           0       1164 ALLOC_SPACE 
  0.0      0.00776            1           1     1.00781       1111 READ_INPUT 
  0.0      0.00885            1           1          10       1103 BCAST_INPUTS 
  0.0            1            1          10           0        109 MPI_Bcast() 
  0.0        0.296        0.764           2     1230.19        382 SETBV 
  0.0       0.0703        0.251           1       4.375        251 PINTGR 
  0.0      0.00281       0.0322           1     3.65625         32 EXCHANGE_4 
  0.0     0.000469      0.00559        0.25    0.484375         22 EXCHANGE_5 
  0.0      0.00212      0.00245           1           1          2 PROC_GRID 
  0.0     0.000258      0.00195       0.125    0.234375         16 EXCHANGE_6 
  0.0       0.0013       0.0013   0.0078125           0        166 VERIFY 
  0.0     0.000703     0.000703           1           0          1 SETCOEFF 
  0.0       0.0005       0.0005           1           0          0 MPI_Comm_size() 
  0.0     0.000391     0.000391           1           0          0 NEIGHBORS 
  0.0     0.000352     0.000352           1           0          0 MPI_Comm_rank() 
  0.0     0.000336     0.000336           1           0          0 ISQRT2 
  0.0     0.000281     0.000281           1           0          0 SUBDOMAIN 
  0.0            0            0   0.0078125           0          0 SET_CLASS 
