Reading Profile files in profile.*

FUNCTION SUMMARY (total):
---------------------------------------------------------------------------------------
%Time    Exclusive    Inclusive       #Call      #Subrs  Inclusive Name
              msec   total msec                          usec/call 
---------------------------------------------------------------------------------------
100.0        0.472 10:28:52.429         100         100  377324291 .TAU application
100.0          112 10:28:52.428         100       51901  377324287 MPSP 
 98.9          510 10:21:41.946       50100      300600     744550 ADI 
 28.0    12:33.016  2:56:15.495       50200      702800     210667 COPY_FACES 
 24.0  2:30:57.943  2:30:57.943       50200           0     180437 COMPUTE_RHS 
 22.5    33:53.092  2:21:18.239       50100  3.7074E+06     169226 Z_SOLVE 
 22.2    58:32.647  2:19:39.285       50100  3.7074E+06     167251 X_SOLVE 
 22.1    41:04.924  2:19:03.324       50100  3.7074E+06     166533 Y_SOLVE 
 21.8  2:17:03.535  2:17:03.535  2.7556E+06           0       2984 MPI_Waitall() 
 10.5  1:06:08.985  1:06:08.985      501000           0       7922 LHSZ 
  7.3    45:36.037    45:36.037      501000           0       5461 LHSY 
  5.2    32:49.808    32:49.808      501000           0       3932 LHSX 
  2.1    13:15.474    13:15.474       50100           0      15878 TXINVR 
  2.0    12:30.564    12:30.564       50100           0      14981 ADD 
  1.5     9:28.309     9:28.309      501000           0       1134 TZETAR 
  0.5     1:30.660     3:26.350         200 8.17005E+08    1031750 INITIALIZE 
  0.5     3:10.179     3:10.179      501000           0        380 NINVR 
  0.4     2:36.172     2:36.172 1.10448E+09           0          0 EXACT_SOLUTION 
  0.4     2:33.948     2:33.948      501000           0        307 PINVR 
  0.2     1:17.333     1:17.333  3.0066E+06           0         26 MPI_Irecv() 
  0.2     1:06.581     1:06.581  3.0066E+06           0         22 MPI_Isend() 
  0.2       31,799     1:02.699         100 2.19562E+08     626995 EXACT_RHS 
  0.1       50,764       50,764         100           0     507649 MPI_Finalize() 
  0.1            2       49,916         100         500     499162 SETUP_MPI 
  0.1       49,783       49,783         100           0     497837 MPI_Init() 
  0.1            2       45,284         100         300     452848 VERIFY 
  0.1        7,639       20,401         100 6.79174E+07     204014 ERROR_NORM 
  0.0       11,750       11,750         200           0      58752 MPI_Barrier() 
  0.0        6,686        6,686         200           0      33435 MPI_Allreduce() 
  0.0          423        3,932         100         100      39329 RHS_NORM 
  0.0        2,661        2,661         100           0      26620 LHSINIT 
  0.0          865          865         100           0       8658 ALLOC_SPACE 
  0.0          129          129         200           0        648 MPI_Comm_dup() 
  0.0           74           74         400           0        185 MPI_Bcast() 
  0.0            1            1         100           0         16 MPI_Reduce() 
  0.0        0.227        0.227         100           0          2 SET_CONSTANTS 
  0.0        0.204        0.204         100           0          2 MAKE_SET 
  0.0        0.089        0.089         100           0          1 COMPUTE_BUFFER_SIZE 
  0.0        0.039        0.039         100           0          0 MPI_Comm_size() 
  0.0        0.018        0.018         100           0          0 MPI_Comm_rank() 
  0.0        0.001        0.001           1           0          1 SET_CLASS 

FUNCTION SUMMARY (mean):
---------------------------------------------------------------------------------------
%Time    Exclusive    Inclusive       #Call      #Subrs  Inclusive Name
              msec   total msec                          usec/call 
---------------------------------------------------------------------------------------
100.0      0.00472     6:17.324           1           1  377324291 .TAU application
100.0            1     6:17.324           1      519.01  377324287 MPSP 
 98.9            5     6:13.019         501        3006     744550 ADI 
 28.0        7,530     1:45.754         502        7028     210667 COPY_FACES 
 24.0     1:30.579     1:30.579         502           0     180437 COMPUTE_RHS 
 22.5       20,330     1:24.782         501       37074     169226 Z_SOLVE 
 22.2       35,126     1:23.792         501       37074     167251 X_SOLVE 
 22.1       24,649     1:23.433         501       37074     166533 Y_SOLVE 
 21.8     1:22.235     1:22.235       27556           0       2984 MPI_Waitall() 
 10.5       39,689       39,689        5010           0       7922 LHSZ 
  7.3       27,360       27,360        5010           0       5461 LHSY 
  5.2       19,698       19,698        5010           0       3932 LHSX 
  2.1        7,954        7,954         501           0      15878 TXINVR 
  2.0        7,505        7,505         501           0      14981 ADD 
  1.5        5,683        5,683        5010           0       1134 TZETAR 
  0.5          906        2,063           2 8.17005E+06    1031750 INITIALIZE 
  0.5        1,901        1,901        5010           0        380 NINVR 
  0.4        1,561        1,561 1.10448E+07           0          0 EXACT_SOLUTION 
  0.4        1,539        1,539        5010           0        307 PINVR 
  0.2          773          773       30066           0         26 MPI_Irecv() 
  0.2          665          665       30066           0         22 MPI_Isend() 
  0.2          317          626           1 2.19562E+06     626995 EXACT_RHS 
  0.1          507          507           1           0     507649 MPI_Finalize() 
  0.1       0.0274          499           1           5     499162 SETUP_MPI 
  0.1          497          497           1           0     497837 MPI_Init() 
  0.1       0.0249          452           1           3     452848 VERIFY 
  0.1           76          204           1      679174     204014 ERROR_NORM 
  0.0          117          117           2           0      58752 MPI_Barrier() 
  0.0           66           66           2           0      33435 MPI_Allreduce() 
  0.0            4           39           1           1      39329 RHS_NORM 
  0.0           26           26           1           0      26620 LHSINIT 
  0.0            8            8           1           0       8658 ALLOC_SPACE 
  0.0            1            1           2           0        648 MPI_Comm_dup() 
  0.0        0.742        0.742           4           0        185 MPI_Bcast() 
  0.0       0.0158       0.0158           1           0         16 MPI_Reduce() 
  0.0      0.00227      0.00227           1           0          2 SET_CONSTANTS 
  0.0      0.00204      0.00204           1           0          2 MAKE_SET 
  0.0      0.00089      0.00089           1           0          1 COMPUTE_BUFFER_SIZE 
  0.0      0.00039      0.00039           1           0          0 MPI_Comm_size() 
  0.0      0.00018      0.00018           1           0          0 MPI_Comm_rank() 
  0.0        1E-05        1E-05        0.01           0          1 SET_CLASS 
