Reading Profile files in profile.*

FUNCTION SUMMARY (total):
---------------------------------------------------------------------------------------
%Time    Exclusive    Inclusive       #Call      #Subrs  Inclusive Name
              msec   total msec                          usec/call 
---------------------------------------------------------------------------------------
100.0        0.238 11:03:13.103          49          49  812104157 .TAU application
100.0           61 11:03:13.103          49       25432  812104152 MPSP 
 99.1          314 10:57:10.473       24549      147294    1606195 ADI 
 26.8     7:47.765  2:58:00.432       24598      344372     434199 COPY_FACES 
 25.7    38:12.505  2:50:11.634       24549 1.22745E+06     415969 Y_SOLVE 
 24.3  2:41:16.933  2:41:16.933       24598           0     393403 COMPUTE_RHS 
 23.3    40:11.200  2:34:49.625       24549 1.22745E+06     378412 Z_SOLVE 
 19.3  1:02:28.044  2:08:11.027       24549 1.22745E+06     313293 X_SOLVE 
 18.1  2:00:10.300  2:00:10.300      908362           0       7938 MPI_Waitall() 
 11.4  1:15:32.484  1:15:32.484      171843           0      26376 LHSZ 
  9.8  1:05:17.978  1:05:17.978      171843           0      22800 LHSY 
  5.9    38:59.892    38:59.892      171843           0      13616 LHSX 
  2.1    14:06.523    14:06.523       24549           0      34483 TXINVR 
  1.8    12:11.626    12:11.626       24549           0      29803 ADD 
  1.7    11:18.178    11:18.178      171843           0       3947 TZETAR 
  0.7     4:36.316     4:36.316      171843           0       1608 NINVR 
  0.6     4:05.980     4:05.980      171843           0       1431 PINVR 
  0.5     1:29.732     3:24.794          98 8.17005E+08    2089738 INITIALIZE 
  0.4     2:34.606     2:34.606 1.09855E+09           0          0 EXACT_SOLUTION 
  0.2       31,765     1:01.793          49 2.13627E+08    1261097 EXACT_RHS 
  0.1       42,798       42,798 1.03135E+06           0         41 MPI_Irecv() 
  0.1            1       42,091          49         147     859019 VERIFY 
  0.1       32,340       32,340 1.03135E+06           0         31 MPI_Isend() 
  0.1       26,427       26,427          49           0     539340 MPI_Finalize() 
  0.1            1       22,733          49         245     463953 SETUP_MPI 
  0.1       22,693       22,693          49           0     463139 MPI_Init() 
  0.0        7,640       17,899          49 6.79174E+07     365302 ERROR_NORM 
  0.0        3,780        3,780          98           0      38581 MPI_Allreduce() 
  0.0          441        3,479          49          49      71009 RHS_NORM 
  0.0        2,901        2,901          49           0      59224 LHSINIT 
  0.0        1,353        1,353          98           0      13806 MPI_Barrier() 
  0.0          435          435          49           0       8884 ALLOC_SPACE 
  0.0           38           38          98           0        393 MPI_Comm_dup() 
  0.0           35           35         196           0        183 MPI_Bcast() 
  0.0        0.806        0.806          49           0         16 MPI_Reduce() 
  0.0        0.122        0.122          49           0          2 SET_CONSTANTS 
  0.0        0.105        0.105          49           0          2 MAKE_SET 
  0.0        0.049        0.049          49           0          1 COMPUTE_BUFFER_SIZE 
  0.0        0.017        0.017          49           0          0 MPI_Comm_size() 
  0.0        0.009        0.009          49           0          0 MPI_Comm_rank() 
  0.0        0.001        0.001           1           0          1 SET_CLASS 

FUNCTION SUMMARY (mean):
---------------------------------------------------------------------------------------
%Time    Exclusive    Inclusive       #Call      #Subrs  Inclusive Name
              msec   total msec                          usec/call 
---------------------------------------------------------------------------------------
100.0      0.00486    13:32.104           1           1  812104157 .TAU application
100.0            1    13:32.104           1      519.02  812104152 MPSP 
 99.1            6    13:24.703         501        3006    1606195 ADI 
 26.8        9,546     3:37.968         502        7028     434199 COPY_FACES 
 25.7       46,785     3:28.400         501       25050     415969 Y_SOLVE 
 24.3     3:17.488     3:17.488         502           0     393403 COMPUTE_RHS 
 23.3       49,208     3:09.584         501       25050     378412 Z_SOLVE 
 19.3     1:16.490     2:36.959         501       25050     313293 X_SOLVE 
 18.1     2:27.148     2:27.148       18538           0       7938 MPI_Waitall() 
 11.4     1:32.499     1:32.499        3507           0      26376 LHSZ 
  9.8     1:19.958     1:19.958        3507           0      22800 LHSY 
  5.9       47,752       47,752        3507           0      13616 LHSX 
  2.1       17,275       17,275         501           0      34483 TXINVR 
  1.8       14,931       14,931         501           0      29803 ADD 
  1.7       13,840       13,840        3507           0       3947 TZETAR 
  0.7        5,639        5,639        3507           0       1608 NINVR 
  0.6        5,020        5,020        3507           0       1431 PINVR 
  0.5        1,831        4,179           2 1.66736E+07    2089738 INITIALIZE 
  0.4        3,155        3,155 2.24194E+07           0          0 EXACT_SOLUTION 
  0.2          648        1,261           1 4.35974E+06    1261097 EXACT_RHS 
  0.1          873          873       21048           0         41 MPI_Irecv() 
  0.1       0.0316          859           1           3     859019 VERIFY 
  0.1          660          660       21048           0         31 MPI_Isend() 
  0.1          539          539           1           0     539340 MPI_Finalize() 
  0.1       0.0271          463           1           5     463953 SETUP_MPI 
  0.1          463          463           1           0     463139 MPI_Init() 
  0.0          155          365           1 1.38607E+06     365302 ERROR_NORM 
  0.0           77           77           2           0      38581 MPI_Allreduce() 
  0.0            9           71           1           1      71009 RHS_NORM 
  0.0           59           59           1           0      59224 LHSINIT 
  0.0           27           27           2           0      13806 MPI_Barrier() 
  0.0            8            8           1           0       8884 ALLOC_SPACE 
  0.0        0.786        0.786           2           0        393 MPI_Comm_dup() 
  0.0        0.732        0.732           4           0        183 MPI_Bcast() 
  0.0       0.0164       0.0164           1           0         16 MPI_Reduce() 
  0.0      0.00249      0.00249           1           0          2 SET_CONSTANTS 
  0.0      0.00214      0.00214           1           0          2 MAKE_SET 
  0.0        0.001        0.001           1           0          1 COMPUTE_BUFFER_SIZE 
  0.0     0.000347     0.000347           1           0          0 MPI_Comm_size() 
  0.0     0.000184     0.000184           1           0          0 MPI_Comm_rank() 
  0.0     2.04E-05     2.04E-05   0.0204082           0          1 SET_CLASS 
