FUNCTION SUMMARY (mean):
---------------------------------------------------------------------------------------
%Time    Exclusive    Inclusive       #Call      #Subrs  Inclusive Name
              msec   total msec                          usec/call 
---------------------------------------------------------------------------------------
100.0        0.005     2:31.705           1           1  151705728 .TAU application
100.0        0.238     2:31.705           1          72  151705723 FT 
 89.1        0.107     2:15.143          22          88    6142897 FFT 
 53.3        5,225     1:20.815      540672 4.86605E+06        149 CFFTZ 
 49.8     1:15.589     1:15.589 4.86605E+06           0         16 FFTZ2 
 44.5       13,879     1:07.571          44      360492    1535713 CFFTS1 
 24.6       10,245       37,368          22      180246    1698567 CFFTS2 
 17.9       0.0555       27,228          20          60    1361425 TRANSPOSE_X_YZ 
 11.3       17,205       17,205          22           0     782081 TRANSPOSE2_LOCAL 
  4.9        0.068        7,505          22          22     341168 TRANSPOSE2_GLOBAL 
  4.9        7,505        7,505          22           0     341165 MPI_Alltoall() 
  4.7        7,162        7,162          20           0     358131 EVOLVE 
  3.7        5,661        5,661           1           0    5661740 MPI_Finalize() 
  3.6        5,492        5,492          22           0     249647 TRANSPOSE2_FINISH 
  2.0       0.0215        2,975           2           6    1487646 TRANSPOSE_XY_Z 
  1.8        2,655        2,655           2           0    1327560 COMPUTE_INDEXMAP 
  0.4          611          611           2           4     305762 COMPUTE_INITIAL_CONDITIONS 
  0.2        0.372          367           1        11.5     367633 SETUP 
  0.2          365          365           1           0     365433 MPI_Init() 
  0.1        0.695           97          20          20       4861 CHECKSUM 
  0.1           96           96          20           0       4826 MPI_Reduce() 
  0.0            5            5           1           0       5782 MPI_Barrier() 
  0.0            1            1           1           0       1315 ALLOC_SPACE 
  0.0        0.371        0.371           5           0         74 MPI_Bcast() 
  0.0         0.14         0.14           2           0         70 MPI_Comm_split() 
  0.0       0.0925       0.0925           2           2         46 FFT_INIT 
  0.0        0.012        0.012          68           0          0 ILOG2 
  0.0        0.011        0.011           1           0         11 VERIFY 
  0.0        0.001        0.001           4           0          0 IPOW46 
  0.0        0.001        0.001           1           0          1 MPI_Comm_size() 
  0.0       0.0005       0.0005         0.5           0          1 SET_CLASS 
  0.0            0            0           1           0          0 MPI_Comm_rank() 
