Reading Profile files in profile.*

FUNCTION SUMMARY (total):
---------------------------------------------------------------------------------------
%Time    Exclusive    Inclusive       #Call      #Subrs  Inclusive Name
              msec   total msec                          usec/call 
---------------------------------------------------------------------------------------
100.0         0.01     5:03.411           2           2  151705728 .TAU application
100.0        0.477     5:03.411           2         144  151705723 FT 
 89.1        0.214     4:30.287          44         176    6142897 FFT 
 53.3       10,450     2:41.630 1.08134E+06  9.7321E+06        149 CFFTZ 
 49.8     2:31.179     2:31.179  9.7321E+06           0         16 FFTZ2 
 44.5       27,759     2:15.142          88      720984    1535713 CFFTS1 
 24.6       20,490     1:14.736          44      360492    1698567 CFFTS2 
 17.9        0.111       54,457          40         120    1361425 TRANSPOSE_X_YZ 
 11.3       34,411       34,411          44           0     782081 TRANSPOSE2_LOCAL 
  4.9        0.136       15,011          44          44     341168 TRANSPOSE2_GLOBAL 
  4.9       15,011       15,011          44           0     341165 MPI_Alltoall() 
  4.7       14,325       14,325          40           0     358131 EVOLVE 
  3.7       11,323       11,323           2           0    5661740 MPI_Finalize() 
  3.6       10,984       10,984          44           0     249647 TRANSPOSE2_FINISH 
  2.0        0.043        5,950           4          12    1487646 TRANSPOSE_XY_Z 
  1.8        5,310        5,310           4           0    1327560 COMPUTE_INDEXMAP 
  0.4        1,223        1,223           4           8     305762 COMPUTE_INITIAL_CONDITIONS 
  0.2        0.745          735           2          23     367633 SETUP 
  0.2          730          730           2           0     365433 MPI_Init() 
  0.1            1          194          40          40       4861 CHECKSUM 
  0.1          193          193          40           0       4826 MPI_Reduce() 
  0.0           11           11           2           0       5782 MPI_Barrier() 
  0.0            2            2           2           0       1315 ALLOC_SPACE 
  0.0        0.743        0.743          10           0         74 MPI_Bcast() 
  0.0        0.279        0.279           4           0         70 MPI_Comm_split() 
  0.0        0.185        0.185           4           4         46 FFT_INIT 
  0.0        0.024        0.024         136           0          0 ILOG2 
  0.0        0.022        0.022           2           0         11 VERIFY 
  0.0        0.002        0.002           8           0          0 IPOW46 
  0.0        0.002        0.002           2           0          1 MPI_Comm_size() 
  0.0        0.001        0.001           1           0          1 SET_CLASS 
  0.0            0            0           2           0          0 MPI_Comm_rank() 

FUNCTION SUMMARY (mean):
---------------------------------------------------------------------------------------
%Time    Exclusive    Inclusive       #Call      #Subrs  Inclusive Name
              msec   total msec                          usec/call 
---------------------------------------------------------------------------------------
100.0        0.005     2:31.705           1           1  151705728 .TAU application
100.0        0.238     2:31.705           1          72  151705723 FT 
 89.1        0.107     2:15.143          22          88    6142897 FFT 
 53.3        5,225     1:20.815      540672 4.86605E+06        149 CFFTZ 
 49.8     1:15.589     1:15.589 4.86605E+06           0         16 FFTZ2 
 44.5       13,879     1:07.571          44      360492    1535713 CFFTS1 
 24.6       10,245       37,368          22      180246    1698567 CFFTS2 
 17.9       0.0555       27,228          20          60    1361425 TRANSPOSE_X_YZ 
 11.3       17,205       17,205          22           0     782081 TRANSPOSE2_LOCAL 
  4.9        0.068        7,505          22          22     341168 TRANSPOSE2_GLOBAL 
  4.9        7,505        7,505          22           0     341165 MPI_Alltoall() 
  4.7        7,162        7,162          20           0     358131 EVOLVE 
  3.7        5,661        5,661           1           0    5661740 MPI_Finalize() 
  3.6        5,492        5,492          22           0     249647 TRANSPOSE2_FINISH 
  2.0       0.0215        2,975           2           6    1487646 TRANSPOSE_XY_Z 
  1.8        2,655        2,655           2           0    1327560 COMPUTE_INDEXMAP 
  0.4          611          611           2           4     305762 COMPUTE_INITIAL_CONDITIONS 
  0.2        0.372          367           1        11.5     367633 SETUP 
  0.2          365          365           1           0     365433 MPI_Init() 
  0.1        0.695           97          20          20       4861 CHECKSUM 
  0.1           96           96          20           0       4826 MPI_Reduce() 
  0.0            5            5           1           0       5782 MPI_Barrier() 
  0.0            1            1           1           0       1315 ALLOC_SPACE 
  0.0        0.371        0.371           5           0         74 MPI_Bcast() 
  0.0         0.14         0.14           2           0         70 MPI_Comm_split() 
  0.0       0.0925       0.0925           2           2         46 FFT_INIT 
  0.0        0.012        0.012          68           0          0 ILOG2 
  0.0        0.011        0.011           1           0         11 VERIFY 
  0.0        0.001        0.001           4           0          0 IPOW46 
  0.0        0.001        0.001           1           0          1 MPI_Comm_size() 
  0.0       0.0005       0.0005         0.5           0          1 SET_CLASS 
  0.0            0            0           1           0          0 MPI_Comm_rank() 
