Reading Profile files in profile.*

FUNCTION SUMMARY (total):
---------------------------------------------------------------------------------------
%Time    Exclusive    Inclusive       #Call      #Subrs  Inclusive Name
              msec   total msec                          usec/call 
---------------------------------------------------------------------------------------
100.0        0.642  5:41:48.668         128         128  160223973 .TAU application
100.0           10  5:41:48.667         128        2177  160223968 APPLU 
 98.0    16:11.041  5:35:06.150         256 3.23801E+09   78539652 SSOR 
 32.5  1:31:41.487  1:50:59.765       38784       77568     171714 RHS 
 20.2     1:15.749  1:08:57.603 6.25695E+07 1.13407E+08         66 EXCHANGE_1 
 19.5  1:06:44.070  1:06:44.070 5.67036E+07           0         71 MPI_Recv() 
 10.6    36:20.779    36:20.779  7.9385E+08           0          3 JACU 
 10.5    35:59.242    35:59.242  7.9385E+08           0          3 JACLD 
  9.8    33:30.576    33:30.576  7.9385E+08           0          3 BLTS 
  9.6    32:48.643    32:48.643  7.9385E+08           0          2 BUTS 
  5.7     6:36.391    19:28.570       77824      423168      15016 EXCHANGE_3 
  2.0     6:58.161     6:58.161      141332           0       2959 MPI_Wait() 
  2.0     6:47.952     6:47.952 5.68449E+07           0          7 MPI_Send() 
  1.0     1:27.151     3:32.575         256 8.03081E+08     830375 SETIV 
  0.7     2:16.448     2:16.448 8.72002E+08           0          0 EXACT 
  0.3            5     1:07.454         128         384     526986 INIT_COMM 
  0.3     1:07.448     1:07.448         128           0     526943 MPI_Init() 
  0.3     1:05.392     1:05.392         128           0     510882 MPI_Finalize() 
  0.1       20,464       30,757         128         256     240290 ERHS 
  0.1        7,519       24,874         128 6.69235E+07     194329 ERROR 
  0.1       23,315       23,315        1280           0      18215 MPI_Allreduce() 
  0.1        2,240       15,035         512         512      29367 L2NORM 
  0.0        3,857        3,857      141332           0         27 MPI_Irecv() 
  0.0          254          918         256 1.99757E+06       3588 SETBV 
  0.0          251          251         128           0       1969 ALLOC_SPACE 
  0.0            1          147         128         129       1155 READ_INPUT 
  0.0            1          146         128        1280       1147 BCAST_INPUTS 
  0.0          145          145        1280           0        114 MPI_Bcast() 
  0.0           49          132         128         560       1036 PINTGR 
  0.0           11           11         256           0         44 MPI_Barrier() 
  0.0        0.433            7         128         696         61 EXCHANGE_4 
  0.0        0.096            1          32          90         44 EXCHANGE_5 
  0.0        0.043        0.563          16          42         35 EXCHANGE_6 
  0.0        0.381        0.423         128         128          3 PROC_GRID 
  0.0        0.213        0.213           1           0        213 VERIFY 
  0.0        0.116        0.116         128           0          1 SETCOEFF 
  0.0        0.085        0.085         128           0          1 NEIGHBORS 
  0.0        0.054        0.054         128           0          0 MPI_Comm_size() 
  0.0        0.042        0.042         128           0          0 ISQRT2 
  0.0         0.04         0.04         128           0          0 SUBDOMAIN 
  0.0        0.037        0.037         128           0          0 MPI_Comm_rank() 
  0.0        0.001        0.001           1           0          1 SET_CLASS 

FUNCTION SUMMARY (mean):
---------------------------------------------------------------------------------------
%Time    Exclusive    Inclusive       #Call      #Subrs  Inclusive Name
              msec   total msec                          usec/call 
---------------------------------------------------------------------------------------
100.0      0.00502     2:40.223           1           1  160223973 .TAU application
100.0       0.0851     2:40.223           1     17.0078  160223968 APPLU 
 98.0        7,586     2:37.079           2  2.5297E+07   78539652 SSOR 
 32.5       42,980       52,029         303         606     171714 RHS 
 20.2          591       32,325      488824      885994         66 EXCHANGE_1 
 19.5       31,281       31,281      442997           0         71 MPI_Recv() 
 10.6       17,037       17,037 6.20195E+06           0          3 JACU 
 10.5       16,869       16,869 6.20195E+06           0          3 JACLD 
  9.8       15,707       15,707 6.20195E+06           0          3 BLTS 
  9.6       15,380       15,380 6.20195E+06           0          2 BUTS 
  5.7        3,096        9,129         608        3306      15016 EXCHANGE_3 
  2.0        3,266        3,266     1104.16           0       2959 MPI_Wait() 
  2.0        3,187        3,187      444101           0          7 MPI_Send() 
  1.0          680        1,660           2 6.27407E+06     830375 SETIV 
  0.7        1,066        1,066 6.81252E+06           0          0 EXACT 
  0.3       0.0416          526           1           3     526986 INIT_COMM 
  0.3          526          526           1           0     526943 MPI_Init() 
  0.3          510          510           1           0     510882 MPI_Finalize() 
  0.1          159          240           1           2     240290 ERHS 
  0.1           58          194           1      522840     194329 ERROR 
  0.1          182          182          10           0      18215 MPI_Allreduce() 
  0.1           17          117           4           4      29367 L2NORM 
  0.0           30           30     1104.16           0         27 MPI_Irecv() 
  0.0            1            7           2       15606       3588 SETBV 
  0.0            1            1           1           0       1969 ALLOC_SPACE 
  0.0      0.00804            1           1     1.00781       1155 READ_INPUT 
  0.0       0.0119            1           1          10       1147 BCAST_INPUTS 
  0.0            1            1          10           0        114 MPI_Bcast() 
  0.0        0.383            1           1       4.375       1036 PINTGR 
  0.0       0.0875       0.0875           2           0         44 MPI_Barrier() 
  0.0      0.00338       0.0609           1      5.4375         61 EXCHANGE_4 
  0.0      0.00075       0.0109        0.25    0.703125         44 EXCHANGE_5 
  0.0     0.000336       0.0044       0.125    0.328125         35 EXCHANGE_6 
  0.0      0.00298       0.0033           1           1          3 PROC_GRID 
  0.0      0.00166      0.00166   0.0078125           0        213 VERIFY 
  0.0     0.000906     0.000906           1           0          1 SETCOEFF 
  0.0     0.000664     0.000664           1           0          1 NEIGHBORS 
  0.0     0.000422     0.000422           1           0          0 MPI_Comm_size() 
  0.0     0.000328     0.000328           1           0          0 ISQRT2 
  0.0     0.000313     0.000313           1           0          0 SUBDOMAIN 
  0.0     0.000289     0.000289           1           0          0 MPI_Comm_rank() 
  0.0     7.81E-06     7.81E-06   0.0078125           0          1 SET_CLASS 
