Reading Profile files in profile.*

FUNCTION SUMMARY (total):
---------------------------------------------------------------------------------------
%Time    Exclusive    Inclusive       #Call      #Subrs  Inclusive Name
              msec   total msec                          usec/call 
---------------------------------------------------------------------------------------
100.0        0.646     8:05.351         128         128    3791811 .TAU application
100.0            6     8:05.351         128        2177    3791806 APPLU 
 72.1       21,501     5:49.885         256 1.73525E+08    1366741 SSOR 
 30.1        6,513     2:25.950 1.28512E+07 2.32928E+07         11 EXCHANGE_1 
 27.1     2:11.624     2:11.624 1.16464E+07           0         11 MPI_Recv() 
 13.6            5     1:05.962         128         384     515334 INIT_COMM 
 13.6     1:05.957     1:05.957         128           0     515293 MPI_Init() 
 13.0     1:03.241     1:03.241         128           0     494076 MPI_Finalize() 
 11.9       31,954       57,878       32384       64768       1787 RHS 
  6.8       33,151       33,151   4.016E+07           0          1 JACLD 
  6.7       32,683       32,683   4.016E+07           0          1 JACU 
  5.9       28,859       28,859   4.016E+07           0          1 BLTS 
  5.9       28,637       28,637   4.016E+07           0          1 BUTS 
  5.5        5,784       26,923       65024      353568        414 EXCHANGE_3 
  3.5       17,087       17,087 1.17645E+07           0          1 MPI_Send() 
  2.4       11,607       11,607      118132           0         98 MPI_Wait() 
  0.9        1,931        4,357         256     1.2E+07      17022 SETIV 
  0.5        2,619        2,619 1.31248E+07           0          0 EXACT 
  0.3          322        1,322         128         256      10330 ERHS 
  0.3        1,269        1,269        1280           0        992 MPI_Allreduce() 
  0.2           14          869         512         512       1699 L2NORM 
  0.1          111          324         128 1.00013E+06       2538 ERROR 
  0.1          261          261      118132           0          2 MPI_Irecv() 
  0.0            1          162         128         129       1268 READ_INPUT 
  0.0            1          161         128        1280       1260 BCAST_INPUTS 
  0.0          159          159        1280           0        125 MPI_Bcast() 
  0.0           18           56         256      124848        222 SETBV 
  0.0            3           24         128         560        191 PINTGR 
  0.0           12           12         256           0         51 MPI_Barrier() 
  0.0            5            5         128           0         44 ALLOC_SPACE 
  0.0        0.231            4         128         696         35 EXCHANGE_4 
  0.0         0.03        0.764          32          90         24 EXCHANGE_5 
  0.0        0.384        0.423         128         128          3 PROC_GRID 
  0.0        0.241        0.241           1           0        241 VERIFY 
  0.0         0.02        0.183          16          42         11 EXCHANGE_6 
  0.0        0.098        0.098         128           0          1 SETCOEFF 
  0.0        0.069        0.069         128           0          1 MPI_Comm_size() 
  0.0        0.039        0.039         128           0          0 ISQRT2 
  0.0        0.033        0.033         128           0          0 MPI_Comm_rank() 
  0.0        0.032        0.032         128           0          0 SUBDOMAIN 
  0.0         0.03         0.03         128           0          0 NEIGHBORS 
  0.0            0            0           1           0          0 SET_CLASS 

FUNCTION SUMMARY (mean):
---------------------------------------------------------------------------------------
%Time    Exclusive    Inclusive       #Call      #Subrs  Inclusive Name
              msec   total msec                          usec/call 
---------------------------------------------------------------------------------------
100.0      0.00505        3,791           1           1    3791811 .TAU application
100.0       0.0488        3,791           1     17.0078    3791806 APPLU 
 72.1          167        2,733           2 1.35566E+06    1366741 SSOR 
 30.1           50        1,140      100400      181975         11 EXCHANGE_1 
 27.1        1,028        1,028     90987.5           0         11 MPI_Recv() 
 13.6       0.0404          515           1           3     515334 INIT_COMM 
 13.6          515          515           1           0     515293 MPI_Init() 
 13.0          494          494           1           0     494076 MPI_Finalize() 
 11.9          249          452         253         506       1787 RHS 
  6.8          258          258      313750           0          1 JACLD 
  6.7          255          255      313750           0          1 JACU 
  5.9          225          225      313750           0          1 BLTS 
  5.9          223          223      313750           0          1 BUTS 
  5.5           45          210         508     2762.25        414 EXCHANGE_3 
  3.5          133          133     91910.4           0          1 MPI_Send() 
  2.4           90           90     922.906           0         98 MPI_Wait() 
  0.9           15           34           2       93750      17022 SETIV 
  0.5           20           20      102538           0          0 EXACT 
  0.3            2           10           1           2      10330 ERHS 
  0.3            9            9          10           0        992 MPI_Allreduce() 
  0.2        0.113            6           4           4       1699 L2NORM 
  0.1        0.873            2           1      7813.5       2538 ERROR 
  0.1            2            2     922.906           0          2 MPI_Irecv() 
  0.0      0.00796            1           1     1.00781       1268 READ_INPUT 
  0.0       0.0116            1           1          10       1260 BCAST_INPUTS 
  0.0            1            1          10           0        125 MPI_Bcast() 
  0.0        0.142        0.444           2     975.375        222 SETBV 
  0.0       0.0312        0.191           1       4.375        191 PINTGR 
  0.0        0.101        0.101           2           0         51 MPI_Barrier() 
  0.0       0.0436       0.0436           1           0         44 ALLOC_SPACE 
  0.0       0.0018       0.0348           1      5.4375         35 EXCHANGE_4 
  0.0     0.000234      0.00597        0.25    0.703125         24 EXCHANGE_5 
  0.0        0.003       0.0033           1           1          3 PROC_GRID 
  0.0      0.00188      0.00188   0.0078125           0        241 VERIFY 
  0.0     0.000156      0.00143       0.125    0.328125         11 EXCHANGE_6 
  0.0     0.000766     0.000766           1           0          1 SETCOEFF 
  0.0     0.000539     0.000539           1           0          1 MPI_Comm_size() 
  0.0     0.000305     0.000305           1           0          0 ISQRT2 
  0.0     0.000258     0.000258           1           0          0 MPI_Comm_rank() 
  0.0      0.00025      0.00025           1           0          0 SUBDOMAIN 
  0.0     0.000234     0.000234           1           0          0 NEIGHBORS 
  0.0            0            0   0.0078125           0          0 SET_CLASS 
