Reading Profile files in profile.*

FUNCTION SUMMARY (total):
---------------------------------------------------------------------------------------
%Time    Exclusive    Inclusive       #Call      #Subrs  Inclusive Name
              msec   total msec                          usec/call 
---------------------------------------------------------------------------------------
100.0         0.89    10:29.439         128         128    4917500 .TAU application
100.0          219    10:29.439         128      127488    4917493 CG 
 57.4     3:09.360     6:01.091        9728 9.86419E+06      37119 CONJ_GRAD 
 22.2        6,827     2:19.693         128 3.84001E+07    1091353 MAKEA 
 20.5     1:04.324     2:08.809    1.92E+07 5.03826E+08          7 SPRNVC 
 14.0     1:28.223     1:28.223 3.32698E+06           0         27 MPI_Send() 
 12.5     1:18.860     1:18.860 3.32698E+06           0         24 MPI_Wait() 
 10.3     1:04.620     1:04.620         128           0     504851 MPI_Finalize() 
 10.2     1:04.484     1:04.484 5.03826E+08           0          0 ICNVRT 
 10.1            6     1:03.370         128         512     495081 INITIALIZE_MPI 
 10.1     1:03.285     1:03.285         128           0     494421 MPI_Init() 
  0.8        4,742        4,742 3.32698E+06           0          1 MPI_Irecv() 
  0.4        2,775        2,775    1.92E+07           0          0 VECSET 
  0.2        1,281        1,281         128           0      10009 SPARSE 
  0.0          247          247         128           0       1933 ALLOC_SPACE 
  0.0           86           86         128           0        674 MPI_Barrier() 
  0.0           77           77         128           0        607 MPI_Bcast() 
  0.0           14           14         128           0        115 MPI_Reduce() 
  0.0        0.091        0.091         128           0          1 SETUP_SUBMATRIX_INFO 
  0.0        0.053        0.053         128           0          0 MPI_Comm_size() 
  0.0        0.034        0.034         128           0          0 SETUP_PROC_INFO 
  0.0        0.024        0.024         128           0          0 MPI_Comm_rank() 

FUNCTION SUMMARY (mean):
---------------------------------------------------------------------------------------
%Time    Exclusive    Inclusive       #Call      #Subrs  Inclusive Name
              msec   total msec                          usec/call 
---------------------------------------------------------------------------------------
100.0      0.00695        4,917           1           1    4917500 .TAU application
100.0            1        4,917           1         996    4917493 CG 
 57.4        1,479        2,821          76       77064      37119 CONJ_GRAD 
 22.2           53        1,091           1      300001    1091353 MAKEA 
 20.5          502        1,006      150000 3.93614E+06          7 SPRNVC 
 14.0          689          689       25992           0         27 MPI_Send() 
 12.5          616          616       25992           0         24 MPI_Wait() 
 10.3          504          504           1           0     504851 MPI_Finalize() 
 10.2          503          503 3.93614E+06           0          0 ICNVRT 
 10.1       0.0525          495           1           4     495081 INITIALIZE_MPI 
 10.1          494          494           1           0     494421 MPI_Init() 
  0.8           37           37       25992           0          1 MPI_Irecv() 
  0.4           21           21      150000           0          0 VECSET 
  0.2           10           10           1           0      10009 SPARSE 
  0.0            1            1           1           0       1933 ALLOC_SPACE 
  0.0        0.674        0.674           1           0        674 MPI_Barrier() 
  0.0        0.607        0.607           1           0        607 MPI_Bcast() 
  0.0        0.115        0.115           1           0        115 MPI_Reduce() 
  0.0     0.000711     0.000711           1           0          1 SETUP_SUBMATRIX_INFO 
  0.0     0.000414     0.000414           1           0          0 MPI_Comm_size() 
  0.0     0.000266     0.000266           1           0          0 SETUP_PROC_INFO 
  0.0     0.000188     0.000188           1           0          0 MPI_Comm_rank() 
