Reading Profile files in profile.*

FUNCTION SUMMARY (total):
---------------------------------------------------------------------------------------
%Time    Exclusive    Inclusive       #Call      #Subrs  Inclusive Name
              msec   total msec                          usec/call 
---------------------------------------------------------------------------------------
100.0        0.908     5:08.399         128         128    2409372 .TAU application
100.0          118     5:08.398         128      127488    2409365 CG 
 42.0       50,344     2:09.419        9728 9.86419E+06      13304 CONJ_GRAD 
 21.0            6     1:04.695         128         512     505436 INITIALIZE_MPI 
 20.9     1:04.599     1:04.599         128           0     504681 MPI_Init() 
 20.2        3,266     1:02.186         128 1.92001E+07     485835 MAKEA 
 18.5       28,471       57,027     9.6E+06 2.18369E+08          6 SPRNVC 
 16.8       51,815       51,815         128           0     404810 MPI_Finalize() 
 15.7       48,511       48,511 3.32698E+06           0         15 MPI_Wait() 
  9.3       28,647       28,647 3.32698E+06           0          9 MPI_Send() 
  9.3       28,555       28,555 2.18369E+08           0          0 ICNVRT 
  0.6        1,984        1,984 3.32698E+06           0          1 MPI_Irecv() 
  0.5        1,400        1,400     9.6E+06           0          0 VECSET 
  0.2          492          492         128           0       3849 SPARSE 
  0.0           90           90         128           0        704 MPI_Bcast() 
  0.0           69           69         128           0        545 MPI_Barrier() 
  0.0           15           15         128           0        123 MPI_Reduce() 
  0.0            8            8         128           0         66 ALLOC_SPACE 
  0.0        0.052        0.052         128           0          0 MPI_Comm_size() 
  0.0        0.046        0.046         128           0          0 SETUP_SUBMATRIX_INFO 
  0.0        0.029        0.029         128           0          0 SETUP_PROC_INFO 
  0.0        0.027        0.027         128           0          0 MPI_Comm_rank() 

FUNCTION SUMMARY (mean):
---------------------------------------------------------------------------------------
%Time    Exclusive    Inclusive       #Call      #Subrs  Inclusive Name
              msec   total msec                          usec/call 
---------------------------------------------------------------------------------------
100.0      0.00709        2,409           1           1    2409372 .TAU application
100.0        0.922        2,409           1         996    2409365 CG 
 42.0          393        1,011          76       77064      13304 CONJ_GRAD 
 21.0       0.0514          505           1           4     505436 INITIALIZE_MPI 
 20.9          504          504           1           0     504681 MPI_Init() 
 20.2           25          485           1      150001     485835 MAKEA 
 18.5          222          445       75000 1.70601E+06          6 SPRNVC 
 16.8          404          404           1           0     404810 MPI_Finalize() 
 15.7          378          378       25992           0         15 MPI_Wait() 
  9.3          223          223       25992           0          9 MPI_Send() 
  9.3          223          223 1.70601E+06           0          0 ICNVRT 
  0.6           15           15       25992           0          1 MPI_Irecv() 
  0.5           10           10       75000           0          0 VECSET 
  0.2            3            3           1           0       3849 SPARSE 
  0.0        0.704        0.704           1           0        704 MPI_Bcast() 
  0.0        0.545        0.545           1           0        545 MPI_Barrier() 
  0.0        0.123        0.123           1           0        123 MPI_Reduce() 
  0.0       0.0664       0.0664           1           0         66 ALLOC_SPACE 
  0.0     0.000406     0.000406           1           0          0 MPI_Comm_size() 
  0.0     0.000359     0.000359           1           0          0 SETUP_SUBMATRIX_INFO 
  0.0     0.000227     0.000227           1           0          0 SETUP_PROC_INFO 
  0.0     0.000211     0.000211           1           0          0 MPI_Comm_rank() 
