Reading Profile files in profile.*

FUNCTION SUMMARY (total):
---------------------------------------------------------------------------------------
%Time    Exclusive    Inclusive       #Call      #Subrs  Inclusive Name
              msec   total msec                          usec/call 
---------------------------------------------------------------------------------------
100.0        0.652    25:21.989         128         128   11890542 .TAU application
100.0            8    25:21.988         128        2177   11890537 APPLU 
 89.7     1:09.185    22:44.788         256 4.31834E+08    5331204 SSOR 
 28.6       14,357     7:14.541 2.05619E+07 3.72685E+07         21 EXCHANGE_1 
 26.7     6:46.903     6:46.903 1.86342E+07           0         22 MPI_Recv() 
 25.4     4:20.599     6:27.321       32384       64768      11960 RHS 
  8.6       40,540     2:11.060       65024      353568       2016 EXCHANGE_3 
  8.2     2:04.399     2:04.399  1.0281E+08           0          1 JACLD 
  8.1     2:03.279     2:03.279  1.0281E+08           0          1 JACU 
  7.3     1:50.552     1:50.552  1.0281E+08           0          1 BLTS 
  7.2     1:49.967     1:49.967  1.0281E+08           0          1 BUTS 
  4.5            5     1:08.716         128         384     536848 INIT_COMM 
  4.5     1:08.711     1:08.711         128           0     536807 MPI_Init() 
  4.3     1:05.715     1:05.715         128           0     513403 MPI_Finalize() 
  3.7       56,589       56,589 1.87524E+07           0          3 MPI_Send() 
  3.1       46,591       46,591      118132           0        394 MPI_Wait() 
  1.0        6,253       14,748         256  4.9152E+07      57610 SETIV 
  0.6        9,214        9,214 5.35629E+07           0          0 EXACT 
  0.4        6,250        6,250        1280           0       4883 MPI_Allreduce() 
  0.4        1,188        5,526         128         256      43178 ERHS 
  0.3           65        4,968         512         512       9705 L2NORM 
  0.1          473        2,018         128 4.09613E+06      15771 ERROR 
  0.0          629          629      118132           0          5 MPI_Irecv() 
  0.0          161          161         128           0       1259 ALLOC_SPACE 
  0.0          151          151         256           0        591 MPI_Barrier() 
  0.0        0.895          145         128         129       1138 READ_INPUT 
  0.0            1          144         128        1280       1131 BCAST_INPUTS 
  0.0          143          143        1280           0        112 MPI_Bcast() 
  0.0           38          116         256      314928        454 SETBV 
  0.0            9           41         128         560        328 PINTGR 
  0.0        0.345            7         128         696         58 EXCHANGE_4 
  0.0        0.041         0.81          32          90         25 EXCHANGE_5 
  0.0        0.403        0.438         128         128          3 PROC_GRID 
  0.0        0.022        0.381          16          42         24 EXCHANGE_6 
  0.0        0.252        0.252           1           0        252 VERIFY 
  0.0         0.12         0.12         128           0          1 SETCOEFF 
  0.0        0.064        0.064         128           0          0 NEIGHBORS 
  0.0        0.044        0.044         128           0          0 SUBDOMAIN 
  0.0         0.04         0.04         128           0          0 MPI_Comm_rank() 
  0.0         0.04         0.04         128           0          0 MPI_Comm_size() 
  0.0        0.035        0.035         128           0          0 ISQRT2 
  0.0            0            0           1           0          0 SET_CLASS 

FUNCTION SUMMARY (mean):
---------------------------------------------------------------------------------------
%Time    Exclusive    Inclusive       #Call      #Subrs  Inclusive Name
              msec   total msec                          usec/call 
---------------------------------------------------------------------------------------
100.0      0.00509       11,890           1           1   11890542 .TAU application
100.0       0.0668       11,890           1     17.0078   11890537 APPLU 
 89.7          540       10,662           2  3.3737E+06    5331204 SSOR 
 28.6          112        3,394      160640      291160         21 EXCHANGE_1 
 26.7        3,178        3,178      145580           0         22 MPI_Recv() 
 25.4        2,035        3,025         253         506      11960 RHS 
  8.6          316        1,023         508     2762.25       2016 EXCHANGE_3 
  8.2          971          971      803200           0          1 JACLD 
  8.1          963          963      803200           0          1 JACU 
  7.3          863          863      803200           0          1 BLTS 
  7.2          859          859      803200           0          1 BUTS 
  4.5       0.0406          536           1           3     536848 INIT_COMM 
  4.5          536          536           1           0     536807 MPI_Init() 
  4.3          513          513           1           0     513403 MPI_Finalize() 
  3.7          442          442      146503           0          3 MPI_Send() 
  3.1          363          363     922.906           0        394 MPI_Wait() 
  1.0           48          115           2      384000      57610 SETIV 
  0.6           71           71      418460           0          0 EXACT 
  0.4           48           48          10           0       4883 MPI_Allreduce() 
  0.4            9           43           1           2      43178 ERHS 
  0.3        0.511           38           4           4       9705 L2NORM 
  0.1            3           15           1       32001      15771 ERROR 
  0.0            4            4     922.906           0          5 MPI_Irecv() 
  0.0            1            1           1           0       1259 ALLOC_SPACE 
  0.0            1            1           2           0        591 MPI_Barrier() 
  0.0      0.00699            1           1     1.00781       1138 READ_INPUT 
  0.0       0.0112            1           1          10       1131 BCAST_INPUTS 
  0.0            1            1          10           0        112 MPI_Bcast() 
  0.0        0.301        0.909           2     2460.38        454 SETBV 
  0.0       0.0741        0.328           1       4.375        328 PINTGR 
  0.0       0.0027       0.0576           1      5.4375         58 EXCHANGE_4 
  0.0      0.00032      0.00633        0.25    0.703125         25 EXCHANGE_5 
  0.0      0.00315      0.00342           1           1          3 PROC_GRID 
  0.0     0.000172      0.00298       0.125    0.328125         24 EXCHANGE_6 
  0.0      0.00197      0.00197   0.0078125           0        252 VERIFY 
  0.0     0.000937     0.000937           1           0          1 SETCOEFF 
  0.0       0.0005       0.0005           1           0          0 NEIGHBORS 
  0.0     0.000344     0.000344           1           0          0 SUBDOMAIN 
  0.0     0.000313     0.000313           1           0          0 MPI_Comm_rank() 
  0.0     0.000313     0.000313           1           0          0 MPI_Comm_size() 
  0.0     0.000273     0.000273           1           0          0 ISQRT2 
  0.0            0            0   0.0078125           0          0 SET_CLASS 
