Reading Profile files in profile.*

FUNCTION SUMMARY (total):
---------------------------------------------------------------------------------------
%Time    Exclusive    Inclusive       #Call      #Subrs  Inclusive Name
              msec   total msec                          usec/call 
---------------------------------------------------------------------------------------
100.0        0.892    46:39.874         128         128   21874017 .TAU application
100.0           42    46:39.873         128       16512   21874010 MG_MPI 
 70.3          304    32:47.834        6528      300288     301445 MG3P 
 50.5    16:22.492    23:32.993       65536       65536      21561 RESID 
 28.9          626    13:29.549      189824 3.04229E+06       4265 COMM3 
 22.0     6:28.229    10:15.917       65280       65280       9435 PSINV 
 18.1       41,698     8:27.342 1.00675E+06 1.00675E+06        504 GIVE3 
 16.6     7:45.665     7:45.665  1.0296E+06           0        452 MPI_Send() 
 10.4     2:22.958     4:51.432       58752       58752       4960 RPRJ3 
  9.5     4:15.927     4:25.306       58752       58752       4516 INTERP 
  7.6       36,334     3:32.019 1.00675E+06 1.00675E+06        211 TAKE3 
  6.6     3:03.819     3:03.819  1.0296E+06           0        179 MPI_Wait() 
  3.2     1:28.425     1:30.713  1.0296E+06  1.0296E+06         88 READY 
  2.3     1:05.304     1:05.304         128           0     510188 MPI_Init() 
  2.3     1:04.654     1:04.654         128           0     505112 MPI_Finalize() 
  1.6       44,823       44,823       81296           0        551 ZERO3 
  1.3       18,549       35,080         256       87080     137033 ZRAN3 
  0.4        6,931       11,431         512        1024      22328 NORM2U3 
  0.3           44        9,378       58752       68544        160 COMM3_EX 
  0.3           10        8,145       22848       22848        356 TAKE3_EX 
  0.2        5,697        5,697         768           0       7418 MPI_Barrier() 
  0.2        4,662        4,662       11264           0        414 MPI_Allreduce() 
  0.1        2,287        2,287  1.0296E+06           0          2 MPI_Irecv() 
  0.0          237          237         128           0       1857 ALLOC_SPACE 
  0.0          117          117         896           0        131 MPI_Bcast() 
  0.0            9           31       22848       22848          1 GIVE3_EX 
  0.0           13           13       75048           0          0 BUBBLE 
  0.0            1            1         128           0         15 MPI_Reduce() 
  0.0        0.793        0.793         256           0          3 SETUP 
  0.0        0.635        0.635         768           0          1 POWER 
  0.0        0.056        0.056         128           0          0 MPI_Comm_size() 
  0.0        0.029        0.029         128           0          0 MPI_Comm_rank() 

FUNCTION SUMMARY (mean):
---------------------------------------------------------------------------------------
%Time    Exclusive    Inclusive       #Call      #Subrs  Inclusive Name
              msec   total msec                          usec/call 
---------------------------------------------------------------------------------------
100.0      0.00697       21,874           1           1   21874017 .TAU application
100.0        0.335       21,874           1         129   21874010 MG_MPI 
 70.3            2       15,373          51        2346     301445 MG3P 
 50.5        7,675       11,039         512         512      21561 RESID 
 28.9            4        6,324        1483     23767.9       4265 COMM3 
 22.0        3,033        4,811         510         510       9435 PSINV 
 18.1          325        3,963     7865.25     7865.25        504 GIVE3 
 16.6        3,638        3,638     8043.75           0        452 MPI_Send() 
 10.4        1,116        2,276         459         459       4960 RPRJ3 
  9.5        1,999        2,072         459         459       4516 INTERP 
  7.6          283        1,656     7865.25     7865.25        211 TAKE3 
  6.6        1,436        1,436     8043.75           0        179 MPI_Wait() 
  3.2          690          708     8043.75     8043.75         88 READY 
  2.3          510          510           1           0     510188 MPI_Init() 
  2.3          505          505           1           0     505112 MPI_Finalize() 
  1.6          350          350     635.125           0        551 ZERO3 
  1.3          144          274           2     680.312     137033 ZRAN3 
  0.4           54           89           4           8      22328 NORM2U3 
  0.3        0.347           73         459       535.5        160 COMM3_EX 
  0.3       0.0822           63       178.5       178.5        356 TAKE3_EX 
  0.2           44           44           6           0       7418 MPI_Barrier() 
  0.2           36           36          88           0        414 MPI_Allreduce() 
  0.1           17           17     8043.75           0          2 MPI_Irecv() 
  0.0            1            1           1           0       1857 ALLOC_SPACE 
  0.0        0.917        0.917           7           0        131 MPI_Bcast() 
  0.0       0.0767        0.243       178.5       178.5          1 GIVE3_EX 
  0.0        0.107        0.107     586.312           0          0 BUBBLE 
  0.0       0.0145       0.0145           1           0         15 MPI_Reduce() 
  0.0       0.0062       0.0062           2           0          3 SETUP 
  0.0      0.00496      0.00496           6           0          1 POWER 
  0.0     0.000438     0.000438           1           0          0 MPI_Comm_size() 
  0.0     0.000227     0.000227           1           0          0 MPI_Comm_rank() 
