Reading Profile files in profile.*

FUNCTION SUMMARY (total):
---------------------------------------------------------------------------------------
%Time    Exclusive    Inclusive       #Call      #Subrs  Inclusive Name
              msec   total msec                          usec/call 
---------------------------------------------------------------------------------------
100.0         0.64     4:09.307         128         128    1947713 .TAU application
100.0            5     4:09.306         128        2177    1947708 APPLU 
 45.0        8,280     1:52.217         256 6.97512E+07     438351 SSOR 
 27.9            5     1:09.437         128         384     542482 INIT_COMM 
 27.9     1:09.432     1:09.432         128           0     542439 MPI_Init() 
 26.4     1:05.891     1:05.891         128           0     514776 MPI_Finalize() 
 21.5        3,346       53,658 7.96774E+06 1.44415E+07          7 EXCHANGE_1 
 18.4       45,882       45,882 7.22077E+06           0          6 MPI_Recv() 
  6.6        7,778       16,370       32384       64768        506 RHS 
  3.7        9,124        9,124 1.54375E+07           0          1 JACLD 
  3.6        9,005        9,005 1.54375E+07           0          1 JACU 
  3.6        2,027        8,970       65024      353568        138 EXCHANGE_3 
  3.1        7,766        7,766 1.54375E+07           0          1 BLTS 
  3.1        7,632        7,632 1.54375E+07           0          0 BUTS 
  3.0        7,453        7,453  7.3389E+06           0          1 MPI_Send() 
  1.5        3,795        3,795      118132           0         32 MPI_Wait() 
  0.4          460        1,037         256 2.85994E+06       4053 SETIV 
  0.3          629          629 3.14742E+06           0          0 EXACT 
  0.2           90          468         128         256       3662 ERHS 
  0.2          385          385        1280           0        301 MPI_Allreduce() 
  0.1            4          327         512         512        639 L2NORM 
  0.1        0.851          128         128         129       1002 READ_INPUT 
  0.1          127          127      118132           0          1 MPI_Irecv() 
  0.1            1          127         128        1280        995 BCAST_INPUTS 
  0.1          125          125        1280           0         98 MPI_Bcast() 
  0.0           27           73         128      238456        573 ERROR 
  0.0            7           23         256       49152         91 SETBV 
  0.0            2           17         128         560        136 PINTGR 
  0.0           10           10         256           0         43 MPI_Barrier() 
  0.0            5            5         128           0         41 ALLOC_SPACE 
  0.0        0.166            3         128         696         24 EXCHANGE_4 
  0.0        0.021        0.511          32          90         16 EXCHANGE_5 
  0.0        0.378        0.419         128         128          3 PROC_GRID 
  0.0        0.192        0.192           1           0        192 VERIFY 
  0.0        0.014        0.127          16          42          8 EXCHANGE_6 
  0.0        0.091        0.091         128           0          1 SETCOEFF 
  0.0        0.048        0.048         128           0          0 MPI_Comm_size() 
  0.0        0.041        0.041         128           0          0 ISQRT2 
  0.0         0.04         0.04         128           0          0 SUBDOMAIN 
  0.0        0.031        0.031         128           0          0 NEIGHBORS 
  0.0         0.03         0.03         128           0          0 MPI_Comm_rank() 
  0.0        0.001        0.001           1           0          1 SET_CLASS 

FUNCTION SUMMARY (mean):
---------------------------------------------------------------------------------------
%Time    Exclusive    Inclusive       #Call      #Subrs  Inclusive Name
              msec   total msec                          usec/call 
---------------------------------------------------------------------------------------
100.0        0.005        1,947           1           1    1947713 .TAU application
100.0       0.0419        1,947           1     17.0078    1947708 APPLU 
 45.0           64          876           2      544931     438351 SSOR 
 27.9       0.0423          542           1           3     542482 INIT_COMM 
 27.9          542          542           1           0     542439 MPI_Init() 
 26.4          514          514           1           0     514776 MPI_Finalize() 
 21.5           26          419       62248      112824          7 EXCHANGE_1 
 18.4          358          358     56412.2           0          6 MPI_Recv() 
  6.6           60          127         253         506        506 RHS 
  3.7           71           71      120606           0          1 JACLD 
  3.6           70           70      120606           0          1 JACU 
  3.6           15           70         508     2762.25        138 EXCHANGE_3 
  3.1           60           60      120606           0          1 BLTS 
  3.1           59           59      120606           0          0 BUTS 
  3.0           58           58     57335.2           0          1 MPI_Send() 
  1.5           29           29     922.906           0         32 MPI_Wait() 
  0.4            3            8           2     22343.2       4053 SETIV 
  0.3            4            4     24589.2           0          0 EXACT 
  0.2        0.705            3           1           2       3662 ERHS 
  0.2            3            3          10           0        301 MPI_Allreduce() 
  0.1       0.0351            2           4           4        639 L2NORM 
  0.1      0.00665            1           1     1.00781       1002 READ_INPUT 
  0.1        0.996        0.996     922.906           0          1 MPI_Irecv() 
  0.1       0.0116        0.995           1          10        995 BCAST_INPUTS 
  0.1        0.984        0.984          10           0         98 MPI_Bcast() 
  0.0        0.213        0.573           1     1862.94        573 ERROR 
  0.0       0.0591        0.181           2         384         91 SETBV 
  0.0       0.0158        0.136           1       4.375        136 PINTGR 
  0.0       0.0859       0.0859           2           0         43 MPI_Barrier() 
  0.0       0.0411       0.0411           1           0         41 ALLOC_SPACE 
  0.0       0.0013       0.0243           1      5.4375         24 EXCHANGE_4 
  0.0     0.000164      0.00399        0.25    0.703125         16 EXCHANGE_5 
  0.0      0.00295      0.00327           1           1          3 PROC_GRID 
  0.0       0.0015       0.0015   0.0078125           0        192 VERIFY 
  0.0     0.000109     0.000992       0.125    0.328125          8 EXCHANGE_6 
  0.0     0.000711     0.000711           1           0          1 SETCOEFF 
  0.0     0.000375     0.000375           1           0          0 MPI_Comm_size() 
  0.0      0.00032      0.00032           1           0          0 ISQRT2 
  0.0     0.000313     0.000313           1           0          0 SUBDOMAIN 
  0.0     0.000242     0.000242           1           0          0 NEIGHBORS 
  0.0     0.000234     0.000234           1           0          0 MPI_Comm_rank() 
  0.0     7.81E-06     7.81E-06   0.0078125           0          1 SET_CLASS 
