Reading Profile files in profile.*

FUNCTION SUMMARY (total):
---------------------------------------------------------------------------------------
%Time    Exclusive    Inclusive       #Call      #Subrs  Inclusive Name
              msec   total msec                          usec/call 
---------------------------------------------------------------------------------------
100.0        0.668  3:07:57.549         128         128   88105856 .TAU application
100.0           27  3:07:57.548         128       11136   88105851 FT 
 89.5           20  2:48:09.154        3456       13824    2919316 FFT 
 42.7     1:53.400  1:20:17.880 8.84736E+06 9.02431E+07        545 CFFTZ 
 41.7  1:18:24.480  1:18:24.480 9.02431E+07           0         52 FFTZ2 
 35.7    13:25.790  1:07:09.261        6912 5.31533E+06     582937 CFFTS1 
 26.3           12    49:27.939        3200        9600     927481 TRANSPOSE_X_YZ 
 23.3    17:08.304    43:42.718        3456  3.5424E+06     758889 CFFTS2 
 16.0           17    30:09.778        3456        3456     523663 TRANSPOSE2_GLOBAL 
 16.0    30:09.760    30:09.760        3456           0     523658 MPI_Alltoall() 
  8.6    16:09.979    16:09.979        3456           0     280665 TRANSPOSE2_LOCAL 
  6.5    12:09.469    12:09.469        3200           0     227959 EVOLVE 
  5.8    10:57.379    10:57.379        3456           0     190214 TRANSPOSE2_FINISH 
  4.2            4     7:49.213         256         768    1832867 TRANSPOSE_XY_Z 
  1.5     2:44.402     2:44.402         256           0     642199 COMPUTE_INDEXMAP 
  1.1           28     2:03.284        3200        3200      38527 CHECKSUM 
  1.1     2:03.256     2:03.256        3200           0      38518 MPI_Reduce() 
  0.6            9     1:06.308         128        1409     518036 SETUP 
  0.6     1:05.739     1:05.739         128           0     513590 MPI_Init() 
  0.6     1:04.598     1:04.598         128           0     504676 MPI_Finalize() 
  0.3       29,601       29,601         256         512     115633 COMPUTE_INITIAL_CONDITIONS 
  0.1       10,646       10,646         128           0      83174 MPI_Barrier() 
  0.0          247          247         128           0       1930 ALLOC_SPACE 
  0.0          186          186         256           0        728 MPI_Comm_split() 
  0.0          126          126         640           0        198 MPI_Bcast() 
  0.0           53           53         256         256        208 FFT_INIT 
  0.0            3            3       10624           0          0 ILOG2 
  0.0         0.23         0.23         512           0          0 IPOW46 
  0.0         0.07         0.07         128           0          1 MPI_Comm_size() 
  0.0        0.047        0.047         128           0          0 VERIFY 
  0.0        0.031        0.031         128           0          0 MPI_Comm_rank() 
  0.0        0.001        0.001           1           0          1 SET_CLASS 

FUNCTION SUMMARY (mean):
---------------------------------------------------------------------------------------
%Time    Exclusive    Inclusive       #Call      #Subrs  Inclusive Name
              msec   total msec                          usec/call 
---------------------------------------------------------------------------------------
100.0      0.00522     1:28.105           1           1   88105856 .TAU application
100.0        0.218     1:28.105           1          87   88105851 FT 
 89.5        0.163     1:18.821          27         108    2919316 FFT 
 42.7          885       37,639       69120      705024        545 CFFTZ 
 41.7       36,753       36,753      705024           0         52 FFTZ2 
 35.7        6,295       31,478          54       41526     582937 CFFTS1 
 26.3          0.1       23,187          25          75     927481 TRANSPOSE_X_YZ 
 23.3        8,033       20,489          27       27675     758889 CFFTS2 
 16.0        0.137       14,138          27          27     523663 TRANSPOSE2_GLOBAL 
 16.0       14,138       14,138          27           0     523658 MPI_Alltoall() 
  8.6        7,577        7,577          27           0     280665 TRANSPOSE2_LOCAL 
  6.5        5,698        5,698          25           0     227959 EVOLVE 
  5.8        5,135        5,135          27           0     190214 TRANSPOSE2_FINISH 
  4.2       0.0349        3,665           2           6    1832867 TRANSPOSE_XY_Z 
  1.5        1,284        1,284           2           0     642199 COMPUTE_INDEXMAP 
  1.1        0.226          963          25          25      38527 CHECKSUM 
  1.1          962          962          25           0      38518 MPI_Reduce() 
  0.6       0.0705          518           1     11.0078     518036 SETUP 
  0.6          513          513           1           0     513590 MPI_Init() 
  0.6          504          504           1           0     504676 MPI_Finalize() 
  0.3          231          231           2           4     115633 COMPUTE_INITIAL_CONDITIONS 
  0.1           83           83           1           0      83174 MPI_Barrier() 
  0.0            1            1           1           0       1930 ALLOC_SPACE 
  0.0            1            1           2           0        728 MPI_Comm_split() 
  0.0        0.989        0.989           5           0        198 MPI_Bcast() 
  0.0        0.416        0.417           2           2        208 FFT_INIT 
  0.0       0.0309       0.0309          83           0          0 ILOG2 
  0.0       0.0018       0.0018           4           0          0 IPOW46 
  0.0     0.000547     0.000547           1           0          1 MPI_Comm_size() 
  0.0     0.000367     0.000367           1           0          0 VERIFY 
  0.0     0.000242     0.000242           1           0          0 MPI_Comm_rank() 
  0.0     7.81E-06     7.81E-06   0.0078125           0          1 SET_CLASS 
