Reading Profile files in profile.*

FUNCTION SUMMARY (total):
---------------------------------------------------------------------------------------
%Time    Exclusive    Inclusive       #Call      #Subrs  Inclusive Name
              msec   total msec                          usec/call 
---------------------------------------------------------------------------------------
100.0        0.045     2:09.123           8           8   16140498 .TAU application
100.0        0.506     2:09.123           8         137   16140493 APPLU 
 66.2     1:25.532     1:25.532           8           0   10691507 MPI_Finalize() 
 30.6        2,164       39,552          16 1.59376E+07    2472010 SSOR 
  7.2        7,679        9,341        2024        4048       4615 RHS 
  5.1        6,610        6,610 3.85938E+06           0          2 JACLD 
  5.0        6,463        6,463 3.85938E+06           0          2 JACU 
  4.7        6,008        6,008 3.85938E+06           0          2 BLTS 
  4.6        5,934        5,934 3.85938E+06           0          2 BUTS 
  2.4        0.304        3,136           8          24     392050 INIT_COMM 
  2.4        3,136        3,136           8           0     392011 MPI_Init() 
  2.3          242        3,019      497984      622480          6 EXCHANGE_1 
  2.0        2,559        2,559      311240           0          8 MPI_Recv() 
  1.3          407        1,680        4064       15240        413 EXCHANGE_3 
  0.7          944          944        5098           0        185 MPI_Wait() 
  0.6          308          744          16 2.85994E+06      46552 SETIV 
  0.4          541          541      316338           0          2 MPI_Send() 
  0.4          484          484 3.14742E+06           0          0 EXACT 
  0.1           48           66           8          16       8302 ERHS 
  0.1           26           64           8      238336       8117 ERROR 
  0.0            5           15          16       49152        999 SETBV 
  0.0            9            9          80           0        124 MPI_Allreduce() 
  0.0            2            8          32          32        258 L2NORM 
  0.0        0.553            5           8           9        704 READ_INPUT 
  0.0            5            5        5098           0          1 MPI_Irecv() 
  0.0        0.066            5           8          80        635 BCAST_INPUTS 
  0.0            5            5          80           0         63 MPI_Bcast() 
  0.0            3            3           8           0        498 ALLOC_SPACE 
  0.0        0.348        0.819           8          44        102 PINTGR 
  0.0        0.258        0.258          16           0         16 MPI_Barrier() 
  0.0        0.193        0.193           1           0        193 VERIFY 
  0.0        0.013        0.105           8          30         13 EXCHANGE_4 
  0.0        0.005        0.047           8          18          6 EXCHANGE_5 
  0.0        0.016        0.017           8           8          2 PROC_GRID 
  0.0        0.002         0.01           4           6          2 EXCHANGE_6 
  0.0        0.006        0.006           8           0          1 SETCOEFF 
  0.0        0.002        0.002           8           0          0 MPI_Comm_rank() 
  0.0        0.002        0.002           8           0          0 SUBDOMAIN 
  0.0        0.001        0.001           8           0          0 ISQRT2 
  0.0        0.001        0.001           8           0          0 MPI_Comm_size() 
  0.0        0.001        0.001           8           0          0 NEIGHBORS 
  0.0            0            0           1           0          0 SET_CLASS 

FUNCTION SUMMARY (mean):
---------------------------------------------------------------------------------------
%Time    Exclusive    Inclusive       #Call      #Subrs  Inclusive Name
              msec   total msec                          usec/call 
---------------------------------------------------------------------------------------
100.0      0.00562       16,140           1           1   16140498 .TAU application
100.0       0.0633       16,140           1      17.125   16140493 APPLU 
 66.2       10,691       10,691           1           0   10691507 MPI_Finalize() 
 30.6          270        4,944           2  1.9922E+06    2472010 SSOR 
  7.2          959        1,167         253         506       4615 RHS 
  5.1          826          826      482422           0          2 JACLD 
  5.0          807          807      482422           0          2 JACU 
  4.7          751          751      482422           0          2 BLTS 
  4.6          741          741      482422           0          2 BUTS 
  2.4        0.038          392           1           3     392050 INIT_COMM 
  2.4          392          392           1           0     392011 MPI_Init() 
  2.3           30          377       62248       77810          6 EXCHANGE_1 
  2.0          319          319       38905           0          8 MPI_Recv() 
  1.3           50          210         508        1905        413 EXCHANGE_3 
  0.7          118          118      637.25           0        185 MPI_Wait() 
  0.6           38           93           2      357492      46552 SETIV 
  0.4           67           67     39542.2           0          2 MPI_Send() 
  0.4           60           60      393427           0          0 EXACT 
  0.1            6            8           1           2       8302 ERHS 
  0.1            3            8           1       29792       8117 ERROR 
  0.0        0.627            1           2        6144        999 SETBV 
  0.0            1            1          10           0        124 MPI_Allreduce() 
  0.0        0.276            1           4           4        258 L2NORM 
  0.0       0.0691        0.704           1       1.125        704 READ_INPUT 
  0.0        0.675        0.675      637.25           0          1 MPI_Irecv() 
  0.0      0.00825        0.635           1          10        635 BCAST_INPUTS 
  0.0        0.626        0.626          10           0         63 MPI_Bcast() 
  0.0        0.498        0.498           1           0        498 ALLOC_SPACE 
  0.0       0.0435        0.102           1         5.5        102 PINTGR 
  0.0       0.0323       0.0323           2           0         16 MPI_Barrier() 
  0.0       0.0241       0.0241       0.125           0        193 VERIFY 
  0.0      0.00162       0.0131           1        3.75         13 EXCHANGE_4 
  0.0     0.000625      0.00588           1        2.25          6 EXCHANGE_5 
  0.0        0.002      0.00213           1           1          2 PROC_GRID 
  0.0      0.00025      0.00125         0.5        0.75          2 EXCHANGE_6 
  0.0      0.00075      0.00075           1           0          1 SETCOEFF 
  0.0      0.00025      0.00025           1           0          0 MPI_Comm_rank() 
  0.0      0.00025      0.00025           1           0          0 SUBDOMAIN 
  0.0     0.000125     0.000125           1           0          0 ISQRT2 
  0.0     0.000125     0.000125           1           0          0 MPI_Comm_size() 
  0.0     0.000125     0.000125           1           0          0 NEIGHBORS 
  0.0            0            0       0.125           0          0 SET_CLASS 
