Reading Profile files in profile.*

FUNCTION SUMMARY (total):
---------------------------------------------------------------------------------------
%Time    Exclusive    Inclusive       #Call      #Subrs  Inclusive Name
              msec   total msec                          usec/call 
---------------------------------------------------------------------------------------
100.0        0.039     4:16.017           8           8   32002166 .TAU application
100.0        0.615     4:16.017           8         137   32002161 APPLU 
 69.5        8,985     2:57.877          16 4.09653E+07   11117352 SSOR 
 27.8     1:11.156     1:11.156           8           0    8894594 MPI_Finalize() 
 22.3       51,053       57,176        2024        4048      28249 RHS 
 10.4       26,562       26,562   1.004E+07           0          3 JACU 
 10.4       26,503       26,503   1.004E+07           0          3 JACLD 
  9.7       24,931       24,931   1.004E+07           0          2 BLTS 
  9.5       24,288       24,288   1.004E+07           0          2 BUTS 
  3.7          691        9,377      803200   1.004E+06         12 EXCHANGE_1 
  3.2        8,229        8,229      502000           0         16 MPI_Recv() 
  2.4        1,920        6,217        4064       15240       1530 EXCHANGE_3 
  1.2        0.419        3,162           8          24     395254 INIT_COMM 
  1.2        3,161        3,161           8           0     395201 MPI_Init() 
  1.2        1,292        3,126          16     1.2E+07     195424 SETIV 
  1.2        3,020        3,020        5098           0        592 MPI_Wait() 
  0.8        2,018        2,018 1.31248E+07           0          0 EXACT 
  0.7        1,724        1,724      507098           0          3 MPI_Send() 
  0.1          257          352           8          16      44067 ERHS 
  0.1          112          275           8 1.00001E+06      34496 ERROR 
  0.0           22           48          32          32       1509 L2NORM 
  0.0           13           45          16      124848       2860 SETBV 
  0.0           41           41          80           0        523 MPI_Allreduce() 
  0.0           12           12           8           0       1622 ALLOC_SPACE 
  0.0            9            9        5098           0          2 MPI_Irecv() 
  0.0        0.412            4           8           9        524 READ_INPUT 
  0.0        0.069            3           8          80        472 BCAST_INPUTS 
  0.0            3            3          80           0         46 MPI_Bcast() 
  0.0            1            1           8          44        219 PINTGR 
  0.0        0.339        0.339          16           0         21 MPI_Barrier() 
  0.0        0.251        0.251           1           0        251 VERIFY 
  0.0        0.022        0.151           8          30         19 EXCHANGE_4 
  0.0         0.01        0.053           8          18          7 EXCHANGE_5 
  0.0        0.014        0.018           8           8          2 PROC_GRID 
  0.0        0.003         0.01           4           6          2 EXCHANGE_6 
  0.0        0.009        0.009           8           0          1 SETCOEFF 
  0.0        0.004        0.004           8           0          0 ISQRT2 
  0.0        0.002        0.002           8           0          0 SUBDOMAIN 
  0.0        0.001        0.001           8           0          0 MPI_Comm_rank() 
  0.0        0.001        0.001           8           0          0 MPI_Comm_size() 
  0.0        0.001        0.001           8           0          0 NEIGHBORS 
  0.0        0.001        0.001           1           0          1 SET_CLASS 

FUNCTION SUMMARY (mean):
---------------------------------------------------------------------------------------
%Time    Exclusive    Inclusive       #Call      #Subrs  Inclusive Name
              msec   total msec                          usec/call 
---------------------------------------------------------------------------------------
100.0      0.00487       32,002           1           1   32002166 .TAU application
100.0       0.0769       32,002           1      17.125   32002161 APPLU 
 69.5        1,123       22,234           2 5.12066E+06   11117352 SSOR 
 27.8        8,894        8,894           1           0    8894594 MPI_Finalize() 
 22.3        6,381        7,147         253         506      28249 RHS 
 10.4        3,320        3,320   1.255E+06           0          3 JACU 
 10.4        3,312        3,312   1.255E+06           0          3 JACLD 
  9.7        3,116        3,116   1.255E+06           0          2 BLTS 
  9.5        3,036        3,036   1.255E+06           0          2 BUTS 
  3.7           86        1,172      100400      125500         12 EXCHANGE_1 
  3.2        1,028        1,028       62750           0         16 MPI_Recv() 
  2.4          240          777         508        1905       1530 EXCHANGE_3 
  1.2       0.0524          395           1           3     395254 INIT_COMM 
  1.2          395          395           1           0     395201 MPI_Init() 
  1.2          161          390           2     1.5E+06     195424 SETIV 
  1.2          377          377      637.25           0        592 MPI_Wait() 
  0.8          252          252 1.64061E+06           0          0 EXACT 
  0.7          215          215     63387.2           0          3 MPI_Send() 
  0.1           32           44           1           2      44067 ERHS 
  0.1           14           34           1      125001      34496 ERROR 
  0.0            2            6           4           4       1509 L2NORM 
  0.0            1            5           2       15606       2860 SETBV 
  0.0            5            5          10           0        523 MPI_Allreduce() 
  0.0            1            1           1           0       1622 ALLOC_SPACE 
  0.0            1            1      637.25           0          2 MPI_Irecv() 
  0.0       0.0515        0.524           1       1.125        524 READ_INPUT 
  0.0      0.00863        0.472           1          10        472 BCAST_INPUTS 
  0.0        0.464        0.464          10           0         46 MPI_Bcast() 
  0.0        0.134        0.219           1         5.5        219 PINTGR 
  0.0       0.0424       0.0424           2           0         21 MPI_Barrier() 
  0.0       0.0314       0.0314       0.125           0        251 VERIFY 
  0.0      0.00275       0.0189           1        3.75         19 EXCHANGE_4 
  0.0      0.00125      0.00662           1        2.25          7 EXCHANGE_5 
  0.0      0.00175      0.00225           1           1          2 PROC_GRID 
  0.0     0.000375      0.00125         0.5        0.75          2 EXCHANGE_6 
  0.0      0.00112      0.00112           1           0          1 SETCOEFF 
  0.0       0.0005       0.0005           1           0          0 ISQRT2 
  0.0      0.00025      0.00025           1           0          0 SUBDOMAIN 
  0.0     0.000125     0.000125           1           0          0 MPI_Comm_rank() 
  0.0     0.000125     0.000125           1           0          0 MPI_Comm_size() 
  0.0     0.000125     0.000125           1           0          0 NEIGHBORS 
  0.0     0.000125     0.000125       0.125           0          1 SET_CLASS 
