Reading Profile files in profile.*

FUNCTION SUMMARY (total):
---------------------------------------------------------------------------------------
%Time    Exclusive    Inclusive       #Call      #Subrs  Inclusive Name
              msec   total msec                          usec/call 
---------------------------------------------------------------------------------------
100.0        0.038    13:01.198           8           8   97649839 .TAU application
100.0        0.695    13:01.198           8         137   97649835 APPLU 
 87.9       33,304    11:26.425          16 1.04097E+08   42901603 SSOR 
 28.5     3:27.151     3:42.909        2024        4048     110133 RHS 
 13.3     1:43.924     1:43.924 2.57024E+07           0          4 JACLD 
 13.2     1:43.251     1:43.251 2.57024E+07           0          4 JACU 
 12.7     1:39.529     1:39.529 2.57024E+07           0          4 BLTS 
 12.5     1:37.341     1:37.341 2.57024E+07           0          4 BUTS 
  9.8     1:16.350     1:16.350           8           0    9543800 MPI_Finalize() 
  3.3        1,570       25,926 1.28512E+06  1.6064E+06         20 EXCHANGE_1 
  3.0       23,526       23,526      803200           0         29 MPI_Recv() 
  2.0        5,752       15,946        4064       15240       3924 EXCHANGE_3 
  1.6        5,260       12,775          16  4.9152E+07     798466 SETIV 
  1.1        8,237        8,237 5.35629E+07           0          0 EXACT 
  1.0        7,488        7,488        5098           0       1469 MPI_Wait() 
  0.5        3,522        3,522      808298           0          4 MPI_Send() 
  0.4        0.315        3,114           8          24     389296 INIT_COMM 
  0.4        3,114        3,114           8           0     389257 MPI_Init() 
  0.2        1,077        1,267           8          16     158412 ERHS 
  0.1          458        1,109           8 4.09601E+06     138639 ERROR 
  0.0           94          207          32          32       6475 L2NORM 
  0.0          172          172          80           0       2152 MPI_Allreduce() 
  0.0           32          131          16      314928       8225 SETBV 
  0.0           15           15           8           0       1925 ALLOC_SPACE 
  0.0           11           11        5098           0          2 MPI_Irecv() 
  0.0            2            4           8          44        521 PINTGR 
  0.0        0.427            4           8           9        516 READ_INPUT 
  0.0        0.068            3           8          80        463 BCAST_INPUTS 
  0.0            3            3          80           0         45 MPI_Bcast() 
  0.0        0.405        0.405          16           0         25 MPI_Barrier() 
  0.0        0.374        0.374           1           0        374 VERIFY 
  0.0        0.028        0.126           8          30         16 EXCHANGE_4 
  0.0        0.012        0.076           8          18         10 EXCHANGE_5 
  0.0        0.017        0.017           8           8          2 PROC_GRID 
  0.0        0.007        0.016           4           6          4 EXCHANGE_6 
  0.0        0.008        0.008           8           0          1 SETCOEFF 
  0.0        0.005        0.005           8           0          1 NEIGHBORS 
  0.0        0.003        0.003           8           0          0 MPI_Comm_size() 
  0.0        0.001        0.001           8           0          0 MPI_Comm_rank() 
  0.0        0.001        0.001           8           0          0 SUBDOMAIN 
  0.0            0            0           8           0          0 ISQRT2 
  0.0            0            0           1           0          0 SET_CLASS 

FUNCTION SUMMARY (mean):
---------------------------------------------------------------------------------------
%Time    Exclusive    Inclusive       #Call      #Subrs  Inclusive Name
              msec   total msec                          usec/call 
---------------------------------------------------------------------------------------
100.0      0.00475     1:37.649           1           1   97649839 .TAU application
100.0       0.0869     1:37.649           1      17.125   97649835 APPLU 
 87.9        4,163     1:25.803           2 1.30121E+07   42901603 SSOR 
 28.5       25,893       27,863         253         506     110133 RHS 
 13.3       12,990       12,990  3.2128E+06           0          4 JACLD 
 13.2       12,906       12,906  3.2128E+06           0          4 JACU 
 12.7       12,441       12,441  3.2128E+06           0          4 BLTS 
 12.5       12,167       12,167  3.2128E+06           0          4 BUTS 
  9.8        9,543        9,543           1           0    9543800 MPI_Finalize() 
  3.3          196        3,240      160640      200800         20 EXCHANGE_1 
  3.0        2,940        2,940      100400           0         29 MPI_Recv() 
  2.0          719        1,993         508        1905       3924 EXCHANGE_3 
  1.6          657        1,596           2   6.144E+06     798466 SETIV 
  1.1        1,029        1,029 6.69537E+06           0          0 EXACT 
  1.0          936          936      637.25           0       1469 MPI_Wait() 
  0.5          440          440      101037           0          4 MPI_Send() 
  0.4       0.0394          389           1           3     389296 INIT_COMM 
  0.4          389          389           1           0     389257 MPI_Init() 
  0.2          134          158           1           2     158412 ERHS 
  0.1           57          138           1      512001     138639 ERROR 
  0.0           11           25           4           4       6475 L2NORM 
  0.0           21           21          10           0       2152 MPI_Allreduce() 
  0.0            4           16           2       39366       8225 SETBV 
  0.0            1            1           1           0       1925 ALLOC_SPACE 
  0.0            1            1      637.25           0          2 MPI_Irecv() 
  0.0        0.362        0.521           1         5.5        521 PINTGR 
  0.0       0.0534        0.516           1       1.125        516 READ_INPUT 
  0.0       0.0085        0.463           1          10        463 BCAST_INPUTS 
  0.0        0.454        0.454          10           0         45 MPI_Bcast() 
  0.0       0.0506       0.0506           2           0         25 MPI_Barrier() 
  0.0       0.0467       0.0467       0.125           0        374 VERIFY 
  0.0       0.0035       0.0158           1        3.75         16 EXCHANGE_4 
  0.0       0.0015       0.0095           1        2.25         10 EXCHANGE_5 
  0.0      0.00213      0.00213           1           1          2 PROC_GRID 
  0.0     0.000875        0.002         0.5        0.75          4 EXCHANGE_6 
  0.0        0.001        0.001           1           0          1 SETCOEFF 
  0.0     0.000625     0.000625           1           0          1 NEIGHBORS 
  0.0     0.000375     0.000375           1           0          0 MPI_Comm_size() 
  0.0     0.000125     0.000125           1           0          0 MPI_Comm_rank() 
  0.0     0.000125     0.000125           1           0          0 SUBDOMAIN 
  0.0            0            0           1           0          0 ISQRT2 
  0.0            0            0       0.125           0          0 SET_CLASS 
