Reading Profile files in profile.*

FUNCTION SUMMARY (total):
---------------------------------------------------------------------------------------
%Time    Exclusive    Inclusive       #Call      #Subrs  Inclusive Name
              msec   total msec                          usec/call 
---------------------------------------------------------------------------------------
100.0        0.047  2:15:21.445           8           8 1015180639 .TAU application
100.0            1  2:15:21.445           8         696 1015180633 FT 
 90.9            1  2:03:01.879         216         864   34175368 FFT 
 57.2     1:45.441  1:17:25.851 8.84736E+06 9.02431E+07        525 CFFTZ 
 55.9  1:15:40.410  1:15:40.410 9.02431E+07           0         50 FFTZ2 
 46.9    12:00.234  1:03:26.416         432 5.30885E+06    8811149 CFFTS1 
 24.6     7:15.475    33:15.145         216 3.53916E+06    9236784 CFFTS2 
 18.0         0.84    24:23.550         200         600    7317753 TRANSPOSE_X_YZ 
  9.0    12:13.899    12:13.899         216           0    3397684 TRANSPOSE2_LOCAL 
  6.6            1     8:53.932         216         216    2471910 TRANSPOSE2_GLOBAL 
  6.6     8:53.931     8:53.931         216           0    2471905 MPI_Alltoall() 
  6.4     8:41.240     8:41.240         200           0    2606202 EVOLVE 
  3.8     5:12.483     5:12.483         216           0    1446681 TRANSPOSE2_FINISH 
  1.4        0.233     1:56.765          16          48    7297873 TRANSPOSE_XY_Z 
  1.1     1:31.889     1:31.889           8           0   11486187 MPI_Finalize() 
  1.0     1:24.943     1:24.943          16           0    5308983 COMPUTE_INDEXMAP 
  0.3       23,302       23,302          16          32    1456429 COMPUTE_INITIAL_CONDITIONS 
  0.2            6       14,152         200         200      70762 CHECKSUM 
  0.2       14,146       14,146         200           0      70732 MPI_Reduce() 
  0.0        0.852        3,176           8          89     397048 SETUP 
  0.0        3,159        3,159           8           0     394887 MPI_Init() 
  0.0          856          856           8           0     107041 MPI_Barrier() 
  0.0           11           11           8           0       1423 ALLOC_SPACE 
  0.0            2            2          40           0         74 MPI_Bcast() 
  0.0            2            2          16          16        142 FFT_INIT 
  0.0            2            2          16           0        130 MPI_Comm_split() 
  0.0        0.208        0.208         664           0          0 ILOG2 
  0.0        0.027        0.027           8           0          3 VERIFY 
  0.0         0.01         0.01          32           0          0 IPOW46 
  0.0        0.003        0.003           8           0          0 MPI_Comm_size() 
  0.0        0.002        0.002           8           0          0 MPI_Comm_rank() 
  0.0        0.001        0.001           1           0          1 SET_CLASS 

FUNCTION SUMMARY (mean):
---------------------------------------------------------------------------------------
%Time    Exclusive    Inclusive       #Call      #Subrs  Inclusive Name
              msec   total msec                          usec/call 
---------------------------------------------------------------------------------------
100.0      0.00588    16:55.180           1           1 1015180639 .TAU application
100.0        0.209    16:55.180           1          87 1015180633 FT 
 90.9        0.154    15:22.734          27         108   34175368 FFT 
 57.2       13,180     9:40.731 1.10592E+06 1.12804E+07        525 CFFTZ 
 55.9     9:27.551     9:27.551 1.12804E+07           0         50 FFTZ2 
 46.9     1:30.029     7:55.802          54      663606    8811149 CFFTS1 
 24.6       54,434     4:09.393          27      442395    9236784 CFFTS2 
 18.0        0.105     3:02.943          25          75    7317753 TRANSPOSE_X_YZ 
  9.0     1:31.737     1:31.737          27           0    3397684 TRANSPOSE2_LOCAL 
  6.6        0.134     1:06.741          27          27    2471910 TRANSPOSE2_GLOBAL 
  6.6     1:06.741     1:06.741          27           0    2471905 MPI_Alltoall() 
  6.4     1:05.155     1:05.155          25           0    2606202 EVOLVE 
  3.8       39,060       39,060          27           0    1446681 TRANSPOSE2_FINISH 
  1.4       0.0291       14,595           2           6    7297873 TRANSPOSE_XY_Z 
  1.1       11,486       11,486           1           0   11486187 MPI_Finalize() 
  1.0       10,617       10,617           2           0    5308983 COMPUTE_INDEXMAP 
  0.3        2,912        2,912           2           4    1456429 COMPUTE_INITIAL_CONDITIONS 
  0.2        0.755        1,769          25          25      70762 CHECKSUM 
  0.2        1,768        1,768          25           0      70732 MPI_Reduce() 
  0.0        0.106          397           1      11.125     397048 SETUP 
  0.0          394          394           1           0     394887 MPI_Init() 
  0.0          107          107           1           0     107041 MPI_Barrier() 
  0.0            1            1           1           0       1423 ALLOC_SPACE 
  0.0        0.372        0.372           5           0         74 MPI_Bcast() 
  0.0        0.283        0.284           2           2        142 FFT_INIT 
  0.0         0.26         0.26           2           0        130 MPI_Comm_split() 
  0.0        0.026        0.026          83           0          0 ILOG2 
  0.0      0.00337      0.00337           1           0          3 VERIFY 
  0.0      0.00125      0.00125           4           0          0 IPOW46 
  0.0     0.000375     0.000375           1           0          0 MPI_Comm_size() 
  0.0      0.00025      0.00025           1           0          0 MPI_Comm_rank() 
  0.0     0.000125     0.000125       0.125           0          1 SET_CLASS 
