Reading Profile files in profile.*

FUNCTION SUMMARY (total):
---------------------------------------------------------------------------------------
%Time    Exclusive    Inclusive       #Call      #Subrs  Inclusive Name
              msec   total msec                          usec/call 
---------------------------------------------------------------------------------------
100.0        0.039  3:44:45.187           8           8 1685648379 .TAU application
100.0        0.931  3:44:45.186           8         137 1685648374 APPLU 
 97.6    10:08.221  3:39:17.159          16 7.97763E+08  822322452 SSOR 
 34.0  1:14:58.154  1:16:30.558        2424        4848    1893795 RHS 
 14.6    32:45.118    32:45.118 1.98463E+08           0         10 JACLD 
 14.3    32:04.720    32:04.720 1.98463E+08           0         10 JACU 
 14.2    31:53.634    31:53.634 1.98463E+08           0         10 BLTS 
 13.9    31:20.435    31:20.435 1.98463E+08           0          9 BUTS 
  2.0       10,140     4:32.513 3.91059E+06 4.88824E+06         70 EXCHANGE_1 
  1.5     1:25.892     3:28.697          16 8.03081E+08   13043594 SETIV 
  1.3     2:59.735     2:59.735 2.44412E+06           0         74 MPI_Recv() 
  1.0     2:13.975     2:13.975 8.72002E+08           0          0 EXACT 
  0.7     1:37.185     1:37.185 2.45022E+06           0         40 MPI_Send() 
  0.7       49,560     1:33.396        4864       18240      19202 EXCHANGE_3 
  0.6     1:18.229     1:18.229           8           0    9778665 MPI_Finalize() 
  0.2       29,265       29,265        6098           0       4799 MPI_Wait() 
  0.1       18,166       19,159           8          16    2394927 ERHS 
  0.1        7,481       17,765           8 6.69234E+07    2220669 ERROR 
  0.0        0.299        2,932           8          24     366536 INIT_COMM 
  0.0        2,931        2,931           8           0     366498 MPI_Init() 
  0.0        1,414        1,805          32          32      56424 L2NORM 
  0.0          204        1,195          16 1.99757E+06      74707 SETBV 
  0.0          652          652          80           0       8151 MPI_Allreduce() 
  0.0           16           24           8          44       3071 PINTGR 
  0.0           22           22        6098           0          4 MPI_Irecv() 
  0.0           19           19           8           0       2391 ALLOC_SPACE 
  0.0        0.407            3           8           9        461 READ_INPUT 
  0.0        0.066            3           8          80        410 BCAST_INPUTS 
  0.0            3            3          80           0         40 MPI_Bcast() 
  0.0        0.036         0.91           8          30        114 EXCHANGE_4 
  0.0        0.414        0.414          16           0         26 MPI_Barrier() 
  0.0        0.239        0.239           1           0        239 VERIFY 
  0.0        0.013        0.112           4           6         28 EXCHANGE_6 
  0.0        0.025        0.095           8          18         12 EXCHANGE_5 
  0.0        0.018        0.018           8           8          2 PROC_GRID 
  0.0        0.009        0.009           8           0          1 SETCOEFF 
  0.0        0.003        0.003           8           0          0 NEIGHBORS 
  0.0        0.002        0.002           8           0          0 MPI_Comm_rank() 
  0.0        0.001        0.001           8           0          0 MPI_Comm_size() 
  0.0        0.001        0.001           1           0          1 SET_CLASS 
  0.0        0.001        0.001           8           0          0 SUBDOMAIN 
  0.0            0            0           8           0          0 ISQRT2 

FUNCTION SUMMARY (mean):
---------------------------------------------------------------------------------------
%Time    Exclusive    Inclusive       #Call      #Subrs  Inclusive Name
              msec   total msec                          usec/call 
---------------------------------------------------------------------------------------
100.0      0.00487    28:05.648           1           1 1685648379 .TAU application
100.0        0.116    28:05.648           1      17.125 1685648374 APPLU 
 97.6     1:16.027    27:24.644           2 9.97204E+07  822322452 SSOR 
 34.0     9:22.269     9:33.819         303         606    1893795 RHS 
 14.6     4:05.639     4:05.639 2.48078E+07           0         10 JACLD 
 14.3     4:00.590     4:00.590 2.48078E+07           0         10 JACU 
 14.2     3:59.204     3:59.204 2.48078E+07           0         10 BLTS 
 13.9     3:55.054     3:55.054 2.48078E+07           0          9 BUTS 
  2.0        1,267       34,064      488824      611030         70 EXCHANGE_1 
  1.5       10,736       26,087           2 1.00385E+08   13043594 SETIV 
  1.3       22,466       22,466      305515           0         74 MPI_Recv() 
  1.0       16,746       16,746    1.09E+08           0          0 EXACT 
  0.7       12,148       12,148      306277           0         40 MPI_Send() 
  0.7        6,195       11,674         608        2280      19202 EXCHANGE_3 
  0.6        9,778        9,778           1           0    9778665 MPI_Finalize() 
  0.2        3,658        3,658      762.25           0       4799 MPI_Wait() 
  0.1        2,270        2,394           1           2    2394927 ERHS 
  0.1          935        2,220           1 8.36543E+06    2220669 ERROR 
  0.0       0.0374          366           1           3     366536 INIT_COMM 
  0.0          366          366           1           0     366498 MPI_Init() 
  0.0          176          225           4           4      56424 L2NORM 
  0.0           25          149           2      249696      74707 SETBV 
  0.0           81           81          10           0       8151 MPI_Allreduce() 
  0.0            2            3           1         5.5       3071 PINTGR 
  0.0            2            2      762.25           0          4 MPI_Irecv() 
  0.0            2            2           1           0       2391 ALLOC_SPACE 
  0.0       0.0509        0.461           1       1.125        461 READ_INPUT 
  0.0      0.00825         0.41           1          10        410 BCAST_INPUTS 
  0.0        0.402        0.402          10           0         40 MPI_Bcast() 
  0.0       0.0045        0.114           1        3.75        114 EXCHANGE_4 
  0.0       0.0517       0.0517           2           0         26 MPI_Barrier() 
  0.0       0.0299       0.0299       0.125           0        239 VERIFY 
  0.0      0.00162        0.014         0.5        0.75         28 EXCHANGE_6 
  0.0      0.00313       0.0119           1        2.25         12 EXCHANGE_5 
  0.0      0.00225      0.00225           1           1          2 PROC_GRID 
  0.0      0.00112      0.00112           1           0          1 SETCOEFF 
  0.0     0.000375     0.000375           1           0          0 NEIGHBORS 
  0.0      0.00025      0.00025           1           0          0 MPI_Comm_rank() 
  0.0     0.000125     0.000125           1           0          0 MPI_Comm_size() 
  0.0     0.000125     0.000125       0.125           0          1 SET_CLASS 
  0.0     0.000125     0.000125           1           0          0 SUBDOMAIN 
  0.0            0            0           1           0          0 ISQRT2 
