Reading Profile files in profile.*

FUNCTION SUMMARY (total):
---------------------------------------------------------------------------------------
%Time    Exclusive    Inclusive       #Call      #Subrs  Inclusive Name
              msec   total msec                          usec/call 
---------------------------------------------------------------------------------------
100.0        0.064  2:46:59.480           8           8 1252435102 .TAU application
100.0        1,740  2:46:59.480           8        5720 1252435094 CG 
 97.6  2:39:04.608  2:42:57.987         808      441168   12101470 CONJ_GRAD 
  1.9     3:10.974     3:10.974      148672           0       1285 MPI_Send() 
  1.6       16,075     2:43.824           8     2.4E+07   20478059 MAKEA 
  1.0       56,300     1:40.043     1.2E+07 3.52378E+08          8 SPRNVC 
  0.7     1:12.874     1:12.874           8           0    9109349 MPI_Finalize() 
  0.5       45,957       45,957           8           0    5744630 SPARSE 
  0.4       43,743       43,743 3.52378E+08           0          0 ICNVRT 
  0.4       42,179       42,179      148672           0        284 MPI_Wait() 
  0.0        0.629        2,962           8          32     370279 INITIALIZE_MPI 
  0.0        2,958        2,958           8           0     369862 MPI_Init() 
  0.0        1,748        1,748     1.2E+07           0          0 VECSET 
  0.0          264          264      148672           0          2 MPI_Irecv() 
  0.0           50           50           8           0       6253 ALLOC_SPACE 
  0.0            2            2           8           0        337 MPI_Bcast() 
  0.0        0.572        0.572           8           0         72 MPI_Barrier() 
  0.0        0.257        0.257           8           0         32 MPI_Reduce() 
  0.0        0.006        0.006           8           0          1 MPI_Comm_size() 
  0.0        0.002        0.002           8           0          0 MPI_Comm_rank() 
  0.0        0.002        0.002           8           0          0 SETUP_PROC_INFO 
  0.0        0.002        0.002           8           0          0 SETUP_SUBMATRIX_INFO 

FUNCTION SUMMARY (mean):
---------------------------------------------------------------------------------------
%Time    Exclusive    Inclusive       #Call      #Subrs  Inclusive Name
              msec   total msec                          usec/call 
---------------------------------------------------------------------------------------
100.0        0.008    20:52.435           1           1 1252435102 .TAU application
100.0          217    20:52.435           1         715 1252435094 CG 
 97.6    19:53.076    20:22.248         101       55146   12101470 CONJ_GRAD 
  1.9       23,871       23,871       18584           0       1285 MPI_Send() 
  1.6        2,009       20,478           1       3E+06   20478059 MAKEA 
  1.0        7,037       12,505     1.5E+06 4.40472E+07          8 SPRNVC 
  0.7        9,109        9,109           1           0    9109349 MPI_Finalize() 
  0.5        5,744        5,744           1           0    5744630 SPARSE 
  0.4        5,467        5,467 4.40472E+07           0          0 ICNVRT 
  0.4        5,272        5,272       18584           0        284 MPI_Wait() 
  0.0       0.0786          370           1           4     370279 INITIALIZE_MPI 
  0.0          369          369           1           0     369862 MPI_Init() 
  0.0          218          218     1.5E+06           0          0 VECSET 
  0.0           33           33       18584           0          2 MPI_Irecv() 
  0.0            6            6           1           0       6253 ALLOC_SPACE 
  0.0        0.337        0.337           1           0        337 MPI_Bcast() 
  0.0       0.0715       0.0715           1           0         72 MPI_Barrier() 
  0.0       0.0321       0.0321           1           0         32 MPI_Reduce() 
  0.0      0.00075      0.00075           1           0          1 MPI_Comm_size() 
  0.0      0.00025      0.00025           1           0          0 MPI_Comm_rank() 
  0.0      0.00025      0.00025           1           0          0 SETUP_PROC_INFO 
  0.0      0.00025      0.00025           1           0          0 SETUP_SUBMATRIX_INFO 
