Reading Profile files in profile.*

FUNCTION SUMMARY (total):
---------------------------------------------------------------------------------------
%Time    Exclusive    Inclusive       #Call      #Subrs  Inclusive Name
              msec   total msec                          usec/call 
---------------------------------------------------------------------------------------
100.0         0.04     6:54.709           8           8   51838750 .TAU application
100.0            1     6:54.709           8         576   51838745 FT 
 70.4        0.783     4:52.146         176         704    1659926 FFT 
 39.5       11,224     2:43.785 1.08134E+06  9.7321E+06        151 CFFTZ 
 36.8     2:32.561     2:32.561  9.7321E+06           0         16 FFTZ2 
 33.3       29,051     2:18.031         352      721248     392134 CFFTS1 
 21.4     1:28.695     1:28.695           8           0   11086981 MPI_Finalize() 
 17.8          0.5     1:13.809         160         480     461310 TRANSPOSE_X_YZ 
 17.6       18,000     1:12.807         176      360624     413677 CFFTS2 
  8.8       36,511       36,511         176           0     207449 TRANSPOSE2_LOCAL 
  6.8        0.575       28,016         176         176     159186 TRANSPOSE2_GLOBAL 
  6.8       28,016       28,016         176           0     159182 MPI_Alltoall() 
  5.2       21,575       21,575         160           0     134850 EVOLVE 
  4.0       16,779       16,779         176           0      95338 TRANSPOSE2_FINISH 
  1.8         0.18        7,498          16          48     468650 TRANSPOSE_XY_Z 
  1.3        5,320        5,320          16           0     332519 COMPUTE_INDEXMAP 
  0.8        0.953        3,151           8          89     393962 SETUP 
  0.8        3,126        3,126           8           0     390779 MPI_Init() 
  0.5            3        2,201         160         160      13760 CHECKSUM 
  0.5        2,198        2,198         160           0      13741 MPI_Reduce() 
  0.3        1,443        1,443          16          32      90218 COMPUTE_INITIAL_CONDITIONS 
  0.0          172          172           8           0      21502 MPI_Barrier() 
  0.0           12           12           8           0       1598 ALLOC_SPACE 
  0.0            7            7          16           0        464 MPI_Comm_split() 
  0.0            4            4          40           0        108 MPI_Bcast() 
  0.0        0.689        0.693          16          16         43 FFT_INIT 
  0.0         0.17         0.17         544           0          0 ILOG2 
  0.0        0.024        0.024           8           0          3 VERIFY 
  0.0         0.01         0.01          32           0          0 IPOW46 
  0.0        0.004        0.004           8           0          0 MPI_Comm_size() 
  0.0        0.001        0.001           1           0          1 SET_CLASS 
  0.0            0            0           8           0          0 MPI_Comm_rank() 

FUNCTION SUMMARY (mean):
---------------------------------------------------------------------------------------
%Time    Exclusive    Inclusive       #Call      #Subrs  Inclusive Name
              msec   total msec                          usec/call 
---------------------------------------------------------------------------------------
100.0        0.005       51,838           1           1   51838750 .TAU application
100.0        0.166       51,838           1          72   51838745 FT 
 70.4       0.0979       36,518          22          88    1659926 FFT 
 39.5        1,403       20,473      135168 1.21651E+06        151 CFFTZ 
 36.8       19,070       19,070 1.21651E+06           0         16 FFTZ2 
 33.3        3,631       17,253          44       90156     392134 CFFTS1 
 21.4       11,086       11,086           1           0   11086981 MPI_Finalize() 
 17.8       0.0625        9,226          20          60     461310 TRANSPOSE_X_YZ 
 17.6        2,250        9,100          22       45078     413677 CFFTS2 
  8.8        4,563        4,563          22           0     207449 TRANSPOSE2_LOCAL 
  6.8       0.0719        3,502          22          22     159186 TRANSPOSE2_GLOBAL 
  6.8        3,502        3,502          22           0     159182 MPI_Alltoall() 
  5.2        2,696        2,696          20           0     134850 EVOLVE 
  4.0        2,097        2,097          22           0      95338 TRANSPOSE2_FINISH 
  1.8       0.0225          937           2           6     468650 TRANSPOSE_XY_Z 
  1.3          665          665           2           0     332519 COMPUTE_INDEXMAP 
  0.8        0.119          393           1      11.125     393962 SETUP 
  0.8          390          390           1           0     390779 MPI_Init() 
  0.5        0.377          275          20          20      13760 CHECKSUM 
  0.5          274          274          20           0      13741 MPI_Reduce() 
  0.3          180          180           2           4      90218 COMPUTE_INITIAL_CONDITIONS 
  0.0           21           21           1           0      21502 MPI_Barrier() 
  0.0            1            1           1           0       1598 ALLOC_SPACE 
  0.0        0.927        0.927           2           0        464 MPI_Comm_split() 
  0.0        0.538        0.538           5           0        108 MPI_Bcast() 
  0.0       0.0861       0.0866           2           2         43 FFT_INIT 
  0.0       0.0213       0.0213          68           0          0 ILOG2 
  0.0        0.003        0.003           1           0          3 VERIFY 
  0.0      0.00125      0.00125           4           0          0 IPOW46 
  0.0       0.0005       0.0005           1           0          0 MPI_Comm_size() 
  0.0     0.000125     0.000125       0.125           0          1 SET_CLASS 
  0.0            0            0           1           0          0 MPI_Comm_rank() 
