Reading Profile files in profile.*

FUNCTION SUMMARY (total):
---------------------------------------------------------------------------------------
%Time    Exclusive    Inclusive       #Call      #Subrs  Inclusive Name
              msec   total msec                          usec/call 
---------------------------------------------------------------------------------------
100.0        0.193     4:38.171          32          32    8692852 .TAU application
100.0            2     4:38.171          32         545    8692846 APPLU 
 83.5       11,730     3:52.400          64 8.35412E+07    3631264 SSOR 
 20.5        2,090       57,007  3.2128E+06  5.2208E+06         18 EXCHANGE_1 
 19.2       53,384       53,384  2.6104E+06           0         20 MPI_Recv() 
 18.8       31,524       52,201        8096       16192       6448 RHS 
 10.5       29,311       29,311   2.008E+07           0          1 JACLD 
 10.4       28,915       28,915   2.008E+07           0          1 JACU 
  9.5       26,363       26,363   2.008E+07           0          1 BLTS 
  9.4       26,215       26,215   2.008E+07           0          1 BUTS 
  7.9       22,038       22,038          32           0     688711 MPI_Finalize() 
  7.8        2,712       21,638       16256       79248       1331 EXCHANGE_3 
  6.4            1       17,739          32          96     554362 INIT_COMM 
  6.4       17,737       17,737          32           0     554312 MPI_Init() 
  3.8       10,497       10,497 2.63689E+06           0          4 MPI_Send() 
  3.5        9,864        9,864       26488           0        372 MPI_Wait() 
  1.5        1,804        4,120          64     1.2E+07      64376 SETIV 
  0.9        2,511        2,511 1.31248E+07           0          0 EXACT 
  0.4          271        1,233          32          64      38539 ERHS 
  0.3          904          904         320           0       2828 MPI_Allreduce() 
  0.2           11          576         128         128       4503 L2NORM 
  0.2          119          537          32 1.00003E+06      16802 ERROR 
  0.0           98           98       26488           0          4 MPI_Irecv() 
  0.0           18           55          64      124848        872 SETBV 
  0.0         0.84           34          32          33       1078 READ_INPUT 
  0.0        0.381           33          32         320       1052 BCAST_INPUTS 
  0.0           33           33         320           0        104 MPI_Bcast() 
  0.0            1            6          32         152        195 PINTGR 
  0.0            1            1          32           0         57 ALLOC_SPACE 
  0.0            1            1          64           0         25 MPI_Barrier() 
  0.0        0.083        0.844          32         156         26 EXCHANGE_4 
  0.0        0.192        0.192           1           0        192 VERIFY 
  0.0        0.018        0.123          16          42          8 EXCHANGE_5 
  0.0        0.009        0.109           8          18         14 EXCHANGE_6 
  0.0        0.092        0.105          32          32          3 PROC_GRID 
  0.0        0.025        0.025          32           0          1 SETCOEFF 
  0.0        0.017        0.017          32           0          1 MPI_Comm_size() 
  0.0        0.013        0.013          32           0          0 ISQRT2 
  0.0        0.013        0.013          32           0          0 NEIGHBORS 
  0.0        0.008        0.008          32           0          0 SUBDOMAIN 
  0.0        0.007        0.007          32           0          0 MPI_Comm_rank() 
  0.0            0            0           1           0          0 SET_CLASS 

FUNCTION SUMMARY (mean):
---------------------------------------------------------------------------------------
%Time    Exclusive    Inclusive       #Call      #Subrs  Inclusive Name
              msec   total msec                          usec/call 
---------------------------------------------------------------------------------------
100.0      0.00603        8,692           1           1    8692852 .TAU application
100.0       0.0683        8,692           1     17.0312    8692846 APPLU 
 83.5          366        7,262           2 2.61066E+06    3631264 SSOR 
 20.5           65        1,781      100400      163150         18 EXCHANGE_1 
 19.2        1,668        1,668       81575           0         20 MPI_Recv() 
 18.8          985        1,631         253         506       6448 RHS 
 10.5          915          915      627500           0          1 JACLD 
 10.4          903          903      627500           0          1 JACU 
  9.5          823          823      627500           0          1 BLTS 
  9.4          819          819      627500           0          1 BUTS 
  7.9          688          688           1           0     688711 MPI_Finalize() 
  7.8           84          676         508      2476.5       1331 EXCHANGE_3 
  6.4       0.0492          554           1           3     554362 INIT_COMM 
  6.4          554          554           1           0     554312 MPI_Init() 
  3.8          328          328     82402.8           0          4 MPI_Send() 
  3.5          308          308      827.75           0        372 MPI_Wait() 
  1.5           56          128           2      375000      64376 SETIV 
  0.9           78           78      410152           0          0 EXACT 
  0.4            8           38           1           2      38539 ERHS 
  0.3           28           28          10           0       2828 MPI_Allreduce() 
  0.2        0.354           18           4           4       4503 L2NORM 
  0.2            3           16           1       31251      16802 ERROR 
  0.0            3            3      827.75           0          4 MPI_Irecv() 
  0.0        0.583            1           2      3901.5        872 SETBV 
  0.0       0.0262            1           1     1.03125       1078 READ_INPUT 
  0.0       0.0119            1           1          10       1052 BCAST_INPUTS 
  0.0            1            1          10           0        104 MPI_Bcast() 
  0.0       0.0613        0.195           1        4.75        195 PINTGR 
  0.0       0.0569       0.0569           1           0         57 ALLOC_SPACE 
  0.0       0.0495       0.0495           2           0         25 MPI_Barrier() 
  0.0      0.00259       0.0264           1       4.875         26 EXCHANGE_4 
  0.0        0.006        0.006     0.03125           0        192 VERIFY 
  0.0     0.000562      0.00384         0.5      1.3125          8 EXCHANGE_5 
  0.0     0.000281      0.00341        0.25      0.5625         14 EXCHANGE_6 
  0.0      0.00287      0.00328           1           1          3 PROC_GRID 
  0.0     0.000781     0.000781           1           0          1 SETCOEFF 
  0.0     0.000531     0.000531           1           0          1 MPI_Comm_size() 
  0.0     0.000406     0.000406           1           0          0 ISQRT2 
  0.0     0.000406     0.000406           1           0          0 NEIGHBORS 
  0.0      0.00025      0.00025           1           0          0 SUBDOMAIN 
  0.0     0.000219     0.000219           1           0          0 MPI_Comm_rank() 
  0.0            0            0     0.03125           0          0 SET_CLASS 
