Reading Profile files in profile.*

FUNCTION SUMMARY (total):
---------------------------------------------------------------------------------------
%Time    Exclusive    Inclusive       #Call      #Subrs  Inclusive Name
              msec   total msec                          usec/call 
---------------------------------------------------------------------------------------
100.0         0.48    24:39.237         100         100   14792372 .TAU application
100.0           58    24:39.236         100       41901   14792367 MPSP 
 91.4          228    22:32.153       40100      240600      33720 ADI 
 23.9     1:24.814     5:52.901       40200      562800       8779 COPY_FACES 
 22.6     1:31.765     5:33.568       40100  2.9674E+06       8318 Z_SOLVE 
 20.3     1:40.279     4:59.973       40100  2.9674E+06       7481 Y_SOLVE 
 19.9     4:53.643     4:53.643  2.2056E+06           0        133 MPI_Waitall() 
 19.4     2:03.481     4:47.695       40100  2.9674E+06       7174 X_SOLVE 
 14.2     3:30.087     3:30.087       40200           0       5226 COMPUTE_RHS 
  9.6     2:22.664     2:22.664      401000           0        356 LHSZ 
  5.9     1:26.964     1:26.964      401000           0        217 LHSY 
  5.6     1:23.289     1:23.289      401000           0        208 LHSX 
  3.6       53,476       53,476         100           0     534768 MPI_Finalize() 
  3.4            2       49,952         100         500     499521 SETUP_MPI 
  3.4       49,828       49,828         100           0     498281 MPI_Init() 
  2.7       39,891       39,891       40100           0        995 TXINVR 
  2.6       38,752       38,752       40100           0        966 ADD 
  1.8       26,994       26,994      401000           0         67 TZETAR 
  1.2       17,317       17,317  2.4066E+06           0          7 MPI_Isend() 
  1.0        6,614       14,667         200 5.13333E+07      73338 INITIALIZE 
  0.7       10,838       10,838 7.07912E+07           0          0 EXACT_SOLUTION 
  0.3        5,007        5,007  2.4066E+06           0          2 MPI_Irecv() 
  0.3        2,180        4,354         100 1.52064E+07      43547 EXACT_RHS 
  0.3        3,996        3,996      401000           0         10 PINVR 
  0.3        3,832        3,832      401000           0         10 NINVR 
  0.3            1        3,762         100         300      37630 VERIFY 
  0.2          490        2,391         100 4.25163E+06      23912 ERROR_NORM 
  0.1        1,781        1,781         200           0       8908 MPI_Allreduce() 
  0.0           21          513         100         100       5133 RHS_NORM 
  0.0          334          334         100           0       3346 ALLOC_SPACE 
  0.0          216          216         200           0       1083 MPI_Barrier() 
  0.0          167          167         100           0       1677 LHSINIT 
  0.0          121          121         200           0        607 MPI_Comm_dup() 
  0.0           89           89         400           0        224 MPI_Bcast() 
  0.0            1            1         100           0         15 MPI_Reduce() 
  0.0         0.17         0.17         100           0          2 SET_CONSTANTS 
  0.0        0.169        0.169         100           0          2 MAKE_SET 
  0.0        0.048        0.048         100           0          0 COMPUTE_BUFFER_SIZE 
  0.0        0.039        0.039         100           0          0 MPI_Comm_size() 
  0.0        0.018        0.018         100           0          0 MPI_Comm_rank() 
  0.0        0.001        0.001           1           0          1 SET_CLASS 

FUNCTION SUMMARY (mean):
---------------------------------------------------------------------------------------
%Time    Exclusive    Inclusive       #Call      #Subrs  Inclusive Name
              msec   total msec                          usec/call 
---------------------------------------------------------------------------------------
100.0       0.0048       14,792           1           1   14792372 .TAU application
100.0        0.588       14,792           1      419.01   14792367 MPSP 
 91.4            2       13,521         401        2406      33720 ADI 
 23.9          848        3,529         402        5628       8779 COPY_FACES 
 22.6          917        3,335         401       29674       8318 Z_SOLVE 
 20.3        1,002        2,999         401       29674       7481 Y_SOLVE 
 19.9        2,936        2,936       22056           0        133 MPI_Waitall() 
 19.4        1,234        2,876         401       29674       7174 X_SOLVE 
 14.2        2,100        2,100         402           0       5226 COMPUTE_RHS 
  9.6        1,426        1,426        4010           0        356 LHSZ 
  5.9          869          869        4010           0        217 LHSY 
  5.6          832          832        4010           0        208 LHSX 
  3.6          534          534           1           0     534768 MPI_Finalize() 
  3.4        0.027          499           1           5     499521 SETUP_MPI 
  3.4          498          498           1           0     498281 MPI_Init() 
  2.7          398          398         401           0        995 TXINVR 
  2.6          387          387         401           0        966 ADD 
  1.8          269          269        4010           0         67 TZETAR 
  1.2          173          173       24066           0          7 MPI_Isend() 
  1.0           66          146           2      513333      73338 INITIALIZE 
  0.7          108          108      707912           0          0 EXACT_SOLUTION 
  0.3           50           50       24066           0          2 MPI_Irecv() 
  0.3           21           43           1      152064      43547 EXACT_RHS 
  0.3           39           39        4010           0         10 PINVR 
  0.3           38           38        4010           0         10 NINVR 
  0.3       0.0151           37           1           3      37630 VERIFY 
  0.2            4           23           1     42516.3      23912 ERROR_NORM 
  0.1           17           17           2           0       8908 MPI_Allreduce() 
  0.0        0.219            5           1           1       5133 RHS_NORM 
  0.0            3            3           1           0       3346 ALLOC_SPACE 
  0.0            2            2           2           0       1083 MPI_Barrier() 
  0.0            1            1           1           0       1677 LHSINIT 
  0.0            1            1           2           0        607 MPI_Comm_dup() 
  0.0        0.895        0.895           4           0        224 MPI_Bcast() 
  0.0       0.0149       0.0149           1           0         15 MPI_Reduce() 
  0.0       0.0017       0.0017           1           0          2 SET_CONSTANTS 
  0.0      0.00169      0.00169           1           0          2 MAKE_SET 
  0.0      0.00048      0.00048           1           0          0 COMPUTE_BUFFER_SIZE 
  0.0      0.00039      0.00039           1           0          0 MPI_Comm_size() 
  0.0      0.00018      0.00018           1           0          0 MPI_Comm_rank() 
  0.0        1E-05        1E-05        0.01           0          1 SET_CLASS 
