Reading Profile files in profile.*

FUNCTION SUMMARY (total):
---------------------------------------------------------------------------------------
%Time    Exclusive    Inclusive       #Call      #Subrs  Inclusive Name
              msec   total msec                          usec/call 
---------------------------------------------------------------------------------------
100.0        0.005  3:05:32.825           1           1 11132825979 .TAU application
100.0        0.215  3:05:32.825           1          18 11132825974 APPLU 
 97.8     4:43.697  3:01:29.798           2 1.98952E+08 5444899356 SSOR 
 26.7    49:28.984    49:28.985         303         606    9798631 RHS 
 17.7    32:50.673    32:50.673 4.96156E+07           0         40 JACLD 
 17.2    31:50.926    31:50.926 4.96156E+07           0         39 BLTS 
 16.9    31:22.909    31:22.909 4.96156E+07           0         38 BUTS 
 16.8    31:11.611    31:11.611 4.96156E+07           0         38 JACU 
  1.9     1:24.495     3:27.306           2 8.03081E+08  103653407 SETIV 
  1.2     2:13.925     2:13.925 8.72002E+08           0          0 EXACT 
  0.2        7,496       17,706           1 6.69234E+07   17706309 ERROR 
  0.1       13,295       13,295           1           2   13295027 ERHS 
  0.0        3,065        3,065           1           0    3065456 MPI_Finalize() 
  0.0          204        1,108           2 1.99757E+06     554352 SETBV 
  0.0          914          914           4           4     228561 L2NORM 
  0.0        0.042          532           1           3     532230 INIT_COMM 
  0.0          532          532           1           0     532188 MPI_Init() 
  0.0           81           81      488824           0          0 EXCHANGE_1 
  0.0            9            9           1           8       9564 PINTGR 
  0.0            2            2           1           0       2181 ALLOC_SPACE 
  0.0        0.778        0.778         608           0          1 EXCHANGE_3 
  0.0        0.569        0.584           1           2        584 READ_INPUT 
  0.0        0.176        0.176           1           0        176 VERIFY 
  0.0        0.081        0.081          10           0          8 MPI_Allreduce() 
  0.0        0.007        0.015           1          10         15 BCAST_INPUTS 
  0.0        0.008        0.008          10           0          1 MPI_Bcast() 
  0.0        0.002        0.002           2           0          1 MPI_Barrier() 
  0.0        0.002        0.002           1           1          2 PROC_GRID 
  0.0        0.001        0.001           1           0          1 SETCOEFF 
  0.0            0            0           1           0          0 EXCHANGE_4 
  0.0            0            0           2           0          0 EXCHANGE_5 
  0.0            0            0           2           0          0 EXCHANGE_6 
  0.0            0            0           1           0          0 ISQRT2 
  0.0            0            0           1           0          0 MPI_Comm_rank() 
  0.0            0            0           1           0          0 MPI_Comm_size() 
  0.0            0            0           1           0          0 NEIGHBORS 
  0.0            0            0           1           0          0 SET_CLASS 
  0.0            0            0           1           0          0 SUBDOMAIN 

FUNCTION SUMMARY (mean):
---------------------------------------------------------------------------------------
%Time    Exclusive    Inclusive       #Call      #Subrs  Inclusive Name
              msec   total msec                          usec/call 
---------------------------------------------------------------------------------------
100.0        0.005  3:05:32.825           1           1 11132825979 .TAU application
100.0        0.215  3:05:32.825           1          18 11132825974 APPLU 
 97.8     4:43.697  3:01:29.798           2 1.98952E+08 5444899356 SSOR 
 26.7    49:28.984    49:28.985         303         606    9798631 RHS 
 17.7    32:50.673    32:50.673 4.96156E+07           0         40 JACLD 
 17.2    31:50.926    31:50.926 4.96156E+07           0         39 BLTS 
 16.9    31:22.909    31:22.909 4.96156E+07           0         38 BUTS 
 16.8    31:11.611    31:11.611 4.96156E+07           0         38 JACU 
  1.9     1:24.495     3:27.306           2 8.03081E+08  103653407 SETIV 
  1.2     2:13.925     2:13.925 8.72002E+08           0          0 EXACT 
  0.2        7,496       17,706           1 6.69234E+07   17706309 ERROR 
  0.1       13,295       13,295           1           2   13295027 ERHS 
  0.0        3,065        3,065           1           0    3065456 MPI_Finalize() 
  0.0          204        1,108           2 1.99757E+06     554352 SETBV 
  0.0          914          914           4           4     228561 L2NORM 
  0.0        0.042          532           1           3     532230 INIT_COMM 
  0.0          532          532           1           0     532188 MPI_Init() 
  0.0           81           81      488824           0          0 EXCHANGE_1 
  0.0            9            9           1           8       9564 PINTGR 
  0.0            2            2           1           0       2181 ALLOC_SPACE 
  0.0        0.778        0.778         608           0          1 EXCHANGE_3 
  0.0        0.569        0.584           1           2        584 READ_INPUT 
  0.0        0.176        0.176           1           0        176 VERIFY 
  0.0        0.081        0.081          10           0          8 MPI_Allreduce() 
  0.0        0.007        0.015           1          10         15 BCAST_INPUTS 
  0.0        0.008        0.008          10           0          1 MPI_Bcast() 
  0.0        0.002        0.002           2           0          1 MPI_Barrier() 
  0.0        0.002        0.002           1           1          2 PROC_GRID 
  0.0        0.001        0.001           1           0          1 SETCOEFF 
  0.0            0            0           1           0          0 EXCHANGE_4 
  0.0            0            0           2           0          0 EXCHANGE_5 
  0.0            0            0           2           0          0 EXCHANGE_6 
  0.0            0            0           1           0          0 ISQRT2 
  0.0            0            0           1           0          0 MPI_Comm_rank() 
  0.0            0            0           1           0          0 MPI_Comm_size() 
  0.0            0            0           1           0          0 NEIGHBORS 
  0.0            0            0           1           0          0 SET_CLASS 
  0.0            0            0           1           0          0 SUBDOMAIN 
