Reading Profile files in profile.*

FUNCTION SUMMARY (total):
---------------------------------------------------------------------------------------
%Time    Exclusive    Inclusive       #Call      #Subrs  Inclusive Name
              msec   total msec                          usec/call 
---------------------------------------------------------------------------------------
100.0        0.074    19:53.316          16          16   74582284 .TAU application
100.0           10    19:53.316          16        6705   74582279 MPSP 
 92.4           33    18:22.712        6416       38496     171869 ADI 
 27.9       24,601     5:32.741        6432       90048      51732 COPY_FACES 
 24.8     4:56.191     4:56.191        6432           0      46050 COMPUTE_RHS 
 23.2     1:38.383     4:37.408        6416      166816      43237 Z_SOLVE 
 18.8     2:13.797     3:43.821        6416      166816      34885 X_SOLVE 
 17.7     1:47.682     3:30.964        6416      166816      32881 Y_SOLVE 
 11.7     2:19.509     2:19.509       25664           0       5436 LHSZ 
  7.4     1:28.457     1:28.457       25664           0       3447 LHSY 
  5.9     1:10.023     1:10.023       25664           0       2728 LHSX 
  5.4     1:04.639     1:04.639          16           0    4040000 MPI_Finalize() 
  4.0       48,245       48,245      121920           0        396 MPI_Waitall() 
  2.6       30,922       30,922        6416           0       4820 TXINVR 
  2.3       27,645       27,645        6416           0       4309 ADD 
  2.1       24,856       24,856       25664           0        969 TZETAR 
  1.1        5,575       12,790          32 5.13333E+07     399717 INITIALIZE 
  0.8        9,697        9,697  6.8948E+07           0          0 EXACT_SOLUTION 
  0.6        0.446        7,153          16          80     447094 SETUP_MPI 
  0.6        7,145        7,145          16           0     446602 MPI_Init() 
  0.5        6,245        6,245       25664           0        243 PINVR 
  0.5        5,697        5,697       25664           0        222 NINVR 
  0.3        1,862        3,747          16 1.33632E+07     234190 EXACT_RHS 
  0.2        0.409        1,942          16          48     121379 VERIFY 
  0.1          478        1,085          16 4.25154E+06      67827 ERROR_NORM 
  0.1          975          975      154080           0          6 MPI_Isend() 
  0.0          269          269      154080           0          2 MPI_Irecv() 
  0.0          166          166          16           0      10377 LHSINIT 
  0.0          101          101          16           0       6317 ALLOC_SPACE 
  0.0           45           45          32           0       1437 MPI_Barrier() 
  0.0           24           31          16          16       1939 RHS_NORM 
  0.0           17           17          32           0        536 MPI_Allreduce() 
  0.0            7            7          32           0        232 MPI_Comm_dup() 
  0.0            6            6          64           0        103 MPI_Bcast() 
  0.0        0.207        0.207          16           0         13 MPI_Reduce() 
  0.0        0.023        0.023          16           0          1 SET_CONSTANTS 
  0.0        0.017        0.017          16           0          1 MAKE_SET 
  0.0        0.012        0.012          16           0          1 COMPUTE_BUFFER_SIZE 
  0.0        0.004        0.004          16           0          0 MPI_Comm_rank() 
  0.0        0.003        0.003          16           0          0 MPI_Comm_size() 
  0.0        0.001        0.001           1           0          1 SET_CLASS 

FUNCTION SUMMARY (mean):
---------------------------------------------------------------------------------------
%Time    Exclusive    Inclusive       #Call      #Subrs  Inclusive Name
              msec   total msec                          usec/call 
---------------------------------------------------------------------------------------
100.0      0.00462     1:14.582           1           1   74582284 .TAU application
100.0        0.672     1:14.582           1     419.062   74582279 MPSP 
 92.4            2     1:08.919         401        2406     171869 ADI 
 27.9        1,537       20,796         402        5628      51732 COPY_FACES 
 24.8       18,511       18,511         402           0      46050 COMPUTE_RHS 
 23.2        6,148       17,338         401       10426      43237 Z_SOLVE 
 18.8        8,362       13,988         401       10426      34885 X_SOLVE 
 17.7        6,730       13,185         401       10426      32881 Y_SOLVE 
 11.7        8,719        8,719        1604           0       5436 LHSZ 
  7.4        5,528        5,528        1604           0       3447 LHSY 
  5.9        4,376        4,376        1604           0       2728 LHSX 
  5.4        4,039        4,039           1           0    4040000 MPI_Finalize() 
  4.0        3,015        3,015        7620           0        396 MPI_Waitall() 
  2.6        1,932        1,932         401           0       4820 TXINVR 
  2.3        1,727        1,727         401           0       4309 ADD 
  2.1        1,553        1,553        1604           0        969 TZETAR 
  1.1          348          799           2 3.20833E+06     399717 INITIALIZE 
  0.8          606          606 4.30925E+06           0          0 EXACT_SOLUTION 
  0.6       0.0279          447           1           5     447094 SETUP_MPI 
  0.6          446          446           1           0     446602 MPI_Init() 
  0.5          390          390        1604           0        243 PINVR 
  0.5          356          356        1604           0        222 NINVR 
  0.3          116          234           1      835200     234190 EXACT_RHS 
  0.2       0.0256          121           1           3     121379 VERIFY 
  0.1           29           67           1      265722      67827 ERROR_NORM 
  0.1           60           60        9630           0          6 MPI_Isend() 
  0.0           16           16        9630           0          2 MPI_Irecv() 
  0.0           10           10           1           0      10377 LHSINIT 
  0.0            6            6           1           0       6317 ALLOC_SPACE 
  0.0            2            2           2           0       1437 MPI_Barrier() 
  0.0            1            1           1           1       1939 RHS_NORM 
  0.0            1            1           2           0        536 MPI_Allreduce() 
  0.0        0.463        0.463           2           0        232 MPI_Comm_dup() 
  0.0         0.41         0.41           4           0        103 MPI_Bcast() 
  0.0       0.0129       0.0129           1           0         13 MPI_Reduce() 
  0.0      0.00144      0.00144           1           0          1 SET_CONSTANTS 
  0.0      0.00106      0.00106           1           0          1 MAKE_SET 
  0.0      0.00075      0.00075           1           0          1 COMPUTE_BUFFER_SIZE 
  0.0      0.00025      0.00025           1           0          0 MPI_Comm_rank() 
  0.0     0.000188     0.000188           1           0          0 MPI_Comm_size() 
  0.0     6.25E-05     6.25E-05      0.0625           0          1 SET_CLASS 
