Reading Profile files in profile.*

FUNCTION SUMMARY (total):
---------------------------------------------------------------------------------------
%Time    Exclusive    Inclusive       #Call      #Subrs  Inclusive Name
              msec   total msec                          usec/call 
---------------------------------------------------------------------------------------
100.0        0.942     9:25.277         128         128    4416228 .TAU application
100.0          214     9:25.276         128      127488    4416221 CG 
 52.7     3:09.576     4:57.999        9728 9.86419E+06      30633 CONJ_GRAD 
 24.6        6,849     2:18.950         128 3.84001E+07    1085551 MAKEA 
 22.7     1:04.015     2:08.046    1.92E+07 5.03826E+08          7 SPRNVC 
 11.8     1:06.637     1:06.637 3.32698E+06           0         20 MPI_Send() 
 11.3            6     1:04.045         128         512     500353 INITIALIZE_MPI 
 11.3     1:04.030     1:04.030 5.03826E+08           0          0 ICNVRT 
 11.3     1:03.917     1:03.917         128           0     499356 MPI_Init() 
 11.3     1:03.698     1:03.698         128           0     497647 MPI_Finalize() 
  6.6       37,465       37,465 3.32698E+06           0         11 MPI_Wait() 
  0.8        4,389        4,389 3.32698E+06           0          1 MPI_Irecv() 
  0.5        2,785        2,785    1.92E+07           0          0 VECSET 
  0.2        1,269        1,269         128           0       9920 SPARSE 
  0.0          249          249         128           0       1947 ALLOC_SPACE 
  0.0          120          120         128           0        943 MPI_Bcast() 
  0.0           36           36         128           0        288 MPI_Barrier() 
  0.0           12           12         128           0         96 MPI_Reduce() 
  0.0         0.09         0.09         128           0          1 SETUP_SUBMATRIX_INFO 
  0.0        0.067        0.067         128           0          1 MPI_Comm_size() 
  0.0        0.039        0.039         128           0          0 SETUP_PROC_INFO 
  0.0        0.033        0.033         128           0          0 MPI_Comm_rank() 

FUNCTION SUMMARY (mean):
---------------------------------------------------------------------------------------
%Time    Exclusive    Inclusive       #Call      #Subrs  Inclusive Name
              msec   total msec                          usec/call 
---------------------------------------------------------------------------------------
100.0      0.00736        4,416           1           1    4416228 .TAU application
100.0            1        4,416           1         996    4416221 CG 
 52.7        1,481        2,328          76       77064      30633 CONJ_GRAD 
 24.6           53        1,085           1      300001    1085551 MAKEA 
 22.7          500        1,000      150000 3.93614E+06          7 SPRNVC 
 11.8          520          520       25992           0         20 MPI_Send() 
 11.3        0.053          500           1           4     500353 INITIALIZE_MPI 
 11.3          500          500 3.93614E+06           0          0 ICNVRT 
 11.3          499          499           1           0     499356 MPI_Init() 
 11.3          497          497           1           0     497647 MPI_Finalize() 
  6.6          292          292       25992           0         11 MPI_Wait() 
  0.8           34           34       25992           0          1 MPI_Irecv() 
  0.5           21           21      150000           0          0 VECSET 
  0.2            9            9           1           0       9920 SPARSE 
  0.0            1            1           1           0       1947 ALLOC_SPACE 
  0.0        0.943        0.943           1           0        943 MPI_Bcast() 
  0.0        0.288        0.288           1           0        288 MPI_Barrier() 
  0.0       0.0961       0.0961           1           0         96 MPI_Reduce() 
  0.0     0.000703     0.000703           1           0          1 SETUP_SUBMATRIX_INFO 
  0.0     0.000523     0.000523           1           0          1 MPI_Comm_size() 
  0.0     0.000305     0.000305           1           0          0 SETUP_PROC_INFO 
  0.0     0.000258     0.000258           1           0          0 MPI_Comm_rank() 
