Reading Profile files in profile.*

FUNCTION SUMMARY (total):
---------------------------------------------------------------------------------------
%Time    Exclusive    Inclusive       #Call      #Subrs  Inclusive Name
              msec   total msec                          usec/call 
---------------------------------------------------------------------------------------
100.0            1     6:51.247         256         256    1606437 .TAU application
100.0           43     6:51.246         256      107265    1606433 MPSP 
 33.8          139     2:18.882      102656      615936       1353 ADI 
 33.3            6     2:17.069         256        1280     535429 SETUP_MPI 
 33.2     2:16.685     2:16.685         256           0     533928 MPI_Init() 
 32.3     2:12.634     2:12.634         256           0     518104 MPI_Finalize() 
 13.5       55,498       55,498 9.34195E+06           0          6 MPI_Waitall() 
  9.5        7,540       39,004      102912 1.44077E+06        379 COPY_FACES 
  8.8        8,059       36,112      102656  1.2524E+07        352 Y_SOLVE 
  7.6        7,015       31,255      102656  1.2524E+07        304 X_SOLVE 
  7.3        8,074       30,022      102656  1.2524E+07        292 Z_SOLVE 
  4.7       19,153       19,153      102912           0        186 COMPUTE_RHS 
  2.4        9,921        9,921 9.85651E+06           0          1 MPI_Isend() 
  1.4        5,876        5,876  1.6425E+06           0          4 LHSX 
  1.1        4,409        4,409  1.6425E+06           0          3 LHSZ 
  1.1        4,384        4,384  1.6425E+06           0          3 LHSY 
  0.8        3,215        3,215 9.85651E+06           0          0 MPI_Irecv() 
  0.4        1,677        1,677  1.6425E+06           0          1 TZETAR 
  0.4        1,530        1,530      102656           0         15 TXINVR 
  0.3          584        1,170         512 3.19488E+06       2286 INITIALIZE 
  0.2          911          911      102656           0          9 ADD 
  0.2          885          885 4.88699E+06           0          0 EXACT_SOLUTION 
  0.2          795          795  1.6425E+06           0          0 PINVR 
  0.2          771          771  1.6425E+06           0          0 NINVR 
  0.1          305          568         256 1.42997E+06       2221 EXACT_RHS 
  0.1          386          386         512           0        755 MPI_Barrier() 
  0.1          377          377         512           0        738 MPI_Comm_dup() 
  0.1            1          249         256         768        976 VERIFY 
  0.0          180          180        1024           0        176 MPI_Bcast() 
  0.0           31          138         256      262400        542 ERROR_NORM 
  0.0           84           84         512           0        166 MPI_Allreduce() 
  0.0           41           41         256           0        163 LHSINIT 
  0.0            1           16         256         256         66 RHS_NORM 
  0.0           15           15         256           0         61 ALLOC_SPACE 
  0.0            2            2         256           0         11 MPI_Reduce() 
  0.0        0.453        0.453         256           0          2 SET_CONSTANTS 
  0.0        0.253        0.253         256           0          1 MAKE_SET 
  0.0        0.147        0.147         256           0          1 COMPUTE_BUFFER_SIZE 
  0.0        0.101        0.101         256           0          0 MPI_Comm_size() 
  0.0         0.05         0.05         256           0          0 MPI_Comm_rank() 
  0.0            0            0           1           0          0 SET_CLASS 

FUNCTION SUMMARY (mean):
---------------------------------------------------------------------------------------
%Time    Exclusive    Inclusive       #Call      #Subrs  Inclusive Name
              msec   total msec                          usec/call 
---------------------------------------------------------------------------------------
100.0      0.00482        1,606           1           1    1606437 .TAU application
100.0        0.169        1,606           1     419.004    1606433 MPSP 
 33.8        0.545          542         401        2406       1353 ADI 
 33.3       0.0244          535           1           5     535429 SETUP_MPI 
 33.2          533          533           1           0     533928 MPI_Init() 
 32.3          518          518           1           0     518104 MPI_Finalize() 
 13.5          216          216       36492           0          6 MPI_Waitall() 
  9.5           29          152         402        5628        379 COPY_FACES 
  8.8           31          141         401       48922        352 Y_SOLVE 
  7.6           27          122         401       48922        304 X_SOLVE 
  7.3           31          117         401       48922        292 Z_SOLVE 
  4.7           74           74         402           0        186 COMPUTE_RHS 
  2.4           38           38       38502           0          1 MPI_Isend() 
  1.4           22           22        6416           0          4 LHSX 
  1.1           17           17        6416           0          3 LHSZ 
  1.1           17           17        6416           0          3 LHSY 
  0.8           12           12       38502           0          0 MPI_Irecv() 
  0.4            6            6        6416           0          1 TZETAR 
  0.4            5            5         401           0         15 TXINVR 
  0.3            2            4           2       12480       2286 INITIALIZE 
  0.2            3            3         401           0          9 ADD 
  0.2            3            3     19089.8           0          0 EXACT_SOLUTION 
  0.2            3            3        6416           0          0 PINVR 
  0.2            3            3        6416           0          0 NINVR 
  0.1            1            2           1     5585.81       2221 EXACT_RHS 
  0.1            1            1           2           0        755 MPI_Barrier() 
  0.1            1            1           2           0        738 MPI_Comm_dup() 
  0.1      0.00562        0.976           1           3        976 VERIFY 
  0.0        0.704        0.704           4           0        176 MPI_Bcast() 
  0.0        0.125        0.542           1        1025        542 ERROR_NORM 
  0.0        0.332        0.332           2           0        166 MPI_Allreduce() 
  0.0        0.163        0.163           1           0        163 LHSINIT 
  0.0      0.00459       0.0656           1           1         66 RHS_NORM 
  0.0       0.0611       0.0611           1           0         61 ALLOC_SPACE 
  0.0       0.0109       0.0109           1           0         11 MPI_Reduce() 
  0.0      0.00177      0.00177           1           0          2 SET_CONSTANTS 
  0.0     0.000988     0.000988           1           0          1 MAKE_SET 
  0.0     0.000574     0.000574           1           0          1 COMPUTE_BUFFER_SIZE 
  0.0     0.000395     0.000395           1           0          0 MPI_Comm_size() 
  0.0     0.000195     0.000195           1           0          0 MPI_Comm_rank() 
  0.0            0            0  0.00390625           0          0 SET_CLASS 
