Reading Profile files in profile.*

FUNCTION SUMMARY (total):
---------------------------------------------------------------------------------------
%Time    Exclusive    Inclusive       #Call      #Subrs  Inclusive Name
              msec   total msec                          usec/call 
---------------------------------------------------------------------------------------
100.0        0.829     4:39.702         169         169    1655046 .TAU application
100.0           28     4:39.701         169       70812    1655041 MPSP 
 34.9           90     1:37.623       67769      406614       1441 ADI 
 32.8            4     1:31.728         169         845     542770 SETUP_MPI 
 32.7     1:31.487     1:31.487         169           0     541347 MPI_Init() 
 31.4     1:27.731     1:27.731         169           0     519119 MPI_Finalize() 
 11.9       33,158       33,158 4.94731E+06           0          7 MPI_Waitall() 
 10.8        5,050       30,282       67938      951132        446 COPY_FACES 
  8.4        6,312       23,456       67769 6.64136E+06        346 Y_SOLVE 
  7.6        5,566       21,288       67769 6.64136E+06        314 X_SOLVE 
  7.4        6,330       20,659       67769 6.64136E+06        305 Z_SOLVE 
  5.9       16,403       16,403       67938           0        241 COMPUTE_RHS 
  2.3        6,396        6,396   5.287E+06           0          1 MPI_Isend() 
  1.7        4,759        4,759      880997           0          5 LHSX 
  1.3        3,649        3,649      880997           0          4 LHSY 
  1.3        3,605        3,605      880997           0          4 LHSZ 
  0.7        1,913        1,913   5.287E+06           0          0 MPI_Irecv() 
  0.5        1,315        1,315      880997           0          1 TZETAR 
  0.4        1,213        1,213       67769           0         18 TXINVR 
  0.4          565        1,173         338 3.19488E+06       3472 INITIALIZE 
  0.3          891          891 4.74861E+06           0          0 EXACT_SOLUTION 
  0.3          715          715       67769           0         11 ADD 
  0.2          620          620      880997           0          1 PINVR 
  0.2          603          603      880997           0          1 NINVR 
  0.2          284          531         169 1.29158E+06       3143 EXACT_RHS 
  0.2            1          426         169         507       2521 VERIFY 
  0.1          299          299         338           0        886 MPI_Barrier() 
  0.1          271          271         338           0        802 MPI_Allreduce() 
  0.1          235          235         338           0        698 MPI_Comm_dup() 
  0.1            1          182         169         169       1082 RHS_NORM 
  0.1           31          157         169      262313        930 ERROR_NORM 
  0.0          123          123         676           0        183 MPI_Bcast() 
  0.0           24           24         169           0        142 LHSINIT 
  0.0           10           10         169           0         59 ALLOC_SPACE 
  0.0            2            2         169           0         13 MPI_Reduce() 
  0.0        0.286        0.286         169           0          2 SET_CONSTANTS 
  0.0        0.156        0.156         169           0          1 MAKE_SET 
  0.0        0.076        0.076         169           0          0 COMPUTE_BUFFER_SIZE 
  0.0        0.073        0.073         169           0          0 MPI_Comm_size() 
  0.0        0.041        0.041         169           0          0 MPI_Comm_rank() 
  0.0            0            0           1           0          0 SET_CLASS 

FUNCTION SUMMARY (mean):
---------------------------------------------------------------------------------------
%Time    Exclusive    Inclusive       #Call      #Subrs  Inclusive Name
              msec   total msec                          usec/call 
---------------------------------------------------------------------------------------
100.0      0.00491        1,655           1           1    1655046 .TAU application
100.0         0.17        1,655           1     419.006    1655041 MPSP 
 34.9        0.536          577         401        2406       1441 ADI 
 32.8       0.0267          542           1           5     542770 SETUP_MPI 
 32.7          541          541           1           0     541347 MPI_Init() 
 31.4          519          519           1           0     519119 MPI_Finalize() 
 11.9          196          196       29274           0          7 MPI_Waitall() 
 10.8           29          179         402        5628        446 COPY_FACES 
  8.4           37          138         401       39298        346 Y_SOLVE 
  7.6           32          125         401       39298        314 X_SOLVE 
  7.4           37          122         401       39298        305 Z_SOLVE 
  5.9           97           97         402           0        241 COMPUTE_RHS 
  2.3           37           37       31284           0          1 MPI_Isend() 
  1.7           28           28        5213           0          5 LHSX 
  1.3           21           21        5213           0          4 LHSY 
  1.3           21           21        5213           0          4 LHSZ 
  0.7           11           11       31284           0          0 MPI_Irecv() 
  0.5            7            7        5213           0          1 TZETAR 
  0.4            7            7         401           0         18 TXINVR 
  0.4            3            6           2     18904.6       3472 INITIALIZE 
  0.3            5            5     28098.3           0          0 EXACT_SOLUTION 
  0.3            4            4         401           0         11 ADD 
  0.2            3            3        5213           0          1 PINVR 
  0.2            3            3        5213           0          1 NINVR 
  0.2            1            3           1     7642.51       3143 EXACT_RHS 
  0.2      0.00645            2           1           3       2521 VERIFY 
  0.1            1            1           2           0        886 MPI_Barrier() 
  0.1            1            1           2           0        802 MPI_Allreduce() 
  0.1            1            1           2           0        698 MPI_Comm_dup() 
  0.1      0.00605            1           1           1       1082 RHS_NORM 
  0.1        0.185         0.93           1     1552.15        930 ERROR_NORM 
  0.0        0.731        0.731           4           0        183 MPI_Bcast() 
  0.0        0.142        0.142           1           0        142 LHSINIT 
  0.0       0.0594       0.0594           1           0         59 ALLOC_SPACE 
  0.0       0.0133       0.0133           1           0         13 MPI_Reduce() 
  0.0      0.00169      0.00169           1           0          2 SET_CONSTANTS 
  0.0     0.000923     0.000923           1           0          1 MAKE_SET 
  0.0      0.00045      0.00045           1           0          0 COMPUTE_BUFFER_SIZE 
  0.0     0.000432     0.000432           1           0          0 MPI_Comm_size() 
  0.0     0.000243     0.000243           1           0          0 MPI_Comm_rank() 
  0.0            0            0  0.00591716           0          0 SET_CLASS 
