Reading Profile files in profile.*

FUNCTION SUMMARY (total):
---------------------------------------------------------------------------------------
%Time    Exclusive    Inclusive       #Call      #Subrs  Inclusive Name
              msec   total msec                          usec/call 
---------------------------------------------------------------------------------------
100.0         0.01       55,074           2           2   27537378 .TAU application
100.0        0.257       55,074           2          35   27537372 APPLU 
 66.2        1,659       36,446           4 7.84377E+06    9111728 SSOR 
 30.0       16,513       16,513           2           0    8256538 MPI_Finalize() 
 17.8        9,216        9,786         506        1012      19342 RHS 
 11.4        6,277        6,277 1.92969E+06           0          3 JACU 
 11.3        6,216        6,216 1.92969E+06           0          3 JACLD 
 10.9        6,027        6,027 1.92969E+06           0          3 BLTS 
 10.5        5,797        5,797 1.92969E+06           0          3 BUTS 
  2.3        0.168        1,247           2           6     623940 INIT_COMM 
  2.3        1,247        1,247           2           0     623856 MPI_Init() 
  1.3          303          738           4 2.85994E+06     184510 SETIV 
  1.2           82          676      124496       62248          5 EXCHANGE_1 
  1.0          222          572        1016        1524        563 EXCHANGE_3 
  1.0          542          542       31124           0         17 MPI_Recv() 
  0.9          481          481 3.14742E+06           0          0 EXACT 
  0.5          301          301         511           0        590 MPI_Wait() 
  0.2           99           99       31635           0          3 MPI_Send() 
  0.1           26           63           2      238330      31584 ERROR 
  0.1           40           42           2           4      21380 ERHS 
  0.0            5           16           4       49152       4098 SETBV 
  0.0            2            4           8           8        603 L2NORM 
  0.0        0.972            3           2           3       1522 READ_INPUT 
  0.0            2            2           2           0       1335 ALLOC_SPACE 
  0.0            2            2          20           0        112 MPI_Allreduce() 
  0.0        0.032            2           2          20       1036 BCAST_INPUTS 
  0.0            2            2          20           0        102 MPI_Bcast() 
  0.0        0.903        0.903         511           0          2 MPI_Irecv() 
  0.0        0.331        0.373           2          14        186 PINTGR 
  0.0        0.172        0.172           1           0        172 VERIFY 
  0.0        0.019        0.019           4           0          5 MPI_Barrier() 
  0.0        0.003         0.01           4           6          2 EXCHANGE_5 
  0.0        0.005        0.008           2           3          4 EXCHANGE_4 
  0.0        0.004        0.004           2           2          2 PROC_GRID 
  0.0        0.002        0.002           2           0          1 EXCHANGE_6 
  0.0        0.001        0.001           2           0          0 SETCOEFF 
  0.0        0.001        0.001           1           0          1 SET_CLASS 
  0.0        0.001        0.001           2           0          0 SUBDOMAIN 
  0.0            0            0           2           0          0 ISQRT2 
  0.0            0            0           2           0          0 MPI_Comm_rank() 
  0.0            0            0           2           0          0 MPI_Comm_size() 
  0.0            0            0           2           0          0 NEIGHBORS 

FUNCTION SUMMARY (mean):
---------------------------------------------------------------------------------------
%Time    Exclusive    Inclusive       #Call      #Subrs  Inclusive Name
              msec   total msec                          usec/call 
---------------------------------------------------------------------------------------
100.0        0.005       27,537           1           1   27537378 .TAU application
100.0        0.129       27,537           1        17.5   27537372 APPLU 
 66.2          829       18,223           2 3.92188E+06    9111728 SSOR 
 30.0        8,256        8,256           1           0    8256538 MPI_Finalize() 
 17.8        4,608        4,893         253         506      19342 RHS 
 11.4        3,138        3,138      964844           0          3 JACU 
 11.3        3,108        3,108      964844           0          3 JACLD 
 10.9        3,013        3,013      964844           0          3 BLTS 
 10.5        2,898        2,898      964844           0          3 BUTS 
  2.3        0.084          623           1           3     623940 INIT_COMM 
  2.3          623          623           1           0     623856 MPI_Init() 
  1.3          151          369           2 1.42997E+06     184510 SETIV 
  1.2           41          338       62248       31124          5 EXCHANGE_1 
  1.0          111          286         508         762        563 EXCHANGE_3 
  1.0          271          271       15562           0         17 MPI_Recv() 
  0.9          240          240 1.57371E+06           0          0 EXACT 
  0.5          150          150       255.5           0        590 MPI_Wait() 
  0.2           49           49     15817.5           0          3 MPI_Send() 
  0.1           13           31           1      119165      31584 ERROR 
  0.1           20           21           1           2      21380 ERHS 
  0.0            2            8           2       24576       4098 SETBV 
  0.0            1            2           4           4        603 L2NORM 
  0.0        0.486            1           1         1.5       1522 READ_INPUT 
  0.0            1            1           1           0       1335 ALLOC_SPACE 
  0.0            1            1          10           0        112 MPI_Allreduce() 
  0.0        0.016            1           1          10       1036 BCAST_INPUTS 
  0.0            1            1          10           0        102 MPI_Bcast() 
  0.0        0.452        0.452       255.5           0          2 MPI_Irecv() 
  0.0        0.166        0.186           1           7        186 PINTGR 
  0.0        0.086        0.086         0.5           0        172 VERIFY 
  0.0       0.0095       0.0095           2           0          5 MPI_Barrier() 
  0.0       0.0015        0.005           2           3          2 EXCHANGE_5 
  0.0       0.0025        0.004           1         1.5          4 EXCHANGE_4 
  0.0        0.002        0.002           1           1          2 PROC_GRID 
  0.0        0.001        0.001           1           0          1 EXCHANGE_6 
  0.0       0.0005       0.0005           1           0          0 SETCOEFF 
  0.0       0.0005       0.0005         0.5           0          1 SET_CLASS 
  0.0       0.0005       0.0005           1           0          0 SUBDOMAIN 
  0.0            0            0           1           0          0 ISQRT2 
  0.0            0            0           1           0          0 MPI_Comm_rank() 
  0.0            0            0           1           0          0 MPI_Comm_size() 
  0.0            0            0           1           0          0 NEIGHBORS 
