Reading Profile files in profile.*

FUNCTION SUMMARY (total):
---------------------------------------------------------------------------------------
%Time    Exclusive    Inclusive       #Call      #Subrs  Inclusive Name
              msec   total msec                          usec/call 
---------------------------------------------------------------------------------------
100.0            1     7:09.965         256         256    1679554 .TAU application
100.0           11     7:09.964         256        4353    1679548 APPLU 
 36.8        9,432     2:38.124         512 7.77523E+07     308836 SSOR 
 32.0           10     2:17.497         256         768     537098 INIT_COMM 
 32.0     2:17.486     2:17.486         256           0     537057 MPI_Init() 
 30.8     2:12.396     2:12.396         256           0     517172 MPI_Finalize() 
 22.1        6,733     1:34.899 1.59355E+07  2.9879E+07          6 EXCHANGE_1 
 18.5     1:19.456     1:19.456 1.49395E+07           0          5 MPI_Recv() 
  4.5        8,101       19,287       64768      129536        298 RHS 
  3.1       13,150       13,150 1.51839E+07           0          1 MPI_Send() 
  2.7        2,535       11,527      130048      731520         89 EXCHANGE_3 
  2.2        9,363        9,363 1.54375E+07           0          1 JACLD 
  2.1        9,201        9,201 1.54375E+07           0          1 JACU 
  1.8        7,809        7,809 1.54375E+07           0          1 BLTS 
  1.8        7,660        7,660 1.54375E+07           0          0 BUTS 
  1.0        4,290        4,290      244380           0         18 MPI_Wait() 
  0.2          461        1,032         512 2.85994E+06       2017 SETIV 
  0.1          622          622 3.14742E+06           0          0 EXACT 
  0.1          486          486        2560           0        190 MPI_Allreduce() 
  0.1          105          447         256         512       1749 ERHS 
  0.1            5          350        1024        1024        342 L2NORM 
  0.1            1          299         256         257       1171 READ_INPUT 
  0.1            2          297         256        2560       1164 BCAST_INPUTS 
  0.1          295          295        2560           0        116 MPI_Bcast() 
  0.1          269          269      244380           0          1 MPI_Irecv() 
  0.0           27           77         256      238584        302 ERROR 
  0.0            2           43         256        1088        172 PINTGR 
  0.0           23           23         512           0         47 MPI_Barrier() 
  0.0            8           23         512       49152         47 SETBV 
  0.0            9            9         256           0         36 ALLOC_SPACE 
  0.0        0.405            7         256        1440         30 EXCHANGE_4 
  0.0        0.027        0.591          32          90         18 EXCHANGE_6 
  0.0        0.477        0.529         256         256          2 PROC_GRID 
  0.0        0.019        0.523          32          90         16 EXCHANGE_5 
  0.0        0.194        0.194           1           0        194 VERIFY 
  0.0        0.178        0.178         256           0          1 SETCOEFF 
  0.0        0.124        0.124         256           0          0 MPI_Comm_size() 
  0.0        0.077        0.077         256           0          0 NEIGHBORS 
  0.0         0.07         0.07         256           0          0 MPI_Comm_rank() 
  0.0        0.063        0.063         256           0          0 SUBDOMAIN 
  0.0        0.052        0.052         256           0          0 ISQRT2 
  0.0        0.001        0.001           1           0          1 SET_CLASS 

FUNCTION SUMMARY (mean):
---------------------------------------------------------------------------------------
%Time    Exclusive    Inclusive       #Call      #Subrs  Inclusive Name
              msec   total msec                          usec/call 
---------------------------------------------------------------------------------------
100.0      0.00519        1,679           1           1    1679554 .TAU application
100.0       0.0437        1,679           1     17.0039    1679548 APPLU 
 36.8           36          617           2      303720     308836 SSOR 
 32.0       0.0407          537           1           3     537098 INIT_COMM 
 32.0          537          537           1           0     537057 MPI_Init() 
 30.8          517          517           1           0     517172 MPI_Finalize() 
 22.1           26          370       62248      116715          6 EXCHANGE_1 
 18.5          310          310     58357.5           0          5 MPI_Recv() 
  4.5           31           75         253         506        298 RHS 
  3.1           51           51     59312.1           0          1 MPI_Send() 
  2.7            9           45         508      2857.5         89 EXCHANGE_3 
  2.2           36           36     60302.8           0          1 JACLD 
  2.1           35           35     60302.8           0          1 JACU 
  1.8           30           30     60302.8           0          1 BLTS 
  1.8           29           29     60302.8           0          0 BUTS 
  1.0           16           16     954.609           0         18 MPI_Wait() 
  0.2            1            4           2     11171.6       2017 SETIV 
  0.1            2            2     12294.6           0          0 EXACT 
  0.1            1            1          10           0        190 MPI_Allreduce() 
  0.1        0.413            1           1           2       1749 ERHS 
  0.1       0.0198            1           4           4        342 L2NORM 
  0.1       0.0074            1           1     1.00391       1171 READ_INPUT 
  0.1      0.00855            1           1          10       1164 BCAST_INPUTS 
  0.1            1            1          10           0        116 MPI_Bcast() 
  0.1            1            1     954.609           0          1 MPI_Irecv() 
  0.0        0.108        0.302           1     931.969        302 ERROR 
  0.0       0.0109        0.172           1        4.25        172 PINTGR 
  0.0        0.093        0.093           2           0         47 MPI_Barrier() 
  0.0       0.0323        0.093           2         192         47 SETBV 
  0.0       0.0365       0.0365           1           0         36 ALLOC_SPACE 
  0.0      0.00158       0.0305           1       5.625         30 EXCHANGE_4 
  0.0     0.000105      0.00231       0.125    0.351562         18 EXCHANGE_6 
  0.0      0.00186      0.00207           1           1          2 PROC_GRID 
  0.0     7.42E-05      0.00204       0.125    0.351562         16 EXCHANGE_5 
  0.0     0.000758     0.000758  0.00390625           0        194 VERIFY 
  0.0     0.000695     0.000695           1           0          1 SETCOEFF 
  0.0     0.000484     0.000484           1           0          0 MPI_Comm_size() 
  0.0     0.000301     0.000301           1           0          0 NEIGHBORS 
  0.0     0.000273     0.000273           1           0          0 MPI_Comm_rank() 
  0.0     0.000246     0.000246           1           0          0 SUBDOMAIN 
  0.0     0.000203     0.000203           1           0          0 ISQRT2 
  0.0     3.91E-06     3.91E-06  0.00390625           0          1 SET_CLASS 
