Reading Profile files in profile.*

FUNCTION SUMMARY (total):
---------------------------------------------------------------------------------------
%Time    Exclusive    Inclusive       #Call      #Subrs  Inclusive Name
              msec   total msec                          usec/call 
---------------------------------------------------------------------------------------
100.0        0.022     1:31.861           4           4   22965448 .TAU application
100.0        0.376     1:31.861           4          69   22965442 APPLU 
 57.7       53,009       53,009           4           0   13252463 MPI_Finalize() 
 38.6        1,355       35,416           8 7.96879E+06    4427085 SSOR 
  9.1        7,381        8,345        1012        2024       8247 RHS 
  6.8        6,232        6,232 1.92969E+06           0          3 JACLD 
  6.7        6,142        6,142 1.92969E+06           0          3 JACU 
  6.4        5,891        5,891 1.92969E+06           0          3 BLTS 
  6.3        5,774        5,774 1.92969E+06           0          3 BUTS 
  2.7        0.242        2,503           4          12     625936 INIT_COMM 
  2.7        2,503        2,503           4           0     625874 MPI_Init() 
  1.8          140        1,649      248992      248992          7 EXCHANGE_1 
  1.5        1,392        1,392      124496           0         11 MPI_Recv() 
  1.1          209          985        2032        6096        485 EXCHANGE_3 
  0.8          316          765           8 2.85994E+06      95665 SETIV 
  0.7          623          623        2040           0        306 MPI_Wait() 
  0.5          498          498 3.14742E+06           0          0 EXACT 
  0.3          267          267      126536           0          2 MPI_Send() 
  0.1           49           70           4           8      17588 ERHS 
  0.1           26           63           4      238332      15846 ERROR 
  0.0           22           22          40           0        559 MPI_Allreduce() 
  0.0            8           21           8       49152       2670 SETBV 
  0.0            2           14          16          16        896 L2NORM 
  0.0            7            7           4           0       1775 ALLOC_SPACE 
  0.0        0.655            3           4           5        754 READ_INPUT 
  0.0        0.035            2           4          40        590 BCAST_INPUTS 
  0.0            2            2          40           0         58 MPI_Bcast() 
  0.0            2            2        2040           0          1 MPI_Irecv() 
  0.0        0.263        0.392           4          24         98 PINTGR 
  0.0        0.182        0.182           1           0        182 VERIFY 
  0.0        0.074        0.074           8           0          9 MPI_Barrier() 
  0.0         0.01        0.029           4          12          7 EXCHANGE_4 
  0.0        0.005        0.012           4           6          3 EXCHANGE_5 
  0.0        0.004         0.01           4           6          2 EXCHANGE_6 
  0.0        0.008         0.01           4           4          2 PROC_GRID 
  0.0        0.004        0.004           4           0          1 SETCOEFF 
  0.0        0.003        0.003           4           0          1 MPI_Comm_size() 
  0.0        0.002        0.002           4           0          0 ISQRT2 
  0.0        0.001        0.001           4           0          0 MPI_Comm_rank() 
  0.0        0.001        0.001           4           0          0 NEIGHBORS 
  0.0        0.001        0.001           1           0          1 SET_CLASS 
  0.0        0.001        0.001           4           0          0 SUBDOMAIN 

FUNCTION SUMMARY (mean):
---------------------------------------------------------------------------------------
%Time    Exclusive    Inclusive       #Call      #Subrs  Inclusive Name
              msec   total msec                          usec/call 
---------------------------------------------------------------------------------------
100.0       0.0055       22,965           1           1   22965448 .TAU application
100.0        0.094       22,965           1       17.25   22965442 APPLU 
 57.7       13,252       13,252           1           0   13252463 MPI_Finalize() 
 38.6          338        8,854           2  1.9922E+06    4427085 SSOR 
  9.1        1,845        2,086         253         506       8247 RHS 
  6.8        1,558        1,558      482422           0          3 JACLD 
  6.7        1,535        1,535      482422           0          3 JACU 
  6.4        1,472        1,472      482422           0          3 BLTS 
  6.3        1,443        1,443      482422           0          3 BUTS 
  2.7       0.0605          625           1           3     625936 INIT_COMM 
  2.7          625          625           1           0     625874 MPI_Init() 
  1.8           35          412       62248       62248          7 EXCHANGE_1 
  1.5          348          348       31124           0         11 MPI_Recv() 
  1.1           52          246         508        1524        485 EXCHANGE_3 
  0.8           79          191           2      714984      95665 SETIV 
  0.7          155          155         510           0        306 MPI_Wait() 
  0.5          124          124      786854           0          0 EXACT 
  0.3           66           66       31634           0          2 MPI_Send() 
  0.1           12           17           1           2      17588 ERHS 
  0.1            6           15           1       59583      15846 ERROR 
  0.0            5            5          10           0        559 MPI_Allreduce() 
  0.0            2            5           2       12288       2670 SETBV 
  0.0        0.554            3           4           4        896 L2NORM 
  0.0            1            1           1           0       1775 ALLOC_SPACE 
  0.0        0.164        0.754           1        1.25        754 READ_INPUT 
  0.0      0.00875         0.59           1          10        590 BCAST_INPUTS 
  0.0        0.582        0.582          10           0         58 MPI_Bcast() 
  0.0        0.509        0.509         510           0          1 MPI_Irecv() 
  0.0       0.0658        0.098           1           6         98 PINTGR 
  0.0       0.0455       0.0455        0.25           0        182 VERIFY 
  0.0       0.0185       0.0185           2           0          9 MPI_Barrier() 
  0.0       0.0025      0.00725           1           3          7 EXCHANGE_4 
  0.0      0.00125        0.003           1         1.5          3 EXCHANGE_5 
  0.0        0.001       0.0025           1         1.5          2 EXCHANGE_6 
  0.0        0.002       0.0025           1           1          2 PROC_GRID 
  0.0        0.001        0.001           1           0          1 SETCOEFF 
  0.0      0.00075      0.00075           1           0          1 MPI_Comm_size() 
  0.0       0.0005       0.0005           1           0          0 ISQRT2 
  0.0      0.00025      0.00025           1           0          0 MPI_Comm_rank() 
  0.0      0.00025      0.00025           1           0          0 NEIGHBORS 
  0.0      0.00025      0.00025        0.25           0          1 SET_CLASS 
  0.0      0.00025      0.00025           1           0          0 SUBDOMAIN 
