Reading Profile files in profile.*

FUNCTION SUMMARY (total):
---------------------------------------------------------------------------------------
%Time    Exclusive    Inclusive       #Call      #Subrs  Inclusive Name
              msec   total msec                          usec/call 
---------------------------------------------------------------------------------------
100.0            2    12:30.632         256         256    2932156 .TAU application
100.0          206    12:30.629         256      254976    2932148 CG 
 40.3       56,879     5:02.824       19456 1.97284E+07      15565 CONJ_GRAD 
 26.6           13     3:19.412         256        1024     778954 INITIALIZE_MPI 
 26.5     3:19.196     3:19.196         256           0     778112 MPI_Init() 
 26.3     3:17.175     3:17.175 6.65395E+06           0         30 MPI_Wait() 
 17.5        6,624     2:11.729         256 3.84003E+07     514570 MAKEA 
 16.2     1:01.865     2:01.592    1.92E+07 4.36738E+08          6 SPRNVC 
 15.5     1:56.160     1:56.160         256           0     453751 MPI_Finalize() 
  8.0       59,727       59,727 4.36738E+08           0          0 ICNVRT 
  6.1       46,160       46,160 6.65395E+06           0          7 MPI_Send() 
  0.4        2,956        2,956    1.92E+07           0          0 VECSET 
  0.4        2,801        2,801 6.65395E+06           0          0 MPI_Irecv() 
  0.1          555          555         256           0       2171 SPARSE 
  0.0          202          202         256           0        789 MPI_Bcast() 
  0.0           75           75         256           0        295 MPI_Barrier() 
  0.0           15           15         256           0         60 ALLOC_SPACE 
  0.0           12           12         256           0         48 MPI_Reduce() 
  0.0        0.127        0.127         256           0          0 MPI_Comm_size() 
  0.0        0.115        0.115         256           0          0 SETUP_SUBMATRIX_INFO 
  0.0        0.071        0.071         256           0          0 SETUP_PROC_INFO 
  0.0        0.047        0.047         256           0          0 MPI_Comm_rank() 

FUNCTION SUMMARY (mean):
---------------------------------------------------------------------------------------
%Time    Exclusive    Inclusive       #Call      #Subrs  Inclusive Name
              msec   total msec                          usec/call 
---------------------------------------------------------------------------------------
100.0      0.00855        2,932           1           1    2932156 .TAU application
100.0        0.806        2,932           1         996    2932148 CG 
 40.3          222        1,182          76       77064      15565 CONJ_GRAD 
 26.6       0.0527          778           1           4     778954 INITIALIZE_MPI 
 26.5          778          778           1           0     778112 MPI_Init() 
 26.3          770          770       25992           0         30 MPI_Wait() 
 17.5           25          514           1      150001     514570 MAKEA 
 16.2          241          474       75000 1.70601E+06          6 SPRNVC 
 15.5          453          453           1           0     453751 MPI_Finalize() 
  8.0          233          233 1.70601E+06           0          0 ICNVRT 
  6.1          180          180       25992           0          7 MPI_Send() 
  0.4           11           11       75000           0          0 VECSET 
  0.4           10           10       25992           0          0 MPI_Irecv() 
  0.1            2            2           1           0       2171 SPARSE 
  0.0        0.789        0.789           1           0        789 MPI_Bcast() 
  0.0        0.295        0.295           1           0        295 MPI_Barrier() 
  0.0       0.0599       0.0599           1           0         60 ALLOC_SPACE 
  0.0       0.0484       0.0484           1           0         48 MPI_Reduce() 
  0.0     0.000496     0.000496           1           0          0 MPI_Comm_size() 
  0.0     0.000449     0.000449           1           0          0 SETUP_SUBMATRIX_INFO 
  0.0     0.000277     0.000277           1           0          0 SETUP_PROC_INFO 
  0.0     0.000184     0.000184           1           0          0 MPI_Comm_rank() 
