Reading Profile files in profile.*

FUNCTION SUMMARY (total):
---------------------------------------------------------------------------------------
%Time    Exclusive    Inclusive       #Call      #Subrs  Inclusive Name
              msec   total msec                          usec/call 
---------------------------------------------------------------------------------------
100.0        0.011     2:47.649           2           2   83824514 .TAU application
100.0        0.322     2:47.649           2          35   83824508 APPLU 
 87.9        6,207     2:27.379           4 2.02813E+07   36844873 SSOR 
 24.9       40,105       41,692         506        1012      82396 RHS 
 14.8       24,868       24,868    5.02E+06           0          5 JACU 
 14.8       24,833       24,833    5.02E+06           0          5 JACLD 
 14.4       24,219       24,219    5.02E+06           0          5 BLTS 
 14.2       23,758       23,758    5.02E+06           0          5 BUTS 
  9.1       15,326       15,326           2           0    7663382 MPI_Finalize() 
  1.9        1,317        3,179           4     1.2E+07     794769 SETIV 
  1.2        2,045        2,045 1.31248E+07           0          0 EXACT 
  1.1          198        1,767      200800      100400          9 EXCHANGE_1 
  1.0          603        1,653        1016        1524       1628 EXCHANGE_3 
  0.9        1,459        1,459       50200           0         29 MPI_Recv() 
  0.7        0.084        1,168           2           6     584214 INIT_COMM 
  0.7        1,168        1,168           2           0     584172 MPI_Init() 
  0.6          945          945         511           0       1850 MPI_Wait() 
  0.2          212          279           2           4     139743 ERHS 
  0.2          111          264           2       1E+06     132190 ERROR 
  0.1          213          213       50711           0          4 MPI_Send() 
  0.0           13           44           4      124848      11204 SETBV 
  0.0           25           32           8           8       4083 L2NORM 
  0.0            8            8          20           0        423 MPI_Allreduce() 
  0.0         0.79            2           2           3       1334 READ_INPUT 
  0.0            2            2           2           0       1234 ALLOC_SPACE 
  0.0        0.022            1           2          20        939 BCAST_INPUTS 
  0.0            1            1          20           0         93 MPI_Bcast() 
  0.0            1            1         511           0          2 MPI_Irecv() 
  0.0        0.859         0.91           2          14        455 PINTGR 
  0.0        0.198        0.198           1           0        198 VERIFY 
  0.0        0.028        0.028           4           0          7 MPI_Barrier() 
  0.0        0.002        0.013           4           6          3 EXCHANGE_5 
  0.0        0.004         0.01           2           3          5 EXCHANGE_4 
  0.0        0.004        0.004           2           2          2 PROC_GRID 
  0.0        0.002        0.002           2           0          1 SETCOEFF 
  0.0        0.001        0.001           2           0          0 MPI_Comm_rank() 
  0.0            0            0           2           0          0 EXCHANGE_6 
  0.0            0            0           2           0          0 ISQRT2 
  0.0            0            0           2           0          0 MPI_Comm_size() 
  0.0            0            0           2           0          0 NEIGHBORS 
  0.0            0            0           1           0          0 SET_CLASS 
  0.0            0            0           2           0          0 SUBDOMAIN 

FUNCTION SUMMARY (mean):
---------------------------------------------------------------------------------------
%Time    Exclusive    Inclusive       #Call      #Subrs  Inclusive Name
              msec   total msec                          usec/call 
---------------------------------------------------------------------------------------
100.0       0.0055     1:23.824           1           1   83824514 .TAU application
100.0        0.161     1:23.824           1        17.5   83824508 APPLU 
 87.9        3,103     1:13.689           2 1.01407E+07   36844873 SSOR 
 24.9       20,052       20,846         253         506      82396 RHS 
 14.8       12,434       12,434    2.51E+06           0          5 JACU 
 14.8       12,416       12,416    2.51E+06           0          5 JACLD 
 14.4       12,109       12,109    2.51E+06           0          5 BLTS 
 14.2       11,879       11,879    2.51E+06           0          5 BUTS 
  9.1        7,663        7,663           1           0    7663382 MPI_Finalize() 
  1.9          658        1,589           2       6E+06     794769 SETIV 
  1.2        1,022        1,022 6.56242E+06           0          0 EXACT 
  1.1           99          883      100400       50200          9 EXCHANGE_1 
  1.0          301          826         508         762       1628 EXCHANGE_3 
  0.9          729          729       25100           0         29 MPI_Recv() 
  0.7        0.042          584           1           3     584214 INIT_COMM 
  0.7          584          584           1           0     584172 MPI_Init() 
  0.6          472          472       255.5           0       1850 MPI_Wait() 
  0.2          106          139           1           2     139743 ERHS 
  0.2           55          132           1      500001     132190 ERROR 
  0.1          106          106     25355.5           0          4 MPI_Send() 
  0.0            6           22           2       62424      11204 SETBV 
  0.0           12           16           4           4       4083 L2NORM 
  0.0            4            4          10           0        423 MPI_Allreduce() 
  0.0        0.395            1           1         1.5       1334 READ_INPUT 
  0.0            1            1           1           0       1234 ALLOC_SPACE 
  0.0        0.011        0.939           1          10        939 BCAST_INPUTS 
  0.0        0.928        0.928          10           0         93 MPI_Bcast() 
  0.0        0.542        0.542       255.5           0          2 MPI_Irecv() 
  0.0        0.429        0.455           1           7        455 PINTGR 
  0.0        0.099        0.099         0.5           0        198 VERIFY 
  0.0        0.014        0.014           2           0          7 MPI_Barrier() 
  0.0        0.001       0.0065           2           3          3 EXCHANGE_5 
  0.0        0.002        0.005           1         1.5          5 EXCHANGE_4 
  0.0        0.002        0.002           1           1          2 PROC_GRID 
  0.0        0.001        0.001           1           0          1 SETCOEFF 
  0.0       0.0005       0.0005           1           0          0 MPI_Comm_rank() 
  0.0            0            0           1           0          0 EXCHANGE_6 
  0.0            0            0           1           0          0 ISQRT2 
  0.0            0            0           1           0          0 MPI_Comm_size() 
  0.0            0            0           1           0          0 NEIGHBORS 
  0.0            0            0         0.5           0          0 SET_CLASS 
  0.0            0            0           1           0          0 SUBDOMAIN 
