Reading Profile files in profile.*

FUNCTION SUMMARY (total):
---------------------------------------------------------------------------------------
%Time    Exclusive    Inclusive       #Call      #Subrs  Inclusive Name
              msec   total msec                          usec/call 
---------------------------------------------------------------------------------------
100.0         0.01     4:59.348           2           2  149674070 .TAU application
100.0        0.486     4:59.348           2         144  149674066 FT 
 87.6        0.181     4:22.269          44         176    5960661 FFT 
 53.0       10,376     2:38.669 1.08134E+06  9.7321E+06        147 CFFTZ 
 49.5     2:28.292     2:28.292  9.7321E+06           0         15 FFTZ2 
 44.4       27,550     2:13.057          88      720984    1512012 CFFTS1 
 23.6       17,446     1:10.608          44      360492    1604733 CFFTS2 
 17.7        0.119       52,840          40         120    1321018 TRANSPOSE_X_YZ 
 11.1       33,257       33,257          44           0     755851 TRANSPOSE2_LOCAL 
  5.4       16,108       16,108           2           0    8054454 MPI_Finalize() 
  5.0        0.109       14,953          44          44     339855 TRANSPOSE2_GLOBAL 
  5.0       14,953       14,953          44           0     339852 MPI_Alltoall() 
  4.5       13,388       13,388          40           0     334700 EVOLVE 
  3.5       10,392       10,392          44           0     236191 TRANSPOSE2_FINISH 
  1.9        0.034        5,762           4          12    1440722 TRANSPOSE_XY_Z 
  1.8        5,279        5,279           4           0    1319972 COMPUTE_INDEXMAP 
  0.4        1,207        1,207           4           8     301762 COMPUTE_INITIAL_CONDITIONS 
  0.4        0.846        1,081           2          23     540974 SETUP 
  0.4        1,077        1,077           2           0     538662 MPI_Init() 
  0.0           10           10           2           0       5234 MPI_Barrier() 
  0.0            2            2           2           0       1330 ALLOC_SPACE 
  0.0            1            2          40          40         53 CHECKSUM 
  0.0        0.851        0.851          10           0         85 MPI_Bcast() 
  0.0        0.748        0.748          40           0         19 MPI_Reduce() 
  0.0        0.264        0.264           4           0         66 MPI_Comm_split() 
  0.0        0.173        0.173           4           4         43 FFT_INIT 
  0.0        0.028        0.028         136           0          0 ILOG2 
  0.0        0.024        0.024           2           0         12 VERIFY 
  0.0        0.002        0.002           8           0          0 IPOW46 
  0.0        0.001        0.001           2           0          0 MPI_Comm_rank() 
  0.0        0.001        0.001           1           0          1 SET_CLASS 
  0.0            0            0           2           0          0 MPI_Comm_size() 

FUNCTION SUMMARY (mean):
---------------------------------------------------------------------------------------
%Time    Exclusive    Inclusive       #Call      #Subrs  Inclusive Name
              msec   total msec                          usec/call 
---------------------------------------------------------------------------------------
100.0        0.005     2:29.674           1           1  149674070 .TAU application
100.0        0.243     2:29.674           1          72  149674066 FT 
 87.6       0.0905     2:11.134          22          88    5960661 FFT 
 53.0        5,188     1:19.334      540672 4.86605E+06        147 CFFTZ 
 49.5     1:14.146     1:14.146 4.86605E+06           0         15 FFTZ2 
 44.4       13,775     1:06.528          44      360492    1512012 CFFTS1 
 23.6        8,723       35,304          22      180246    1604733 CFFTS2 
 17.7       0.0595       26,420          20          60    1321018 TRANSPOSE_X_YZ 
 11.1       16,628       16,628          22           0     755851 TRANSPOSE2_LOCAL 
  5.4        8,054        8,054           1           0    8054454 MPI_Finalize() 
  5.0       0.0545        7,476          22          22     339855 TRANSPOSE2_GLOBAL 
  5.0        7,476        7,476          22           0     339852 MPI_Alltoall() 
  4.5        6,694        6,694          20           0     334700 EVOLVE 
  3.5        5,196        5,196          22           0     236191 TRANSPOSE2_FINISH 
  1.9        0.017        2,881           2           6    1440722 TRANSPOSE_XY_Z 
  1.8        2,639        2,639           2           0    1319972 COMPUTE_INDEXMAP 
  0.4          603          603           2           4     301762 COMPUTE_INITIAL_CONDITIONS 
  0.4        0.423          540           1        11.5     540974 SETUP 
  0.4          538          538           1           0     538662 MPI_Init() 
  0.0            5            5           1           0       5234 MPI_Barrier() 
  0.0            1            1           1           0       1330 ALLOC_SPACE 
  0.0        0.678            1          20          20         53 CHECKSUM 
  0.0        0.425        0.425           5           0         85 MPI_Bcast() 
  0.0        0.374        0.374          20           0         19 MPI_Reduce() 
  0.0        0.132        0.132           2           0         66 MPI_Comm_split() 
  0.0       0.0865       0.0865           2           2         43 FFT_INIT 
  0.0        0.014        0.014          68           0          0 ILOG2 
  0.0        0.012        0.012           1           0         12 VERIFY 
  0.0        0.001        0.001           4           0          0 IPOW46 
  0.0       0.0005       0.0005           1           0          0 MPI_Comm_rank() 
  0.0       0.0005       0.0005         0.5           0          1 SET_CLASS 
  0.0            0            0           1           0          0 MPI_Comm_size() 
