Reading Profile files in profile.*

FUNCTION SUMMARY (total):
---------------------------------------------------------------------------------------
%Time    Exclusive    Inclusive       #Call      #Subrs  Inclusive Name
              msec   total msec                          usec/call 
---------------------------------------------------------------------------------------
100.0        0.174     6:03.408          36          36   10094679 .TAU application
100.0           20     6:03.408          36       15085   10094674 MPSP 
 88.4           75     5:21.131       14436       86616      22245 ADI 
 23.2       22,183     1:24.132       14436      606312       5828 Z_SOLVE 
 23.0       16,264     1:23.528       14472      202608       5772 COPY_FACES 
 19.1       24,542     1:09.477       14436      606312       4813 Y_SOLVE 
 18.1       29,941     1:05.948       14436      606312       4568 X_SOLVE 
 16.7     1:00.660     1:00.660      447552           0        136 MPI_Waitall() 
 14.8       53,655       53,655       14472           0       3708 COMPUTE_RHS 
 10.3       37,603       37,603       86616           0        434 LHSZ 
  6.2       22,687       22,687       86616           0        262 LHSY 
  6.2       22,356       22,356       86616           0        258 LHSX 
  5.1       18,439       18,439          36           0     512222 MPI_Finalize() 
  4.8            1       17,292          36         180     480354 SETUP_MPI 
  4.8       17,271       17,271          36           0     479765 MPI_Init() 
  2.5        9,084        9,084       14436           0        629 TXINVR 
  2.5        9,080        9,080       14436           0        629 ADD 
  1.9        7,045        7,045       86616           0         81 TZETAR 
  1.1        1,751        3,850          72 1.28593E+07      53483 INITIALIZE 
  0.9        3,271        3,271      519912           0          6 MPI_Isend() 
  0.8        2,808        2,808 1.75806E+07           0          0 EXACT_SOLUTION 
  0.3          597        1,157          36    3.66E+06      32140 EXACT_RHS 
  0.3        1,032        1,032       86616           0         12 PINVR 
  0.3          997          997       86616           0         12 NINVR 
  0.2          868          868          72           0      12063 MPI_Barrier() 
  0.2          846          846      519912           0          2 MPI_Irecv() 
  0.1        0.584          517          36         108      14371 VERIFY 
  0.1          120          288          36 1.06124E+06       8002 ERROR_NORM 
  0.0           57           57          36           0       1608 ALLOC_SPACE 
  0.0           46           46          36           0       1304 LHSINIT 
  0.0           43           43          72           0        600 MPI_Allreduce() 
  0.0            6           31          36          36        865 RHS_NORM 
  0.0           23           23         144           0        166 MPI_Bcast() 
  0.0           20           20          72           0        280 MPI_Comm_dup() 
  0.0        0.457        0.457          36           0         13 MPI_Reduce() 
  0.0        0.072        0.072          36           0          2 SET_CONSTANTS 
  0.0        0.053        0.053          36           0          1 MAKE_SET 
  0.0        0.018        0.018          36           0          0 MPI_Comm_size() 
  0.0        0.016        0.016          36           0          0 COMPUTE_BUFFER_SIZE 
  0.0        0.011        0.011          36           0          0 MPI_Comm_rank() 
  0.0        0.001        0.001           1           0          1 SET_CLASS 

FUNCTION SUMMARY (mean):
---------------------------------------------------------------------------------------
%Time    Exclusive    Inclusive       #Call      #Subrs  Inclusive Name
              msec   total msec                          usec/call 
---------------------------------------------------------------------------------------
100.0      0.00483       10,094           1           1   10094679 .TAU application
100.0        0.582       10,094           1     419.028   10094674 MPSP 
 88.4            2        8,920         401        2406      22245 ADI 
 23.2          616        2,337         401       16842       5828 Z_SOLVE 
 23.0          451        2,320         402        5628       5772 COPY_FACES 
 19.1          681        1,929         401       16842       4813 Y_SOLVE 
 18.1          831        1,831         401       16842       4568 X_SOLVE 
 16.7        1,685        1,685       12432           0        136 MPI_Waitall() 
 14.8        1,490        1,490         402           0       3708 COMPUTE_RHS 
 10.3        1,044        1,044        2406           0        434 LHSZ 
  6.2          630          630        2406           0        262 LHSY 
  6.2          621          621        2406           0        258 LHSX 
  5.1          512          512           1           0     512222 MPI_Finalize() 
  4.8        0.028          480           1           5     480354 SETUP_MPI 
  4.8          479          479           1           0     479765 MPI_Init() 
  2.5          252          252         401           0        629 TXINVR 
  2.5          252          252         401           0        629 ADD 
  1.9          195          195        2406           0         81 TZETAR 
  1.1           48          106           2      357204      53483 INITIALIZE 
  0.9           90           90       14442           0          6 MPI_Isend() 
  0.8           78           78      488349           0          0 EXACT_SOLUTION 
  0.3           16           32           1      101667      32140 EXACT_RHS 
  0.3           28           28        2406           0         12 PINVR 
  0.3           27           27        2406           0         12 NINVR 
  0.2           24           24           2           0      12063 MPI_Barrier() 
  0.2           23           23       14442           0          2 MPI_Irecv() 
  0.1       0.0162           14           1           3      14371 VERIFY 
  0.1            3            8           1       29479       8002 ERROR_NORM 
  0.0            1            1           1           0       1608 ALLOC_SPACE 
  0.0            1            1           1           0       1304 LHSINIT 
  0.0            1            1           2           0        600 MPI_Allreduce() 
  0.0        0.174        0.865           1           1        865 RHS_NORM 
  0.0        0.663        0.663           4           0        166 MPI_Bcast() 
  0.0         0.56         0.56           2           0        280 MPI_Comm_dup() 
  0.0       0.0127       0.0127           1           0         13 MPI_Reduce() 
  0.0        0.002        0.002           1           0          2 SET_CONSTANTS 
  0.0      0.00147      0.00147           1           0          1 MAKE_SET 
  0.0       0.0005       0.0005           1           0          0 MPI_Comm_size() 
  0.0     0.000444     0.000444           1           0          0 COMPUTE_BUFFER_SIZE 
  0.0     0.000306     0.000306           1           0          0 MPI_Comm_rank() 
  0.0     2.78E-05     2.78E-05   0.0277778           0          1 SET_CLASS 
