Reading Profile files in profile.*

FUNCTION SUMMARY (total):
---------------------------------------------------------------------------------------
%Time    Exclusive    Inclusive       #Call      #Subrs  Inclusive Name
              msec   total msec                          usec/call 
---------------------------------------------------------------------------------------
100.0         0.09    12:42.304          16          16   47644019 .TAU application
100.0            1    12:42.304          16         273   47644013 APPLU 
 95.3       29,315    12:06.184          32 1.05384E+08   22693279 SSOR 
 28.1     3:01.809     3:34.016        4048        8096      52870 RHS 
 13.9     1:45.814     1:45.814 2.57024E+07           0          4 JACLD 
 13.7     1:44.580     1:44.580 2.57024E+07           0          4 JACU 
 13.2     1:40.805     1:40.805 2.57024E+07           0          4 BLTS 
 12.9     1:38.158     1:38.158 2.57024E+07           0          4 BUTS 
  9.6        2,781     1:13.058 2.57024E+06 3.85536E+06         28 EXCHANGE_1 
  9.0     1:08.520     1:08.520 1.92768E+06           0         36 MPI_Recv() 
  4.3        7,057       32,750        8128       36576       4029 EXCHANGE_3 
  2.2       16,551       16,551       12228           0       1354 MPI_Wait() 
  1.7        5,245       12,737          32  4.9152E+07     398061 SETIV 
  1.6       12,049       12,049          16           0     753081 MPI_Finalize() 
  1.4       10,760       10,760 1.93991E+06           0          6 MPI_Send() 
  1.1        0.698        8,573          16          48     535822 INIT_COMM 
  1.1        8,572        8,572          16           0     535778 MPI_Init() 
  1.1        8,211        8,211 5.35629E+07           0          0 EXACT 
  0.2          888        1,430          16          32      89425 ERHS 
  0.2          460        1,145          16 4.09602E+06      71617 ERROR 
  0.1          417          417         160           0       2608 MPI_Allreduce() 
  0.1           81          391          64          64       6110 L2NORM 
  0.0          136          136       12228           0         11 MPI_Irecv() 
  0.0           37          132          32      314928       4154 SETBV 
  0.0           25           25          16           0       1593 ALLOC_SPACE 
  0.0        0.779           15          16          17        983 READ_INPUT 
  0.0        0.167           14          16         160        934 BCAST_INPUTS 
  0.0           14           14         160           0         92 MPI_Bcast() 
  0.0            3            6          16          80        401 PINTGR 
  0.0        0.366        0.366          32           0         11 MPI_Barrier() 
  0.0        0.049        0.355          16          72         22 EXCHANGE_4 
  0.0        0.236        0.236           1           0        236 VERIFY 
  0.0        0.008        0.193           8          18         24 EXCHANGE_6 
  0.0        0.009        0.045           8          18          6 EXCHANGE_5 
  0.0        0.042        0.045          16          16          3 PROC_GRID 
  0.0        0.009        0.009          16           0          1 MPI_Comm_size() 
  0.0        0.009        0.009          16           0          1 SETCOEFF 
  0.0        0.008        0.008          16           0          0 NEIGHBORS 
  0.0        0.007        0.007          16           0          0 SUBDOMAIN 
  0.0        0.003        0.003          16           0          0 ISQRT2 
  0.0        0.003        0.003          16           0          0 MPI_Comm_rank() 
  0.0            0            0           1           0          0 SET_CLASS 

FUNCTION SUMMARY (mean):
---------------------------------------------------------------------------------------
%Time    Exclusive    Inclusive       #Call      #Subrs  Inclusive Name
              msec   total msec                          usec/call 
---------------------------------------------------------------------------------------
100.0      0.00562       47,644           1           1   47644019 .TAU application
100.0       0.0835       47,644           1     17.0625   47644013 APPLU 
 95.3        1,832       45,386           2  6.5865E+06   22693279 SSOR 
 28.1       11,363       13,376         253         506      52870 RHS 
 13.9        6,613        6,613  1.6064E+06           0          4 JACLD 
 13.7        6,536        6,536  1.6064E+06           0          4 JACU 
 13.2        6,300        6,300  1.6064E+06           0          4 BLTS 
 12.9        6,134        6,134  1.6064E+06           0          4 BUTS 
  9.6          173        4,566      160640      240960         28 EXCHANGE_1 
  9.0        4,282        4,282      120480           0         36 MPI_Recv() 
  4.3          441        2,046         508        2286       4029 EXCHANGE_3 
  2.2        1,034        1,034      764.25           0       1354 MPI_Wait() 
  1.7          327          796           2   3.072E+06     398061 SETIV 
  1.6          753          753           1           0     753081 MPI_Finalize() 
  1.4          672          672      121244           0          6 MPI_Send() 
  1.1       0.0436          535           1           3     535822 INIT_COMM 
  1.1          535          535           1           0     535778 MPI_Init() 
  1.1          513          513 3.34768E+06           0          0 EXACT 
  0.2           55           89           1           2      89425 ERHS 
  0.2           28           71           1      256001      71617 ERROR 
  0.1           26           26          10           0       2608 MPI_Allreduce() 
  0.1            5           24           4           4       6110 L2NORM 
  0.0            8            8      764.25           0         11 MPI_Irecv() 
  0.0            2            8           2       19683       4154 SETBV 
  0.0            1            1           1           0       1593 ALLOC_SPACE 
  0.0       0.0487        0.983           1      1.0625        983 READ_INPUT 
  0.0       0.0104        0.934           1          10        934 BCAST_INPUTS 
  0.0        0.923        0.923          10           0         92 MPI_Bcast() 
  0.0        0.209        0.401           1           5        401 PINTGR 
  0.0       0.0229       0.0229           2           0         11 MPI_Barrier() 
  0.0      0.00306       0.0222           1         4.5         22 EXCHANGE_4 
  0.0       0.0147       0.0147      0.0625           0        236 VERIFY 
  0.0       0.0005       0.0121         0.5       1.125         24 EXCHANGE_6 
  0.0     0.000562      0.00281         0.5       1.125          6 EXCHANGE_5 
  0.0      0.00263      0.00281           1           1          3 PROC_GRID 
  0.0     0.000562     0.000562           1           0          1 MPI_Comm_size() 
  0.0     0.000562     0.000562           1           0          1 SETCOEFF 
  0.0       0.0005       0.0005           1           0          0 NEIGHBORS 
  0.0     0.000438     0.000438           1           0          0 SUBDOMAIN 
  0.0     0.000188     0.000188           1           0          0 ISQRT2 
  0.0     0.000188     0.000188           1           0          0 MPI_Comm_rank() 
  0.0            0            0      0.0625           0          0 SET_CLASS 
