Reading Profile files in profile.*

FUNCTION SUMMARY (total):
---------------------------------------------------------------------------------------
%Time    Exclusive    Inclusive       #Call      #Subrs  Inclusive Name
              msec   total msec                          usec/call 
---------------------------------------------------------------------------------------
100.0        0.822    27:36.400         169         169    9801184 .TAU application
100.0           83    27:36.399         169       70812    9801179 MPSP 
 87.6          330    24:11.221       67769      406614      21414 ADI 
 23.4     1:30.184     6:27.476       67938      951132       5703 COPY_FACES 
 21.8     1:38.779     6:01.160       67769 6.64136E+06       5329 Z_SOLVE 
 21.3     5:52.810     5:52.810 4.94731E+06           0         71 MPI_Waitall() 
 19.8     1:36.849     5:27.756       67769 6.64136E+06       4836 Y_SOLVE 
 18.5     1:53.896     5:05.799       67769 6.64136E+06       4512 X_SOLVE 
 13.6     3:45.903     3:45.903       67938           0       3325 COMPUTE_RHS 
  9.1     2:30.714     2:30.714      880997           0        171 LHSZ 
  5.4            4     1:29.520         169         845     529706 SETUP_MPI 
  5.4     1:29.267     1:29.267         169           0     528213 MPI_Init() 
  5.4     1:29.069     1:29.069      880997           0        101 LHSX 
  5.2     1:26.293     1:26.293      880997           0         98 LHSY 
  5.2     1:25.827     1:25.827         169           0     507853 MPI_Finalize() 
  2.2       36,951       36,951       67769           0        545 ADD 
  2.0       33,099       33,099   5.287E+06           0          6 MPI_Isend() 
  2.0       32,696       32,696       67769           0        482 TXINVR 
  1.7       28,210       28,210      880997           0         32 TZETAR 
  0.9        6,981       15,382         338 5.13333E+07      45510 INITIALIZE 
  0.7       11,621       11,621 7.17128E+07           0          0 EXACT_SOLUTION 
  0.5        7,882        7,882   5.287E+06           0          1 MPI_Irecv() 
  0.3        5,663        5,663         338           0      16755 MPI_Barrier() 
  0.3        2,776        5,399         169  1.6128E+07      31947 EXACT_RHS 
  0.3        4,322        4,322      880997           0          5 PINVR 
  0.3        4,175        4,175      880997           0          5 NINVR 
  0.2            1        2,619         169         507      15502 VERIFY 
  0.1          483        1,213         169  4.2517E+06       7179 ERROR_NORM 
  0.0          568          568         338           0       1681 MPI_Allreduce() 
  0.0           19          455         169         169       2696 RHS_NORM 
  0.0          361          361         169           0       2137 ALLOC_SPACE 
  0.0          247          247         338           0        733 MPI_Comm_dup() 
  0.0          171          171         169           0       1015 LHSINIT 
  0.0          146          146         676           0        216 MPI_Bcast() 
  0.0            2            2         169           0         15 MPI_Reduce() 
  0.0        0.277        0.277         169           0          2 SET_CONSTANTS 
  0.0        0.276        0.276         169           0          2 MAKE_SET 
  0.0         0.08         0.08         169           0          0 COMPUTE_BUFFER_SIZE 
  0.0        0.061        0.061         169           0          0 MPI_Comm_size() 
  0.0        0.031        0.031         169           0          0 MPI_Comm_rank() 
  0.0        0.001        0.001           1           0          1 SET_CLASS 

FUNCTION SUMMARY (mean):
---------------------------------------------------------------------------------------
%Time    Exclusive    Inclusive       #Call      #Subrs  Inclusive Name
              msec   total msec                          usec/call 
---------------------------------------------------------------------------------------
100.0      0.00486        9,801           1           1    9801184 .TAU application
100.0        0.494        9,801           1     419.006    9801179 MPSP 
 87.6            1        8,587         401        2406      21414 ADI 
 23.4          533        2,292         402        5628       5703 COPY_FACES 
 21.8          584        2,137         401       39298       5329 Z_SOLVE 
 21.3        2,087        2,087       29274           0         71 MPI_Waitall() 
 19.8          573        1,939         401       39298       4836 Y_SOLVE 
 18.5          673        1,809         401       39298       4512 X_SOLVE 
 13.6        1,336        1,336         402           0       3325 COMPUTE_RHS 
  9.1          891          891        5213           0        171 LHSZ 
  5.4       0.0263          529           1           5     529706 SETUP_MPI 
  5.4          528          528           1           0     528213 MPI_Init() 
  5.4          527          527        5213           0        101 LHSX 
  5.2          510          510        5213           0         98 LHSY 
  5.2          507          507           1           0     507853 MPI_Finalize() 
  2.2          218          218         401           0        545 ADD 
  2.0          195          195       31284           0          6 MPI_Isend() 
  2.0          193          193         401           0        482 TXINVR 
  1.7          166          166        5213           0         32 TZETAR 
  0.9           41           91           2      303747      45510 INITIALIZE 
  0.7           68           68      424336           0          0 EXACT_SOLUTION 
  0.5           46           46       31284           0          1 MPI_Irecv() 
  0.3           33           33           2           0      16755 MPI_Barrier() 
  0.3           16           31           1       95432      31947 EXACT_RHS 
  0.3           25           25        5213           0          5 PINVR 
  0.3           24           24        5213           0          5 NINVR 
  0.2       0.0116           15           1           3      15502 VERIFY 
  0.1            2            7           1       25158       7179 ERROR_NORM 
  0.0            3            3           2           0       1681 MPI_Allreduce() 
  0.0        0.115            2           1           1       2696 RHS_NORM 
  0.0            2            2           1           0       2137 ALLOC_SPACE 
  0.0            1            1           2           0        733 MPI_Comm_dup() 
  0.0            1            1           1           0       1015 LHSINIT 
  0.0        0.865        0.865           4           0        216 MPI_Bcast() 
  0.0       0.0148       0.0148           1           0         15 MPI_Reduce() 
  0.0      0.00164      0.00164           1           0          2 SET_CONSTANTS 
  0.0      0.00163      0.00163           1           0          2 MAKE_SET 
  0.0     0.000473     0.000473           1           0          0 COMPUTE_BUFFER_SIZE 
  0.0     0.000361     0.000361           1           0          0 MPI_Comm_size() 
  0.0     0.000183     0.000183           1           0          0 MPI_Comm_rank() 
  0.0     5.92E-06     5.92E-06  0.00591716           0          1 SET_CLASS 
