Reading Profile files in profile.*

FUNCTION SUMMARY (total):
---------------------------------------------------------------------------------------
%Time    Exclusive    Inclusive       #Call      #Subrs  Inclusive Name
              msec   total msec                          usec/call 
---------------------------------------------------------------------------------------
100.0        0.354     5:38.084          64          64    5282573 .TAU application
100.0            3     5:38.084          64        1089    5282568 APPLU 
 73.7       11,707     4:09.023         128 8.67623E+07    1945498 SSOR 
 23.2        3,371     1:18.569  6.4256E+06 1.12448E+07         12 EXCHANGE_1 
 21.4     1:12.477     1:12.477  5.6224E+06           0         13 MPI_Recv() 
 14.2       28,559       47,971       16192       32384       2963 RHS 
 13.5       45,519       45,519          64           0     711245 MPI_Finalize() 
 11.1            2       37,450          64         192     585157 INIT_COMM 
 11.1       37,447       37,447          64           0     585112 MPI_Init() 
  8.6       29,091       29,091   2.008E+07           0          1 JACLD 
  8.5       28,653       28,653   2.008E+07           0          1 JACU 
  7.8       26,211       26,211   2.008E+07           0          1 BLTS 
  7.7       26,029       26,029   2.008E+07           0          1 BUTS 
  6.1        2,955       20,671       32512      170688        636 EXCHANGE_3 
  3.6       12,233       12,233 5.67944E+06           0          2 MPI_Send() 
  2.4        8,063        8,063       57036           0        141 MPI_Wait() 
  1.1        1,686        3,881         128     1.2E+07      30323 SETIV 
  0.7        2,388        2,388 1.31248E+07           0          0 EXACT 
  0.4          261        1,520          64         128      23752 ERHS 
  0.3        1,052        1,052         640           0       1644 MPI_Allreduce() 
  0.2           11          658         256         256       2572 L2NORM 
  0.2          116          543          64 1.00006E+06       8499 ERROR 
  0.0          141          141       57036           0          2 MPI_Irecv() 
  0.0        0.985           70          64          65       1098 READ_INPUT 
  0.0        0.558           69          64         640       1083 BCAST_INPUTS 
  0.0           68           68         640           0        107 MPI_Bcast() 
  0.0           18           54         128      124848        429 SETBV 
  0.0            2           13          64         288        212 PINTGR 
  0.0            5            5         128           0         43 MPI_Barrier() 
  0.0            2            2          64           0         44 ALLOC_SPACE 
  0.0        0.132            1          64         336         29 EXCHANGE_4 
  0.0        0.017        0.307          16          42         19 EXCHANGE_6 
  0.0        0.167        0.181          64          64          3 PROC_GRID 
  0.0        0.171        0.171           1           0        171 VERIFY 
  0.0        0.012        0.136          16          42          8 EXCHANGE_5 
  0.0        0.041        0.041          64           0          1 SETCOEFF 
  0.0        0.033        0.033          64           0          1 MPI_Comm_size() 
  0.0         0.02         0.02          64           0          0 NEIGHBORS 
  0.0        0.018        0.018          64           0          0 MPI_Comm_rank() 
  0.0        0.014        0.014          64           0          0 ISQRT2 
  0.0        0.013        0.013          64           0          0 SUBDOMAIN 
  0.0        0.001        0.001           1           0          1 SET_CLASS 

FUNCTION SUMMARY (mean):
---------------------------------------------------------------------------------------
%Time    Exclusive    Inclusive       #Call      #Subrs  Inclusive Name
              msec   total msec                          usec/call 
---------------------------------------------------------------------------------------
100.0      0.00553        5,282           1           1    5282573 .TAU application
100.0       0.0529        5,282           1     17.0156    5282568 APPLU 
 73.7          182        3,890           2 1.35566E+06    1945498 SSOR 
 23.2           52        1,227      100400      175700         12 EXCHANGE_1 
 21.4        1,132        1,132       87850           0         13 MPI_Recv() 
 14.2          446          749         253         506       2963 RHS 
 13.5          711          711           1           0     711245 MPI_Finalize() 
 11.1       0.0437          585           1           3     585157 INIT_COMM 
 11.1          585          585           1           0     585112 MPI_Init() 
  8.6          454          454      313750           0          1 JACLD 
  8.5          447          447      313750           0          1 JACU 
  7.8          409          409      313750           0          1 BLTS 
  7.7          406          406      313750           0          1 BUTS 
  6.1           46          322         508        2667        636 EXCHANGE_3 
  3.6          191          191     88741.2           0          2 MPI_Send() 
  2.4          125          125     891.188           0        141 MPI_Wait() 
  1.1           26           60           2      187500      30323 SETIV 
  0.7           37           37      205076           0          0 EXACT 
  0.4            4           23           1           2      23752 ERHS 
  0.3           16           16          10           0       1644 MPI_Allreduce() 
  0.2        0.177           10           4           4       2572 L2NORM 
  0.2            1            8           1       15626       8499 ERROR 
  0.0            2            2     891.188           0          2 MPI_Irecv() 
  0.0       0.0154            1           1     1.01562       1098 READ_INPUT 
  0.0      0.00872            1           1          10       1083 BCAST_INPUTS 
  0.0            1            1          10           0        107 MPI_Bcast() 
  0.0        0.284        0.858           2     1950.75        429 SETBV 
  0.0       0.0372        0.212           1         4.5        212 PINTGR 
  0.0        0.086        0.086           2           0         43 MPI_Barrier() 
  0.0       0.0439       0.0439           1           0         44 ALLOC_SPACE 
  0.0      0.00206        0.029           1        5.25         29 EXCHANGE_4 
  0.0     0.000266       0.0048        0.25     0.65625         19 EXCHANGE_6 
  0.0      0.00261      0.00283           1           1          3 PROC_GRID 
  0.0      0.00267      0.00267    0.015625           0        171 VERIFY 
  0.0     0.000188      0.00213        0.25     0.65625          8 EXCHANGE_5 
  0.0     0.000641     0.000641           1           0          1 SETCOEFF 
  0.0     0.000516     0.000516           1           0          1 MPI_Comm_size() 
  0.0     0.000313     0.000313           1           0          0 NEIGHBORS 
  0.0     0.000281     0.000281           1           0          0 MPI_Comm_rank() 
  0.0     0.000219     0.000219           1           0          0 ISQRT2 
  0.0     0.000203     0.000203           1           0          0 SUBDOMAIN 
  0.0     1.56E-05     1.56E-05    0.015625           0          1 SET_CLASS 
