Reading Profile files in profile.*

FUNCTION SUMMARY (total):
---------------------------------------------------------------------------------------
%Time    Exclusive    Inclusive       #Call      #Subrs  Inclusive Name
              msec   total msec                          usec/call 
---------------------------------------------------------------------------------------
100.0        0.548  4:12:39.410          64          64  236865784 .TAU application
100.0        3,291  4:12:39.409          64       65152  236865775 CG 
 93.4  2:37:40.009  3:55:57.916        6464 5.04192E+06    2190272 CONJ_GRAD 
 21.1    53:21.960    53:21.960 1.70003E+06           0       1883 MPI_Wait() 
  9.8    24:42.860    24:42.860 1.70003E+06           0        872 MPI_Send() 
  6.1       57,826    15:18.333          64    1.92E+08   14348963 MAKEA 
  5.3     7:21.992    13:16.627     9.6E+07 2.81902E+09          8 SPRNVC 
  2.3     5:54.635     5:54.635 2.81902E+09           0          0 ICNVRT 
  0.3       49,465       49,465          64           0     772894 SPARSE 
  0.3       39,865       39,865          64           0     622904 MPI_Finalize() 
  0.3            3       39,112          64         256     611128 INITIALIZE_MPI 
  0.3       39,056       39,056          64           0     610261 MPI_Init() 
  0.1       14,414       14,414     9.6E+07           0          0 VECSET 
  0.1       13,610       13,610 1.70003E+06           0          8 MPI_Irecv() 
  0.0          296          296          64           0       4636 ALLOC_SPACE 
  0.0           62           62          64           0        969 MPI_Barrier() 
  0.0           51           51          64           0        808 MPI_Bcast() 
  0.0            6            6          64           0         95 MPI_Reduce() 
  0.0        0.041        0.041          64           0          1 SETUP_SUBMATRIX_INFO 
  0.0         0.03         0.03          64           0          0 MPI_Comm_size() 
  0.0        0.015        0.015          64           0          0 SETUP_PROC_INFO 
  0.0        0.013        0.013          64           0          0 MPI_Comm_rank() 

FUNCTION SUMMARY (mean):
---------------------------------------------------------------------------------------
%Time    Exclusive    Inclusive       #Call      #Subrs  Inclusive Name
              msec   total msec                          usec/call 
---------------------------------------------------------------------------------------
100.0      0.00856     3:56.865           1           1  236865784 .TAU application
100.0           51     3:56.865           1        1018  236865775 CG 
 93.4     2:27.812     3:41.217         101       78780    2190272 CONJ_GRAD 
 21.1       50,030       50,030       26563           0       1883 MPI_Wait() 
  9.8       23,169       23,169       26563           0        872 MPI_Send() 
  6.1          903       14,348           1       3E+06   14348963 MAKEA 
  5.3        6,906       12,447     1.5E+06 4.40472E+07          8 SPRNVC 
  2.3        5,541        5,541 4.40472E+07           0          0 ICNVRT 
  0.3          772          772           1           0     772894 SPARSE 
  0.3          622          622           1           0     622904 MPI_Finalize() 
  0.3       0.0593          611           1           4     611128 INITIALIZE_MPI 
  0.3          610          610           1           0     610261 MPI_Init() 
  0.1          225          225     1.5E+06           0          0 VECSET 
  0.1          212          212       26563           0          8 MPI_Irecv() 
  0.0            4            4           1           0       4636 ALLOC_SPACE 
  0.0        0.969        0.969           1           0        969 MPI_Barrier() 
  0.0        0.808        0.808           1           0        808 MPI_Bcast() 
  0.0       0.0946       0.0946           1           0         95 MPI_Reduce() 
  0.0     0.000641     0.000641           1           0          1 SETUP_SUBMATRIX_INFO 
  0.0     0.000469     0.000469           1           0          0 MPI_Comm_size() 
  0.0     0.000234     0.000234           1           0          0 SETUP_PROC_INFO 
  0.0     0.000203     0.000203           1           0          0 MPI_Comm_rank() 
