Reading Profile files in profile.*

FUNCTION SUMMARY (total):
---------------------------------------------------------------------------------------
%Time    Exclusive    Inclusive       #Call      #Subrs  Inclusive Name
              msec   total msec                          usec/call 
---------------------------------------------------------------------------------------
100.0        0.042  2:13:40.088           8           8 1002511032 .TAU application
100.0            1  2:13:40.088           8         696 1002511027 FT 
 93.9        0.988  2:05:32.972         216         864   34874873 FFT 
 57.5     1:42.069  1:16:47.947 8.84736E+06 9.02431E+07        521 CFFTZ 
 56.2  1:15:05.877  1:15:05.877 9.02431E+07           0         50 FFTZ2 
 46.5    11:11.289  1:02:06.513         432 5.30885E+06    8626188 CFFTS1 
 28.7    12:30.160    38:22.884         216 3.53916E+06   10661501 CFFTS2 
 17.4        0.717    23:16.797         200         600    6983986 TRANSPOSE_X_YZ 
  8.5    11:19.008    11:19.008         216           0    3143560 TRANSPOSE2_LOCAL 
  7.6        0.809    10:06.884         216         216    2809652 TRANSPOSE2_GLOBAL 
  7.6    10:06.883    10:06.883         216           0    2809648 MPI_Alltoall() 
  4.3     5:43.696     5:43.696         200           0    1718481 EVOLVE 
  2.7     3:37.679     3:37.679         216           0    1007776 TRANSPOSE2_FINISH 
  1.3          0.2     1:46.776          16          48    6673555 TRANSPOSE_XY_Z 
  1.1     1:24.451     1:24.451          16           0    5278228 COMPUTE_INDEXMAP 
  0.4       28,592       28,592           8           0    3574052 MPI_Finalize() 
  0.2       19,404       19,404          16          32    1212754 COMPUTE_INITIAL_CONDITIONS 
  0.1            3        7,462         200         200      37315 CHECKSUM 
  0.1        7,459        7,459         200           0      37296 MPI_Reduce() 
  0.0        0.877        3,093           8          89     386721 SETUP 
  0.0        3,076        3,076           8           0     384527 MPI_Init() 
  0.0          411          411           8           0      51384 MPI_Barrier() 
  0.0           10           10           8           0       1352 ALLOC_SPACE 
  0.0            3            3          40           0         91 MPI_Bcast() 
  0.0            2            2          16           0        139 MPI_Comm_split() 
  0.0            2            2          16          16        129 FFT_INIT 
  0.0        0.177        0.177         664           0          0 ILOG2 
  0.0        0.025        0.025           8           0          3 VERIFY 
  0.0        0.016        0.016          32           0          0 IPOW46 
  0.0        0.004        0.004           8           0          0 MPI_Comm_size() 
  0.0        0.001        0.001           8           0          0 MPI_Comm_rank() 
  0.0            0            0           1           0          0 SET_CLASS 

FUNCTION SUMMARY (mean):
---------------------------------------------------------------------------------------
%Time    Exclusive    Inclusive       #Call      #Subrs  Inclusive Name
              msec   total msec                          usec/call 
---------------------------------------------------------------------------------------
100.0      0.00525    16:42.511           1           1 1002511032 .TAU application
100.0        0.182    16:42.511           1          87 1002511027 FT 
 93.9        0.123    15:41.621          27         108   34874873 FFT 
 57.5       12,758     9:35.993 1.10592E+06 1.12804E+07        521 CFFTZ 
 56.2     9:23.234     9:23.234 1.12804E+07           0         50 FFTZ2 
 46.5     1:23.911     7:45.814          54      663606    8626188 CFFTS1 
 28.7     1:33.770     4:47.860          27      442395   10661501 CFFTS2 
 17.4       0.0896     2:54.599          25          75    6983986 TRANSPOSE_X_YZ 
  8.5     1:24.876     1:24.876          27           0    3143560 TRANSPOSE2_LOCAL 
  7.6        0.101     1:15.860          27          27    2809652 TRANSPOSE2_GLOBAL 
  7.6     1:15.860     1:15.860          27           0    2809648 MPI_Alltoall() 
  4.3       42,962       42,962          25           0    1718481 EVOLVE 
  2.7       27,209       27,209          27           0    1007776 TRANSPOSE2_FINISH 
  1.3        0.025       13,347           2           6    6673555 TRANSPOSE_XY_Z 
  1.1       10,556       10,556           2           0    5278228 COMPUTE_INDEXMAP 
  0.4        3,574        3,574           1           0    3574052 MPI_Finalize() 
  0.2        2,425        2,425           2           4    1212754 COMPUTE_INITIAL_CONDITIONS 
  0.1        0.456          932          25          25      37315 CHECKSUM 
  0.1          932          932          25           0      37296 MPI_Reduce() 
  0.0         0.11          386           1      11.125     386721 SETUP 
  0.0          384          384           1           0     384527 MPI_Init() 
  0.0           51           51           1           0      51384 MPI_Barrier() 
  0.0            1            1           1           0       1352 ALLOC_SPACE 
  0.0        0.454        0.454           5           0         91 MPI_Bcast() 
  0.0        0.278        0.278           2           0        139 MPI_Comm_split() 
  0.0        0.258        0.258           2           2        129 FFT_INIT 
  0.0       0.0221       0.0221          83           0          0 ILOG2 
  0.0      0.00313      0.00313           1           0          3 VERIFY 
  0.0        0.002        0.002           4           0          0 IPOW46 
  0.0       0.0005       0.0005           1           0          0 MPI_Comm_size() 
  0.0     0.000125     0.000125           1           0          0 MPI_Comm_rank() 
  0.0            0            0       0.125           0          0 SET_CLASS 
