Reading Profile files in profile.*

FUNCTION SUMMARY (total):
---------------------------------------------------------------------------------------
%Time    Exclusive    Inclusive       #Call      #Subrs  Inclusive Name
              msec   total msec                          usec/call 
---------------------------------------------------------------------------------------
100.0        0.005    13:56.789           1           1  836789215 .TAU application
100.0            1    13:56.789           1         420  836789210 MPSP 
 96.6            2    13:28.746         401        2406    2016824 ADI 
 27.1        0.711     3:46.376         402         402     563125 COPY_FACES 
 27.1     3:46.375     3:46.375         402           0     563123 COMPUTE_RHS 
 24.8     1:08.365     3:27.432         401         802     517288 Z_SOLVE 
 21.7     1:05.327     3:01.694         401         802     453102 Y_SOLVE 
 19.7     1:39.747     2:45.251         401         802     412098 X_SOLVE 
 14.8     2:03.833     2:03.833         401           0     308812 LHSZ 
 13.0     1:48.793     1:48.793         401           0     271305 LHSY 
  6.9       57,916       57,916         401           0     144431 LHSX 
  1.8       15,286       15,286         401           0      38120 TXINVR 
  1.8       15,233       15,233         401           0      37988 TZETAR 
  1.6       13,267       13,267         401           0      33087 ADD 
  1.5        5,503       12,708           2 5.13333E+07    6354126 INITIALIZE 
  1.1        9,548        9,548 6.80264E+07           0          0 EXACT_SOLUTION 
  1.1        9,516        9,516           1           0    9516515 MPI_Finalize() 
  0.9        7,587        7,587         401           0      18921 NINVR 
  0.9        7,572        7,572         401           0      18885 PINVR 
  0.4        1,944        3,693           1 1.24416E+07    3693909 EXACT_RHS 
  0.2        0.169        1,648           1           3    1648177 VERIFY 
  0.1          477        1,070           1 4.25153E+06    1070974 ERROR_NORM 
  0.0        0.028          322           1           5     322363 SETUP_MPI 
  0.0          322          322           1           0     322249 MPI_Init() 
  0.0          147          147           1           0     147336 LHSINIT 
  0.0           12           12           1           1      12695 RHS_NORM 
  0.0            4            4           1           0       4791 ALLOC_SPACE 
  0.0        0.086        0.086           2           0         43 MPI_Comm_dup() 
  0.0        0.022        0.022           2           0         11 MPI_Allreduce() 
  0.0        0.007        0.007           1           0          7 MPI_Reduce() 
  0.0        0.006        0.006           4           0          2 MPI_Bcast() 
  0.0        0.003        0.003           2           0          2 MPI_Barrier() 
  0.0        0.002        0.002           1           0          2 SET_CONSTANTS 
  0.0        0.001        0.001           1           0          1 COMPUTE_BUFFER_SIZE 
  0.0        0.001        0.001           1           0          1 MAKE_SET 
  0.0            0            0           1           0          0 MPI_Comm_rank() 
  0.0            0            0           1           0          0 MPI_Comm_size() 
  0.0            0            0           1           0          0 SET_CLASS 

FUNCTION SUMMARY (mean):
---------------------------------------------------------------------------------------
%Time    Exclusive    Inclusive       #Call      #Subrs  Inclusive Name
              msec   total msec                          usec/call 
---------------------------------------------------------------------------------------
100.0        0.005    13:56.789           1           1  836789215 .TAU application
100.0            1    13:56.789           1         420  836789210 MPSP 
 96.6            2    13:28.746         401        2406    2016824 ADI 
 27.1        0.711     3:46.376         402         402     563125 COPY_FACES 
 27.1     3:46.375     3:46.375         402           0     563123 COMPUTE_RHS 
 24.8     1:08.365     3:27.432         401         802     517288 Z_SOLVE 
 21.7     1:05.327     3:01.694         401         802     453102 Y_SOLVE 
 19.7     1:39.747     2:45.251         401         802     412098 X_SOLVE 
 14.8     2:03.833     2:03.833         401           0     308812 LHSZ 
 13.0     1:48.793     1:48.793         401           0     271305 LHSY 
  6.9       57,916       57,916         401           0     144431 LHSX 
  1.8       15,286       15,286         401           0      38120 TXINVR 
  1.8       15,233       15,233         401           0      37988 TZETAR 
  1.6       13,267       13,267         401           0      33087 ADD 
  1.5        5,503       12,708           2 5.13333E+07    6354126 INITIALIZE 
  1.1        9,548        9,548 6.80264E+07           0          0 EXACT_SOLUTION 
  1.1        9,516        9,516           1           0    9516515 MPI_Finalize() 
  0.9        7,587        7,587         401           0      18921 NINVR 
  0.9        7,572        7,572         401           0      18885 PINVR 
  0.4        1,944        3,693           1 1.24416E+07    3693909 EXACT_RHS 
  0.2        0.169        1,648           1           3    1648177 VERIFY 
  0.1          477        1,070           1 4.25153E+06    1070974 ERROR_NORM 
  0.0        0.028          322           1           5     322363 SETUP_MPI 
  0.0          322          322           1           0     322249 MPI_Init() 
  0.0          147          147           1           0     147336 LHSINIT 
  0.0           12           12           1           1      12695 RHS_NORM 
  0.0            4            4           1           0       4791 ALLOC_SPACE 
  0.0        0.086        0.086           2           0         43 MPI_Comm_dup() 
  0.0        0.022        0.022           2           0         11 MPI_Allreduce() 
  0.0        0.007        0.007           1           0          7 MPI_Reduce() 
  0.0        0.006        0.006           4           0          2 MPI_Bcast() 
  0.0        0.003        0.003           2           0          2 MPI_Barrier() 
  0.0        0.002        0.002           1           0          2 SET_CONSTANTS 
  0.0        0.001        0.001           1           0          1 COMPUTE_BUFFER_SIZE 
  0.0        0.001        0.001           1           0          1 MAKE_SET 
  0.0            0            0           1           0          0 MPI_Comm_rank() 
  0.0            0            0           1           0          0 MPI_Comm_size() 
  0.0            0            0           1           0          0 SET_CLASS 
