Reading Profile files in profile.*

FUNCTION SUMMARY (total):
---------------------------------------------------------------------------------------
%Time    Exclusive    Inclusive       #Call      #Subrs  Inclusive Name
              msec   total msec                          usec/call 
---------------------------------------------------------------------------------------
100.0        0.019  2:07:22.774           4           4 1910693614 .TAU application
100.0        0.853  2:07:22.774           4         348 1910693609 FT 
 94.3        0.533  2:00:05.433         108         432   66716975 FFT 
 60.2     1:41.498  1:16:37.754 8.84736E+06 9.02431E+07        520 CFFTZ 
 58.8  1:14:56.255  1:14:56.255 9.02431E+07           0         50 FFTZ2 
 48.7    11:15.756  1:02:03.988         216 5.30863E+06   17240686 CFFTS1 
 29.1    11:15.359    37:04.881         108 3.53905E+06   20600756 CFFTS2 
 15.1        0.371    19:14.802         100         300   11548029 TRANSPOSE_X_YZ 
  8.5    10:53.029    10:53.029         108           0    6046573 TRANSPOSE2_LOCAL 
  6.3        0.404     8:03.201         108         108    4474086 TRANSPOSE2_GLOBAL 
  6.3     8:03.200     8:03.200         108           0    4474082 MPI_Alltoall() 
  4.1     5:10.571     5:10.571         100           0    3105711 EVOLVE 
  1.6     2:00.331     2:00.331         108           0    1114178 TRANSPOSE2_FINISH 
  1.3        0.108     1:41.759           8          24   12719993 TRANSPOSE_XY_Z 
  1.1     1:24.245     1:24.245           8           0   10530666 COMPUTE_INDEXMAP 
  0.3       19,275       19,275           8          16    2409434 COMPUTE_INITIAL_CONDITIONS 
  0.2       13,013       13,013           4           0    3253437 MPI_Finalize() 
  0.1            2        8,592         100         100      85927 CHECKSUM 
  0.1        8,589        8,589         100           0      85899 MPI_Reduce() 
  0.0        0.667        1,357           4          45     339469 SETUP 
  0.0        1,349        1,349           4           0     337412 MPI_Init() 
  0.0          282          282           4           0      70740 MPI_Barrier() 
  0.0            5            5           4           0       1321 ALLOC_SPACE 
  0.0            1            1          20           0         72 MPI_Bcast() 
  0.0            1            1           8           8        128 FFT_INIT 
  0.0        0.826        0.826           8           0        103 MPI_Comm_split() 
  0.0        0.082        0.082         332           0          0 ILOG2 
  0.0        0.026        0.026           4           0          6 VERIFY 
  0.0        0.007        0.007          16           0          0 IPOW46 
  0.0        0.002        0.002           4           0          0 MPI_Comm_size() 
  0.0            0            0           4           0          0 MPI_Comm_rank() 
  0.0            0            0           1           0          0 SET_CLASS 

FUNCTION SUMMARY (mean):
---------------------------------------------------------------------------------------
%Time    Exclusive    Inclusive       #Call      #Subrs  Inclusive Name
              msec   total msec                          usec/call 
---------------------------------------------------------------------------------------
100.0      0.00475    31:50.693           1           1 1910693614 .TAU application
100.0        0.213    31:50.693           1          87 1910693609 FT 
 94.3        0.133    30:01.358          27         108   66716975 FFT 
 60.2       25,374    19:09.438 2.21184E+06 2.25608E+07        520 CFFTZ 
 58.8    18:44.063    18:44.063 2.25608E+07           0         50 FFTZ2 
 48.7     2:48.939    15:30.997          54 1.32716E+06   17240686 CFFTS1 
 29.1     2:48.839     9:16.220          27      884763   20600756 CFFTS2 
 15.1       0.0927     4:48.700          25          75   11548029 TRANSPOSE_X_YZ 
  8.5     2:43.257     2:43.257          27           0    6046573 TRANSPOSE2_LOCAL 
  6.3        0.101     2:00.800          27          27    4474086 TRANSPOSE2_GLOBAL 
  6.3     2:00.800     2:00.800          27           0    4474082 MPI_Alltoall() 
  4.1     1:17.642     1:17.642          25           0    3105711 EVOLVE 
  1.6       30,082       30,082          27           0    1114178 TRANSPOSE2_FINISH 
  1.3        0.027       25,439           2           6   12719993 TRANSPOSE_XY_Z 
  1.1       21,061       21,061           2           0   10530666 COMPUTE_INDEXMAP 
  0.3        4,818        4,818           2           4    2409434 COMPUTE_INITIAL_CONDITIONS 
  0.2        3,253        3,253           1           0    3253437 MPI_Finalize() 
  0.1        0.695        2,148          25          25      85927 CHECKSUM 
  0.1        2,147        2,147          25           0      85899 MPI_Reduce() 
  0.0        0.167          339           1       11.25     339469 SETUP 
  0.0          337          337           1           0     337412 MPI_Init() 
  0.0           70           70           1           0      70740 MPI_Barrier() 
  0.0            1            1           1           0       1321 ALLOC_SPACE 
  0.0        0.362        0.362           5           0         72 MPI_Bcast() 
  0.0        0.257        0.257           2           2        128 FFT_INIT 
  0.0        0.206        0.206           2           0        103 MPI_Comm_split() 
  0.0       0.0205       0.0205          83           0          0 ILOG2 
  0.0       0.0065       0.0065           1           0          6 VERIFY 
  0.0      0.00175      0.00175           4           0          0 IPOW46 
  0.0       0.0005       0.0005           1           0          0 MPI_Comm_size() 
  0.0            0            0           1           0          0 MPI_Comm_rank() 
  0.0            0            0        0.25           0          0 SET_CLASS 
