Reading Profile files in profile.*

FUNCTION SUMMARY (total):
---------------------------------------------------------------------------------------
%Time    Exclusive    Inclusive       #Call      #Subrs  Inclusive Name
              msec   total msec                          usec/call 
---------------------------------------------------------------------------------------
100.0        0.728    27:25.922         144         144   11430014 .TAU application
100.0           84    27:25.921         144       60337   11430009 MPSP 
 89.3          316    24:29.546       57744      346464      25449 ADI 
 23.6     1:41.767     6:28.192       57888      810432       6706 COPY_FACES 
 23.2     1:44.564     6:21.416       57744 5.19696E+06       6605 Z_SOLVE 
 19.0     2:05.760     5:13.343       57744 5.19696E+06       5426 X_SOLVE 
 18.5     1:46.178     5:04.056       57744 5.19696E+06       5266 Y_SOLVE 
 16.9     4:38.004     4:38.004 3.86899E+06           0         72 MPI_Waitall() 
 13.7     3:44.912     3:44.912       57888           0       3885 COMPUTE_RHS 
 10.8     2:57.745     2:57.745      692928           0        257 LHSZ 
  6.0     1:38.572     1:38.572      692928           0        142 LHSX 
  5.8     1:36.159     1:36.159      692928           0        139 LHSY 
  4.5     1:14.343     1:14.343         144           0     516272 MPI_Finalize() 
  4.4            3     1:12.887         144         720     506160 SETUP_MPI 
  4.4     1:12.696     1:12.696         144           0     504834 MPI_Init() 
  2.6       42,982       42,982       57744           0        744 ADD 
  2.4       40,169       40,169       57744           0        696 TXINVR 
  1.8       30,035       30,035 4.15843E+06           0          7 MPI_Isend() 
  1.7       28,584       28,584      692928           0         41 TZETAR 
  0.9        6,866       15,108         288 5.13333E+07      52459 INITIALIZE 
  0.7       11,240       11,240 7.14056E+07           0          0 EXACT_SOLUTION 
  0.4        6,276        6,276 4.15843E+06           0          2 MPI_Irecv() 
  0.4        5,891        5,891         288           0      20458 MPI_Barrier() 
  0.3        2,548        4,947         144 1.58208E+07      34360 EXACT_RHS 
  0.3        4,286        4,286      692928           0          6 PINVR 
  0.3        4,158        4,158      692928           0          6 NINVR 
  0.2            1        2,586         144         432      17964 VERIFY 
  0.1          482        1,181         144 4.25167E+06       8207 ERROR_NORM 
  0.0          548          548         288           0       1904 MPI_Allreduce() 
  0.0           23          471         144         144       3275 RHS_NORM 
  0.0          218          218         144           0       1515 LHSINIT 
  0.0          200          200         144           0       1393 ALLOC_SPACE 
  0.0          187          187         288           0        650 MPI_Comm_dup() 
  0.0          103          103         576           0        180 MPI_Bcast() 
  0.0            2            2         144           0         16 MPI_Reduce() 
  0.0        0.272        0.272         144           0          2 SET_CONSTANTS 
  0.0        0.247        0.247         144           0          2 MAKE_SET 
  0.0        0.082        0.082         144           0          1 COMPUTE_BUFFER_SIZE 
  0.0        0.063        0.063         144           0          0 MPI_Comm_size() 
  0.0        0.022        0.022         144           0          0 MPI_Comm_rank() 
  0.0        0.001        0.001           1           0          1 SET_CLASS 

FUNCTION SUMMARY (mean):
---------------------------------------------------------------------------------------
%Time    Exclusive    Inclusive       #Call      #Subrs  Inclusive Name
              msec   total msec                          usec/call 
---------------------------------------------------------------------------------------
100.0      0.00506       11,430           1           1   11430014 .TAU application
100.0        0.588       11,430           1     419.007   11430009 MPSP 
 89.3            2       10,205         401        2406      25449 ADI 
 23.6          706        2,695         402        5628       6706 COPY_FACES 
 23.2          726        2,648         401       36090       6605 Z_SOLVE 
 19.0          873        2,175         401       36090       5426 X_SOLVE 
 18.5          737        2,111         401       36090       5266 Y_SOLVE 
 16.9        1,930        1,930       26868           0         72 MPI_Waitall() 
 13.7        1,561        1,561         402           0       3885 COMPUTE_RHS 
 10.8        1,234        1,234        4812           0        257 LHSZ 
  6.0          684          684        4812           0        142 LHSX 
  5.8          667          667        4812           0        139 LHSY 
  4.5          516          516           1           0     516272 MPI_Finalize() 
  4.4       0.0269          506           1           5     506160 SETUP_MPI 
  4.4          504          504           1           0     504834 MPI_Init() 
  2.6          298          298         401           0        744 ADD 
  2.4          278          278         401           0        696 TXINVR 
  1.8          208          208       28878           0          7 MPI_Isend() 
  1.7          198          198        4812           0         41 TZETAR 
  0.9           47          104           2      356481      52459 INITIALIZE 
  0.7           78           78      495872           0          0 EXACT_SOLUTION 
  0.4           43           43       28878           0          2 MPI_Irecv() 
  0.4           40           40           2           0      20458 MPI_Barrier() 
  0.3           17           34           1      109867      34360 EXACT_RHS 
  0.3           29           29        4812           0          6 PINVR 
  0.3           28           28        4812           0          6 NINVR 
  0.2       0.0126           17           1           3      17964 VERIFY 
  0.1            3            8           1     29525.5       8207 ERROR_NORM 
  0.0            3            3           2           0       1904 MPI_Allreduce() 
  0.0        0.163            3           1           1       3275 RHS_NORM 
  0.0            1            1           1           0       1515 LHSINIT 
  0.0            1            1           1           0       1393 ALLOC_SPACE 
  0.0            1            1           2           0        650 MPI_Comm_dup() 
  0.0        0.722        0.722           4           0        180 MPI_Bcast() 
  0.0        0.016        0.016           1           0         16 MPI_Reduce() 
  0.0      0.00189      0.00189           1           0          2 SET_CONSTANTS 
  0.0      0.00172      0.00172           1           0          2 MAKE_SET 
  0.0     0.000569     0.000569           1           0          1 COMPUTE_BUFFER_SIZE 
  0.0     0.000438     0.000438           1           0          0 MPI_Comm_size() 
  0.0     0.000153     0.000153           1           0          0 MPI_Comm_rank() 
  0.0     6.94E-06     6.94E-06  0.00694444           0          1 SET_CLASS 
