Reading Profile files in profile.*

FUNCTION SUMMARY (total):
---------------------------------------------------------------------------------------
%Time    Exclusive    Inclusive       #Call      #Subrs  Inclusive Name
              msec   total msec                          usec/call 
---------------------------------------------------------------------------------------
100.0        0.123  2:51:15.518          16          16  642219908 .TAU application
100.0        2,805  2:51:15.518          16       11440  642219901 CG 
 96.6  2:39:04.249  2:45:30.481        1616      882336    6145100 CONJ_GRAD 
  2.9     5:02.630     5:02.630      297344           0       1018 MPI_Send() 
  2.6       23,872     4:26.733          16     4.8E+07   16670856 MAKEA 
  1.9     1:49.016     3:16.288     2.4E+07 7.04756E+08          8 SPRNVC 
  0.8     1:27.272     1:27.272 7.04756E+08           0          0 ICNVRT 
  0.8     1:23.218     1:23.218      297344           0        280 MPI_Wait() 
  0.6     1:04.180     1:04.180          16           0    4011284 MPI_Finalize() 
  0.4       43,048       43,048          16           0    2690554 SPARSE 
  0.1            1       11,109          16          64     694325 INITIALIZE_MPI 
  0.1       11,101       11,101          16           0     693828 MPI_Init() 
  0.0        3,524        3,524     2.4E+07           0          0 VECSET 
  0.0          484          484      297344           0          2 MPI_Irecv() 
  0.0          100          100          16           0       6304 ALLOC_SPACE 
  0.0            6            6          16           0        426 MPI_Bcast() 
  0.0            4            4          16           0        291 MPI_Barrier() 
  0.0        0.514        0.514          16           0         32 MPI_Reduce() 
  0.0        0.006        0.006          16           0          0 SETUP_SUBMATRIX_INFO 
  0.0        0.005        0.005          16           0          0 MPI_Comm_size() 
  0.0        0.003        0.003          16           0          0 SETUP_PROC_INFO 
  0.0        0.001        0.001          16           0          0 MPI_Comm_rank() 

FUNCTION SUMMARY (mean):
---------------------------------------------------------------------------------------
%Time    Exclusive    Inclusive       #Call      #Subrs  Inclusive Name
              msec   total msec                          usec/call 
---------------------------------------------------------------------------------------
100.0      0.00769    10:42.219           1           1  642219908 .TAU application
100.0          175    10:42.219           1         715  642219901 CG 
 96.6     9:56.515    10:20.655         101       55146    6145100 CONJ_GRAD 
  2.9       18,914       18,914       18584           0       1018 MPI_Send() 
  2.6        1,492       16,670           1       3E+06   16670856 MAKEA 
  1.9        6,813       12,268     1.5E+06 4.40472E+07          8 SPRNVC 
  0.8        5,454        5,454 4.40472E+07           0          0 ICNVRT 
  0.8        5,201        5,201       18584           0        280 MPI_Wait() 
  0.6        4,011        4,011           1           0    4011284 MPI_Finalize() 
  0.4        2,690        2,690           1           0    2690554 SPARSE 
  0.1       0.0698          694           1           4     694325 INITIALIZE_MPI 
  0.1          693          693           1           0     693828 MPI_Init() 
  0.0          220          220     1.5E+06           0          0 VECSET 
  0.0           30           30       18584           0          2 MPI_Irecv() 
  0.0            6            6           1           0       6304 ALLOC_SPACE 
  0.0        0.426        0.426           1           0        426 MPI_Bcast() 
  0.0        0.291        0.291           1           0        291 MPI_Barrier() 
  0.0       0.0321       0.0321           1           0         32 MPI_Reduce() 
  0.0     0.000375     0.000375           1           0          0 SETUP_SUBMATRIX_INFO 
  0.0     0.000313     0.000313           1           0          0 MPI_Comm_size() 
  0.0     0.000188     0.000188           1           0          0 SETUP_PROC_INFO 
  0.0     6.25E-05     6.25E-05           1           0          0 MPI_Comm_rank() 
