Reading Profile files in profile.*

FUNCTION SUMMARY (total):
---------------------------------------------------------------------------------------
%Time    Exclusive    Inclusive       #Call      #Subrs  Inclusive Name
              msec   total msec                          usec/call 
---------------------------------------------------------------------------------------
100.0        0.413     2:43.005          64          64    2546964 .TAU application
100.0            3     2:43.005          64        1089    2546958 APPLU 
 48.0        4,456     1:18.310         128 3.48756E+07     611801 SSOR 
 29.4       47,977       47,977          64           0     749656 MPI_Finalize() 
 21.6            2       35,164          64         192     549452 INIT_COMM 
 21.6       35,161       35,161          64           0     549406 MPI_Init() 
 19.6        1,818       32,008 3.98387E+06 6.97178E+06          8 EXCHANGE_1 
 17.6       28,708       28,708 3.48589E+06           0          8 MPI_Recv() 
  7.9        7,067       12,917       16192       32384        798 RHS 
  4.7        7,713        7,713 7.71875E+06           0          1 JACLD 
  4.7        7,672        7,672 7.71875E+06           0          1 JACU 
  4.1        6,696        6,696 7.71875E+06           0          1 BLTS 
  4.1        6,678        6,678 7.71875E+06           0          1 BUTS 
  3.8        1,035        6,153       32512      170688        189 EXCHANGE_3 
  2.1        3,445        3,445 3.54292E+06           0          1 MPI_Send() 
  1.9        3,074        3,074       57036           0         54 MPI_Wait() 
  0.6          423          964         128 2.85994E+06       7534 SETIV 
  0.4          591          591 3.14742E+06           0          0 EXACT 
  0.2           71          375          64         128       5873 ERHS 
  0.1          170          170         640           0        266 MPI_Allreduce() 
  0.1            3          131         256         256        513 L2NORM 
  0.1        0.959          106          64          65       1668 READ_INPUT 
  0.1        0.603          105          64         640       1653 BCAST_INPUTS 
  0.1          105          105         640           0        164 MPI_Bcast() 
  0.0           81           81       57036           0          1 MPI_Irecv() 
  0.0           26           69          64      238392       1081 ERROR 
  0.0            7           21         128       49152        167 SETBV 
  0.0            1            8          64         288        127 PINTGR 
  0.0            5            5         128           0         44 MPI_Barrier() 
  0.0            2            2          64           0         41 ALLOC_SPACE 
  0.0         0.12            1          64         336         21 EXCHANGE_4 
  0.0        0.216        0.216           1           0        216 VERIFY 
  0.0        0.011         0.17          16          42         11 EXCHANGE_6 
  0.0        0.156        0.169          64          64          3 PROC_GRID 
  0.0        0.013        0.134          16          42          8 EXCHANGE_5 
  0.0        0.046        0.046          64           0          1 SETCOEFF 
  0.0        0.034        0.034          64           0          1 MPI_Comm_size() 
  0.0        0.019        0.019          64           0          0 SUBDOMAIN 
  0.0        0.017        0.017          64           0          0 MPI_Comm_rank() 
  0.0        0.014        0.014          64           0          0 NEIGHBORS 
  0.0        0.013        0.013          64           0          0 ISQRT2 
  0.0        0.001        0.001           1           0          1 SET_CLASS 

FUNCTION SUMMARY (mean):
---------------------------------------------------------------------------------------
%Time    Exclusive    Inclusive       #Call      #Subrs  Inclusive Name
              msec   total msec                          usec/call 
---------------------------------------------------------------------------------------
100.0      0.00645        2,546           1           1    2546964 .TAU application
100.0       0.0503        2,546           1     17.0156    2546958 APPLU 
 48.0           69        1,223           2      544931     611801 SSOR 
 29.4          749          749           1           0     749656 MPI_Finalize() 
 21.6       0.0449          549           1           3     549452 INIT_COMM 
 21.6          549          549           1           0     549406 MPI_Init() 
 19.6           28          500       62248      108934          8 EXCHANGE_1 
 17.6          448          448       54467           0          8 MPI_Recv() 
  7.9          110          201         253         506        798 RHS 
  4.7          120          120      120606           0          1 JACLD 
  4.7          119          119      120606           0          1 JACU 
  4.1          104          104      120606           0          1 BLTS 
  4.1          104          104      120606           0          1 BUTS 
  3.8           16           96         508        2667        189 EXCHANGE_3 
  2.1           53           53     55358.2           0          1 MPI_Send() 
  1.9           48           48     891.188           0         54 MPI_Wait() 
  0.6            6           15           2     44686.5       7534 SETIV 
  0.4            9            9     49178.4           0          0 EXACT 
  0.2            1            5           1           2       5873 ERHS 
  0.1            2            2          10           0        266 MPI_Allreduce() 
  0.1        0.057            2           4           4        513 L2NORM 
  0.1        0.015            1           1     1.01562       1668 READ_INPUT 
  0.1      0.00942            1           1          10       1653 BCAST_INPUTS 
  0.1            1            1          10           0        164 MPI_Bcast() 
  0.0            1            1     891.188           0          1 MPI_Irecv() 
  0.0        0.419            1           1     3724.88       1081 ERROR 
  0.0        0.113        0.334           2         768        167 SETBV 
  0.0       0.0157        0.127           1         4.5        127 PINTGR 
  0.0        0.088        0.088           2           0         44 MPI_Barrier() 
  0.0       0.0413       0.0413           1           0         41 ALLOC_SPACE 
  0.0      0.00187       0.0212           1        5.25         21 EXCHANGE_4 
  0.0      0.00337      0.00337    0.015625           0        216 VERIFY 
  0.0     0.000172      0.00266        0.25     0.65625         11 EXCHANGE_6 
  0.0      0.00244      0.00264           1           1          3 PROC_GRID 
  0.0     0.000203      0.00209        0.25     0.65625          8 EXCHANGE_5 
  0.0     0.000719     0.000719           1           0          1 SETCOEFF 
  0.0     0.000531     0.000531           1           0          1 MPI_Comm_size() 
  0.0     0.000297     0.000297           1           0          0 SUBDOMAIN 
  0.0     0.000266     0.000266           1           0          0 MPI_Comm_rank() 
  0.0     0.000219     0.000219           1           0          0 NEIGHBORS 
  0.0     0.000203     0.000203           1           0          0 ISQRT2 
  0.0     1.56E-05     1.56E-05    0.015625           0          1 SET_CLASS 
