Reading Profile files in profile.*

FUNCTION SUMMARY (total):
---------------------------------------------------------------------------------------
%Time    Exclusive    Inclusive       #Call      #Subrs  Inclusive Name
              msec   total msec                          usec/call 
---------------------------------------------------------------------------------------
100.0        0.176  3:32:15.380          32          32  397980654 .TAU application
100.0            2  3:32:15.380          32         545  397980648 APPLU 
 97.8     8:32.687  3:27:31.151          64 1.60335E+09  194549237 SSOR 
 26.9    52:40.406    57:00.879        9696       19392     352814 RHS 
 15.6    33:05.564    33:05.564 3.96925E+08           0          5 JACLD 
 15.5    32:57.195    32:57.195 3.96925E+08           0          5 JACU 
 15.2    32:13.238    32:13.238 3.96925E+08           0          5 BLTS 
 14.9    31:36.868    31:36.868 3.96925E+08           0          5 BUTS 
  5.7       27,512    12:01.354 1.56424E+07 2.54188E+07         46 EXCHANGE_1 
  5.3    11:20.621    11:20.621 1.27094E+07           0         54 MPI_Recv() 
  2.1     1:41.010     4:24.834       19456       94848      13612 EXCHANGE_3 
  1.6     1:25.095     3:27.782          64 8.03081E+08    3246598 SETIV 
  1.0     2:13.708     2:13.708 8.72002E+08           0          0 EXACT 
  0.8     1:35.835     1:35.835       31688           0       3024 MPI_Wait() 
  0.6     1:20.577     1:20.577 1.27411E+07           0          6 MPI_Send() 
  0.2       21,019       21,019          32           0     656869 MPI_Finalize() 
  0.1       13,921       18,283          32          64     571358 ERHS 
  0.1        7,475       18,072          32 6.69234E+07     564754 ERROR 
  0.1            1       17,803          32          96     556352 INIT_COMM 
  0.1       17,801       17,801          32           0     556305 MPI_Init() 
  0.0        1,257        3,012         128         128      23532 L2NORM 
  0.0        2,538        2,538         320           0       7933 MPI_Allreduce() 
  0.0          251        1,089          64 1.99757E+06      17021 SETBV 
  0.0          634          634       31688           0         20 MPI_Irecv() 
  0.0           88           88          32           0       2774 ALLOC_SPACE 
  0.0           27           51          32         152       1602 PINTGR 
  0.0        0.787           36          32          33       1129 READ_INPUT 
  0.0        0.349           35          32         320       1104 BCAST_INPUTS 
  0.0           34           34         320           0        109 MPI_Bcast() 
  0.0            1            1          64           0         22 MPI_Barrier() 
  0.0        0.136         0.96          32         156         30 EXCHANGE_4 
  0.0        0.045        0.324          16          42         20 EXCHANGE_5 
  0.0        0.183        0.183           1           0        183 VERIFY 
  0.0        0.095        0.106          32          32          3 PROC_GRID 
  0.0        0.014        0.041           8          18          5 EXCHANGE_6 
  0.0         0.03         0.03          32           0          1 SETCOEFF 
  0.0        0.015        0.015          32           0          0 MPI_Comm_size() 
  0.0        0.015        0.015          32           0          0 NEIGHBORS 
  0.0        0.011        0.011          32           0          0 ISQRT2 
  0.0         0.01         0.01          32           0          0 SUBDOMAIN 
  0.0        0.007        0.007          32           0          0 MPI_Comm_rank() 
  0.0        0.001        0.001           1           0          1 SET_CLASS 

FUNCTION SUMMARY (mean):
---------------------------------------------------------------------------------------
%Time    Exclusive    Inclusive       #Call      #Subrs  Inclusive Name
              msec   total msec                          usec/call 
---------------------------------------------------------------------------------------
100.0       0.0055     6:37.980           1           1  397980654 .TAU application
100.0       0.0871     6:37.980           1     17.0312  397980648 APPLU 
 97.8       16,021     6:29.098           2 5.01048E+07  194549237 SSOR 
 26.9     1:38.762     1:46.902         303         606     352814 RHS 
 15.6     1:02.048     1:02.048 1.24039E+07           0          5 JACLD 
 15.5     1:01.787     1:01.787 1.24039E+07           0          5 JACU 
 15.2     1:00.413     1:00.413 1.24039E+07           0          5 BLTS 
 14.9       59,277       59,277 1.24039E+07           0          5 BUTS 
  5.7          859       22,542      488824      794339         46 EXCHANGE_1 
  5.3       21,269       21,269      397170           0         54 MPI_Recv() 
  2.1        3,156        8,276         608        2964      13612 EXCHANGE_3 
  1.6        2,659        6,493           2 2.50963E+07    3246598 SETIV 
  1.0        4,178        4,178 2.72501E+07           0          0 EXACT 
  0.8        2,994        2,994      990.25           0       3024 MPI_Wait() 
  0.6        2,518        2,518      398160           0          6 MPI_Send() 
  0.2          656          656           1           0     656869 MPI_Finalize() 
  0.1          435          571           1           2     571358 ERHS 
  0.1          233          564           1 2.09136E+06     564754 ERROR 
  0.1       0.0463          556           1           3     556352 INIT_COMM 
  0.1          556          556           1           0     556305 MPI_Init() 
  0.0           39           94           4           4      23532 L2NORM 
  0.0           79           79          10           0       7933 MPI_Allreduce() 
  0.0            7           34           2       62424      17021 SETBV 
  0.0           19           19      990.25           0         20 MPI_Irecv() 
  0.0            2            2           1           0       2774 ALLOC_SPACE 
  0.0         0.85            1           1        4.75       1602 PINTGR 
  0.0       0.0246            1           1     1.03125       1129 READ_INPUT 
  0.0       0.0109            1           1          10       1104 BCAST_INPUTS 
  0.0            1            1          10           0        109 MPI_Bcast() 
  0.0       0.0443       0.0443           2           0         22 MPI_Barrier() 
  0.0      0.00425         0.03           1       4.875         30 EXCHANGE_4 
  0.0      0.00141       0.0101         0.5      1.3125         20 EXCHANGE_5 
  0.0      0.00572      0.00572     0.03125           0        183 VERIFY 
  0.0      0.00297      0.00331           1           1          3 PROC_GRID 
  0.0     0.000438      0.00128        0.25      0.5625          5 EXCHANGE_6 
  0.0     0.000937     0.000937           1           0          1 SETCOEFF 
  0.0     0.000469     0.000469           1           0          0 MPI_Comm_size() 
  0.0     0.000469     0.000469           1           0          0 NEIGHBORS 
  0.0     0.000344     0.000344           1           0          0 ISQRT2 
  0.0     0.000313     0.000313           1           0          0 SUBDOMAIN 
  0.0     0.000219     0.000219           1           0          0 MPI_Comm_rank() 
  0.0     3.13E-05     3.13E-05     0.03125           0          1 SET_CLASS 
