Reading Profile files in profile.*

FUNCTION SUMMARY (total):
---------------------------------------------------------------------------------------
%Time    Exclusive    Inclusive       #Call      #Subrs  Inclusive Name
              msec   total msec                          usec/call 
---------------------------------------------------------------------------------------
100.0        0.037  3:15:57.303           8           8 1469662983 .TAU application
100.0        0.848  3:15:57.303           8         137 1469662978 APPLU 
 97.7     6:54.628  3:11:26.905          16 7.97763E+08  717931611 SSOR 
 27.0    51:22.767    52:54.954        2424        4848    1309800 RHS 
 16.7    32:38.727    32:38.727 1.98463E+08           0         10 JACLD 
 16.3    31:52.696    31:52.696 1.98463E+08           0         10 JACU 
 16.3    31:51.421    31:51.421 1.98463E+08           0         10 BLTS 
 15.9    31:15.259    31:15.259 1.98463E+08           0          9 BUTS 
  2.0        9,548     3:57.663 3.91059E+06 4.88824E+06         61 EXCHANGE_1 
  1.8     1:24.514     3:26.324          16 8.03081E+08   12895281 SETIV 
  1.4     2:39.855     2:39.855 2.44412E+06           0         65 MPI_Recv() 
  1.1     2:12.944     2:12.944 8.72002E+08           0          0 EXACT 
  0.8       46,278     1:33.483        4864       18240      19219 EXCHANGE_3 
  0.7     1:25.304     1:25.304 2.45022E+06           0         35 MPI_Send() 
  0.3       30,143       30,143        6098           0       4943 MPI_Wait() 
  0.2       27,055       27,055           8           0    3381999 MPI_Finalize() 
  0.2        7,476       17,744           8 6.69234E+07    2218042 ERROR 
  0.1       13,655       14,951           8          16    1868961 ERHS 
  0.0        0.338        3,108           8          24     388550 INIT_COMM 
  0.0        3,108        3,108           8           0     388507 MPI_Init() 
  0.0        1,086        1,436          32          32      44900 L2NORM 
  0.0          204        1,167          16 1.99757E+06      72993 SETBV 
  0.0          570          570          80           0       7128 MPI_Allreduce() 
  0.0           15           21           8          44       2742 PINTGR 
  0.0           18           18           8           0       2276 ALLOC_SPACE 
  0.0           17           17        6098           0          3 MPI_Irecv() 
  0.0        0.402            4           8           9        504 READ_INPUT 
  0.0         0.07            3           8          80        454 BCAST_INPUTS 
  0.0            3            3          80           0         45 MPI_Bcast() 
  0.0         0.04        0.651           8          30         81 EXCHANGE_4 
  0.0        0.362        0.362          16           0         23 MPI_Barrier() 
  0.0        0.186        0.186           1           0        186 VERIFY 
  0.0        0.016        0.114           8          18         14 EXCHANGE_5 
  0.0        0.009        0.082           4           6         20 EXCHANGE_6 
  0.0        0.014        0.017           8           8          2 PROC_GRID 
  0.0        0.007        0.007           8           0          1 SETCOEFF 
  0.0        0.006        0.006           8           0          1 NEIGHBORS 
  0.0        0.003        0.003           8           0          0 ISQRT2 
  0.0        0.002        0.002           8           0          0 MPI_Comm_rank() 
  0.0        0.002        0.002           8           0          0 SUBDOMAIN 
  0.0        0.001        0.001           8           0          0 MPI_Comm_size() 
  0.0            0            0           1           0          0 SET_CLASS 

FUNCTION SUMMARY (mean):
---------------------------------------------------------------------------------------
%Time    Exclusive    Inclusive       #Call      #Subrs  Inclusive Name
              msec   total msec                          usec/call 
---------------------------------------------------------------------------------------
100.0      0.00462    24:29.662           1           1 1469662983 .TAU application
100.0        0.106    24:29.662           1      17.125 1469662978 APPLU 
 97.7       51,828    23:55.863           2 9.97204E+07  717931611 SSOR 
 27.0     6:25.345     6:36.869         303         606    1309800 RHS 
 16.7     4:04.840     4:04.840 2.48078E+07           0         10 JACLD 
 16.3     3:59.087     3:59.087 2.48078E+07           0         10 JACU 
 16.3     3:58.927     3:58.927 2.48078E+07           0         10 BLTS 
 15.9     3:54.407     3:54.407 2.48078E+07           0          9 BUTS 
  2.0        1,193       29,707      488824      611030         61 EXCHANGE_1 
  1.8       10,564       25,790           2 1.00385E+08   12895281 SETIV 
  1.4       19,981       19,981      305515           0         65 MPI_Recv() 
  1.1       16,618       16,618    1.09E+08           0          0 EXACT 
  0.8        5,784       11,685         608        2280      19219 EXCHANGE_3 
  0.7       10,663       10,663      306277           0         35 MPI_Send() 
  0.3        3,767        3,767      762.25           0       4943 MPI_Wait() 
  0.2        3,381        3,381           1           0    3381999 MPI_Finalize() 
  0.2          934        2,218           1 8.36543E+06    2218042 ERROR 
  0.1        1,706        1,868           1           2    1868961 ERHS 
  0.0       0.0423          388           1           3     388550 INIT_COMM 
  0.0          388          388           1           0     388507 MPI_Init() 
  0.0          135          179           4           4      44900 L2NORM 
  0.0           25          145           2      249696      72993 SETBV 
  0.0           71           71          10           0       7128 MPI_Allreduce() 
  0.0            1            2           1         5.5       2742 PINTGR 
  0.0            2            2           1           0       2276 ALLOC_SPACE 
  0.0            2            2      762.25           0          3 MPI_Irecv() 
  0.0       0.0503        0.504           1       1.125        504 READ_INPUT 
  0.0      0.00875        0.454           1          10        454 BCAST_INPUTS 
  0.0        0.445        0.445          10           0         45 MPI_Bcast() 
  0.0        0.005       0.0814           1        3.75         81 EXCHANGE_4 
  0.0       0.0452       0.0452           2           0         23 MPI_Barrier() 
  0.0       0.0232       0.0232       0.125           0        186 VERIFY 
  0.0        0.002       0.0143           1        2.25         14 EXCHANGE_5 
  0.0      0.00112       0.0103         0.5        0.75         20 EXCHANGE_6 
  0.0      0.00175      0.00213           1           1          2 PROC_GRID 
  0.0     0.000875     0.000875           1           0          1 SETCOEFF 
  0.0      0.00075      0.00075           1           0          1 NEIGHBORS 
  0.0     0.000375     0.000375           1           0          0 ISQRT2 
  0.0      0.00025      0.00025           1           0          0 MPI_Comm_rank() 
  0.0      0.00025      0.00025           1           0          0 SUBDOMAIN 
  0.0     0.000125     0.000125           1           0          0 MPI_Comm_size() 
  0.0            0            0       0.125           0          0 SET_CLASS 
