Reading Profile files in profile.*

FUNCTION SUMMARY (total):
---------------------------------------------------------------------------------------
%Time    Exclusive    Inclusive       #Call      #Subrs  Inclusive Name
              msec   total msec                          usec/call 
---------------------------------------------------------------------------------------
100.0            1    28:31.844         225         225    7608196 .TAU application
100.0           99    28:31.842         225       94276    7608191 MPSP 
 84.6          378    24:08.830       90225      541350      16058 ADI 
 25.3     7:13.552     7:13.552 7.66935E+06           0         57 MPI_Waitall() 
 23.3     1:26.301     6:38.039       90450  1.2663E+06       4401 COPY_FACES 
 19.9     1:26.016     5:40.414       90225 1.02856E+07       3773 Y_SOLVE 
 19.1     1:41.343     5:26.951       90225 1.02856E+07       3624 X_SOLVE 
 19.0     1:35.945     5:24.549       90225 1.02856E+07       3597 Z_SOLVE 
 13.3     3:47.510     3:47.510       90450           0       2515 COMPUTE_RHS 
  6.8     1:56.088     1:56.088         225           0     515950 MPI_Finalize() 
  6.7            5     1:55.472         225        1125     513211 SETUP_MPI 
  6.7     1:55.146     1:55.146         225           0     511761 MPI_Init() 
  5.7     1:38.065     1:38.065 1.35338E+06           0         72 LHSX 
  5.4     1:31.979     1:31.979 1.35338E+06           0         68 LHSZ 
  4.8     1:21.600     1:21.600 1.35338E+06           0         60 LHSY 
  2.2       38,358       38,358  8.1216E+06           0          5 MPI_Isend() 
  2.0       34,250       34,250       90225           0        380 ADD 
  1.7       29,407       29,407 1.35338E+06           0         22 TZETAR 
  1.5       25,222       25,222       90225           0        280 TXINVR 
  0.9        7,254       15,770         450 5.13333E+07      35046 INITIALIZE 
  0.7       12,033       12,033 7.23272E+07           0          0 EXACT_SOLUTION 
  0.6       10,685       10,685  8.1216E+06           0          1 MPI_Irecv() 
  0.4        3,222        6,141         225 1.67424E+07      27294 EXACT_RHS 
  0.3        5,599        5,599         450           0      12443 MPI_Barrier() 
  0.3        4,666        4,666 1.35338E+06           0          3 PINVR 
  0.3        4,520        4,520 1.35338E+06           0          3 NINVR 
  0.2            2        3,134         225         675      13933 VERIFY 
  0.1          485        1,322         225 4.25175E+06       5880 ERROR_NORM 
  0.1        1,056        1,056         450           0       2347 MPI_Allreduce() 
  0.0           17          833         225         225       3706 RHS_NORM 
  0.0          320          320         450           0        712 MPI_Comm_dup() 
  0.0          306          306         225           0       1364 ALLOC_SPACE 
  0.0          203          203         900           0        227 MPI_Bcast() 
  0.0          190          190         225           0        846 LHSINIT 
  0.0            3            3         225           0         15 MPI_Reduce() 
  0.0        0.415        0.415         225           0          2 MAKE_SET 
  0.0        0.404        0.404         225           0          2 SET_CONSTANTS 
  0.0        0.126        0.126         225           0          1 COMPUTE_BUFFER_SIZE 
  0.0        0.101        0.101         225           0          0 MPI_Comm_size() 
  0.0        0.041        0.041         225           0          0 MPI_Comm_rank() 
  0.0            0            0           1           0          0 SET_CLASS 

FUNCTION SUMMARY (mean):
---------------------------------------------------------------------------------------
%Time    Exclusive    Inclusive       #Call      #Subrs  Inclusive Name
              msec   total msec                          usec/call 
---------------------------------------------------------------------------------------
100.0       0.0049        7,608           1           1    7608196 .TAU application
100.0        0.443        7,608           1     419.004    7608191 MPSP 
 84.6            1        6,439         401        2406      16058 ADI 
 25.3        1,926        1,926       34086           0         57 MPI_Waitall() 
 23.3          383        1,769         402        5628       4401 COPY_FACES 
 19.9          382        1,512         401       45714       3773 Y_SOLVE 
 19.1          450        1,453         401       45714       3624 X_SOLVE 
 19.0          426        1,442         401       45714       3597 Z_SOLVE 
 13.3        1,011        1,011         402           0       2515 COMPUTE_RHS 
  6.8          515          515           1           0     515950 MPI_Finalize() 
  6.7       0.0241          513           1           5     513211 SETUP_MPI 
  6.7          511          511           1           0     511761 MPI_Init() 
  5.7          435          435        6015           0         72 LHSX 
  5.4          408          408        6015           0         68 LHSZ 
  4.8          362          362        6015           0         60 LHSY 
  2.2          170          170       36096           0          5 MPI_Isend() 
  2.0          152          152         401           0        380 ADD 
  1.7          130          130        6015           0         22 TZETAR 
  1.5          112          112         401           0        280 TXINVR 
  0.9           32           70           2      228148      35046 INITIALIZE 
  0.7           53           53      321454           0          0 EXACT_SOLUTION 
  0.6           47           47       36096           0          1 MPI_Irecv() 
  0.4           14           27           1     74410.7      27294 EXACT_RHS 
  0.3           24           24           2           0      12443 MPI_Barrier() 
  0.3           20           20        6015           0          3 PINVR 
  0.3           20           20        6015           0          3 NINVR 
  0.2       0.0106           13           1           3      13933 VERIFY 
  0.1            2            5           1     18896.7       5880 ERROR_NORM 
  0.1            4            4           2           0       2347 MPI_Allreduce() 
  0.0       0.0775            3           1           1       3706 RHS_NORM 
  0.0            1            1           2           0        712 MPI_Comm_dup() 
  0.0            1            1           1           0       1364 ALLOC_SPACE 
  0.0        0.907        0.907           4           0        227 MPI_Bcast() 
  0.0        0.846        0.846           1           0        846 LHSINIT 
  0.0        0.015        0.015           1           0         15 MPI_Reduce() 
  0.0      0.00184      0.00184           1           0          2 MAKE_SET 
  0.0       0.0018       0.0018           1           0          2 SET_CONSTANTS 
  0.0      0.00056      0.00056           1           0          1 COMPUTE_BUFFER_SIZE 
  0.0     0.000449     0.000449           1           0          0 MPI_Comm_size() 
  0.0     0.000182     0.000182           1           0          0 MPI_Comm_rank() 
  0.0            0            0  0.00444444           0          0 SET_CLASS 
