Reading Profile files in profile.*

FUNCTION SUMMARY (total):
---------------------------------------------------------------------------------------
%Time    Exclusive    Inclusive       #Call      #Subrs  Inclusive Name
              msec   total msec                          usec/call 
---------------------------------------------------------------------------------------
100.0            1    11:33.468         256         256    2708859 .TAU application
100.0           94    11:33.466         256      107265    2708855 MPSP 
 59.8          249     6:54.725      102656      615936       4040 ADI 
 21.9     2:31.762     2:31.762 9.34195E+06           0         16 MPI_Waitall() 
 19.6            6     2:16.168         256        1280     531909 SETUP_MPI 
 19.6     2:15.796     2:15.796         256           0     530454 MPI_Init() 
 19.3     2:13.636     2:13.636         256           0     522019 MPI_Finalize() 
 19.0       30,712     2:11.730      102912 1.44077E+06       1280 COPY_FACES 
 14.5       21,371     1:40.413      102656  1.2524E+07        978 Y_SOLVE 
 13.8       21,044     1:35.663      102656  1.2524E+07        932 X_SOLVE 
 10.6       21,522     1:13.744      102656  1.2524E+07        718 Z_SOLVE 
  8.8     1:00.845     1:00.845      102912           0        591 COMPUTE_RHS 
  4.8       33,138       33,138  1.6425E+06           0         20 LHSX 
  2.6       18,330       18,330 9.85651E+06           0          2 MPI_Isend() 
  2.2       14,942       14,942  1.6425E+06           0          9 LHSZ 
  2.1       14,289       14,289  1.6425E+06           0          9 LHSY 
  1.3        9,327        9,327      102656           0         91 ADD 
  0.8        5,237        5,237  1.6425E+06           0          3 TZETAR 
  0.7        4,766        4,766 9.85651E+06           0          0 MPI_Irecv() 
  0.7        2,162        4,524         512 1.28593E+07       8837 INITIALIZE 
  0.6        3,915        3,915      102656           0         38 TXINVR 
  0.5        3,410        3,410 1.87806E+07           0          0 EXACT_SOLUTION 
  0.3        1,025        1,922         256    4.86E+06       7510 EXACT_RHS 
  0.3        1,810        1,810  1.6425E+06           0          1 PINVR 
  0.3        1,778        1,778  1.6425E+06           0          1 NINVR 
  0.1            1        1,038         256         768       4055 VERIFY 
  0.1        1,024        1,024         512           0       2001 MPI_Barrier() 
  0.1          123          607         256 1.06146E+06       2372 ERROR_NORM 
  0.1          438          438         512           0        857 MPI_Allreduce() 
  0.1          365          365         512           0        715 MPI_Comm_dup() 
  0.0          194          194        1024           0        190 MPI_Bcast() 
  0.0          114          114         256           0        447 LHSINIT 
  0.0            3          110         256         256        432 RHS_NORM 
  0.0           16           16         256           0         66 ALLOC_SPACE 
  0.0            4            4         256           0         17 MPI_Reduce() 
  0.0        0.421        0.421         256           0          2 SET_CONSTANTS 
  0.0         0.27         0.27         256           0          1 MAKE_SET 
  0.0        0.135        0.135         256           0          1 COMPUTE_BUFFER_SIZE 
  0.0        0.114        0.114         256           0          0 MPI_Comm_size() 
  0.0        0.052        0.052         256           0          0 MPI_Comm_rank() 
  0.0        0.001        0.001           1           0          1 SET_CLASS 

FUNCTION SUMMARY (mean):
---------------------------------------------------------------------------------------
%Time    Exclusive    Inclusive       #Call      #Subrs  Inclusive Name
              msec   total msec                          usec/call 
---------------------------------------------------------------------------------------
100.0      0.00476        2,708           1           1    2708859 .TAU application
100.0        0.369        2,708           1     419.004    2708855 MPSP 
 59.8        0.974        1,620         401        2406       4040 ADI 
 21.9          592          592       36492           0         16 MPI_Waitall() 
 19.6       0.0245          531           1           5     531909 SETUP_MPI 
 19.6          530          530           1           0     530454 MPI_Init() 
 19.3          522          522           1           0     522019 MPI_Finalize() 
 19.0          119          514         402        5628       1280 COPY_FACES 
 14.5           83          392         401       48922        978 Y_SOLVE 
 13.8           82          373         401       48922        932 X_SOLVE 
 10.6           84          288         401       48922        718 Z_SOLVE 
  8.8          237          237         402           0        591 COMPUTE_RHS 
  4.8          129          129        6416           0         20 LHSX 
  2.6           71           71       38502           0          2 MPI_Isend() 
  2.2           58           58        6416           0          9 LHSZ 
  2.1           55           55        6416           0          9 LHSY 
  1.3           36           36         401           0         91 ADD 
  0.8           20           20        6416           0          3 TZETAR 
  0.7           18           18       38502           0          0 MPI_Irecv() 
  0.7            8           17           2     50231.8       8837 INITIALIZE 
  0.6           15           15         401           0         38 TXINVR 
  0.5           13           13     73361.5           0          0 EXACT_SOLUTION 
  0.3            4            7           1     18984.4       7510 EXACT_RHS 
  0.3            7            7        6416           0          1 PINVR 
  0.3            6            6        6416           0          1 NINVR 
  0.1      0.00724            4           1           3       4055 VERIFY 
  0.1            4            4           2           0       2001 MPI_Barrier() 
  0.1        0.484            2           1     4146.34       2372 ERROR_NORM 
  0.1            1            1           2           0        857 MPI_Allreduce() 
  0.1            1            1           2           0        715 MPI_Comm_dup() 
  0.0        0.761        0.761           4           0        190 MPI_Bcast() 
  0.0        0.447        0.447           1           0        447 LHSINIT 
  0.0       0.0138        0.432           1           1        432 RHS_NORM 
  0.0       0.0659       0.0659           1           0         66 ALLOC_SPACE 
  0.0       0.0174       0.0174           1           0         17 MPI_Reduce() 
  0.0      0.00164      0.00164           1           0          2 SET_CONSTANTS 
  0.0      0.00105      0.00105           1           0          1 MAKE_SET 
  0.0     0.000527     0.000527           1           0          1 COMPUTE_BUFFER_SIZE 
  0.0     0.000445     0.000445           1           0          0 MPI_Comm_size() 
  0.0     0.000203     0.000203           1           0          0 MPI_Comm_rank() 
  0.0     3.91E-06     3.91E-06  0.00390625           0          1 SET_CLASS 
