Reading Profile files in profile.*

FUNCTION SUMMARY (total):
---------------------------------------------------------------------------------------
%Time    Exclusive    Inclusive       #Call      #Subrs  Inclusive Name
              msec   total msec                          usec/call 
---------------------------------------------------------------------------------------
100.0            1    33:38.991         256         256    7886685 .TAU application
100.0          108    33:38.990         256      107265    7886681 MPSP 
 85.4          466    28:43.862      102656      615936      16793 ADI 
 30.8    10:22.120    10:22.120 9.34195E+06           0         67 MPI_Waitall() 
 21.6     1:31.396     7:15.200      102912 1.44077E+06       4229 COPY_FACES 
 20.9     1:30.811     7:02.361      102656  1.2524E+07       4114 Y_SOLVE 
 20.1     1:46.383     6:45.170      102656  1.2524E+07       3947 X_SOLVE 
 19.8     1:41.820     6:39.852      102656  1.2524E+07       3895 Z_SOLVE 
 12.0     4:02.730     4:02.730      102912           0       2359 COMPUTE_RHS 
  6.5     2:11.166     2:11.166         256           0     512368 MPI_Finalize() 
  6.5            6     2:11.049         256        1280     511911 SETUP_MPI 
  6.5     2:10.654     2:10.654         256           0     510370 MPI_Init() 
  5.6     1:52.385     1:52.385  1.6425E+06           0         68 LHSX 
  5.4     1:48.521     1:48.521  1.6425E+06           0         66 LHSZ 
  4.5     1:30.408     1:30.408  1.6425E+06           0         55 LHSY 
  2.0       41,348       41,348 9.85651E+06           0          4 MPI_Isend() 
  1.7       34,277       34,277      102656           0        334 ADD 
  1.6       32,198       32,198  1.6425E+06           0         20 TZETAR 
  1.4       27,583       27,583      102656           0        269 TXINVR 
  0.8        7,437       16,170         512 5.13333E+07      31583 INITIALIZE 
  0.6       13,024       13,024 9.85651E+06           0          1 MPI_Irecv() 
  0.6       12,493       12,493 7.26344E+07           0          0 EXACT_SOLUTION 
  0.3        3,550        6,703         256 1.70496E+07      26187 EXACT_RHS 
  0.3        5,251        5,251         512           0      10257 MPI_Barrier() 
  0.2        4,817        4,817  1.6425E+06           0          3 PINVR 
  0.2        4,616        4,616  1.6425E+06           0          3 NINVR 
  0.2            2        3,940         256         768      15394 VERIFY 
  0.1          486        2,462         256 4.25178E+06       9619 ERROR_NORM 
  0.1        1,772        1,772         512           0       3463 MPI_Allreduce() 
  0.0           22          426         256         256       1666 RHS_NORM 
  0.0          388          388         512           0        758 MPI_Comm_dup() 
  0.0          365          365         256           0       1428 ALLOC_SPACE 
  0.0          209          209        1024           0        204 MPI_Bcast() 
  0.0          157          157         256           0        616 LHSINIT 
  0.0            3            3         256           0         13 MPI_Reduce() 
  0.0        0.605        0.605         256           0          2 MAKE_SET 
  0.0         0.56         0.56         256           0          2 SET_CONSTANTS 
  0.0         0.15         0.15         256           0          1 COMPUTE_BUFFER_SIZE 
  0.0        0.101        0.101         256           0          0 MPI_Comm_size() 
  0.0        0.055        0.055         256           0          0 MPI_Comm_rank() 
  0.0        0.001        0.001           1           0          1 SET_CLASS 

FUNCTION SUMMARY (mean):
---------------------------------------------------------------------------------------
%Time    Exclusive    Inclusive       #Call      #Subrs  Inclusive Name
              msec   total msec                          usec/call 
---------------------------------------------------------------------------------------
100.0      0.00476        7,886           1           1    7886685 .TAU application
100.0        0.423        7,886           1     419.004    7886681 MPSP 
 85.4            1        6,733         401        2406      16793 ADI 
 30.8        2,430        2,430       36492           0         67 MPI_Waitall() 
 21.6          357        1,700         402        5628       4229 COPY_FACES 
 20.9          354        1,649         401       48922       4114 Y_SOLVE 
 20.1          415        1,582         401       48922       3947 X_SOLVE 
 19.8          397        1,561         401       48922       3895 Z_SOLVE 
 12.0          948          948         402           0       2359 COMPUTE_RHS 
  6.5          512          512           1           0     512368 MPI_Finalize() 
  6.5       0.0244          511           1           5     511911 SETUP_MPI 
  6.5          510          510           1           0     510370 MPI_Init() 
  5.6          439          439        6416           0         68 LHSX 
  5.4          423          423        6416           0         66 LHSZ 
  4.5          353          353        6416           0         55 LHSY 
  2.0          161          161       38502           0          4 MPI_Isend() 
  1.7          133          133         401           0        334 ADD 
  1.6          125          125        6416           0         20 TZETAR 
  1.4          107          107         401           0        269 TXINVR 
  0.8           29           63           2      200521      31583 INITIALIZE 
  0.6           50           50       38502           0          1 MPI_Irecv() 
  0.6           48           48      283728           0          0 EXACT_SOLUTION 
  0.3           13           26           1       66600      26187 EXACT_RHS 
  0.3           20           20           2           0      10257 MPI_Barrier() 
  0.2           18           18        6416           0          3 PINVR 
  0.2           18           18        6416           0          3 NINVR 
  0.2        0.011           15           1           3      15394 VERIFY 
  0.1            1            9           1     16608.5       9619 ERROR_NORM 
  0.1            6            6           2           0       3463 MPI_Allreduce() 
  0.0       0.0885            1           1           1       1666 RHS_NORM 
  0.0            1            1           2           0        758 MPI_Comm_dup() 
  0.0            1            1           1           0       1428 ALLOC_SPACE 
  0.0        0.817        0.817           4           0        204 MPI_Bcast() 
  0.0        0.616        0.616           1           0        616 LHSINIT 
  0.0        0.013        0.013           1           0         13 MPI_Reduce() 
  0.0      0.00236      0.00236           1           0          2 MAKE_SET 
  0.0      0.00219      0.00219           1           0          2 SET_CONSTANTS 
  0.0     0.000586     0.000586           1           0          1 COMPUTE_BUFFER_SIZE 
  0.0     0.000395     0.000395           1           0          0 MPI_Comm_size() 
  0.0     0.000215     0.000215           1           0          0 MPI_Comm_rank() 
  0.0     3.91E-06     3.91E-06  0.00390625           0          1 SET_CLASS 
