Reading Profile files in profile.*

FUNCTION SUMMARY (total):
---------------------------------------------------------------------------------------
%Time    Exclusive    Inclusive       #Call      #Subrs  Inclusive Name
              msec   total msec                          usec/call 
---------------------------------------------------------------------------------------
100.0        0.398    24:30.582          81          81   18155339 .TAU application
100.0           61    24:30.582          81       33940   18155334 MPSP 
 92.9          202    22:46.316       32481      194886      42065 ADI 
 23.5     1:25.939     5:45.875       32562      455868      10622 COPY_FACES 
 23.3     1:26.750     5:42.851       32481 2.14375E+06      10555 Z_SOLVE 
 20.8     1:48.316     5:06.192       32481 2.14375E+06       9427 Y_SOLVE 
 19.6     2:06.021     4:47.661       32481 2.14375E+06       8856 X_SOLVE 
 17.9     4:22.519     4:22.519 1.59165E+06           0        165 MPI_Waitall() 
 14.2     3:28.919     3:28.919       32562           0       6416 COMPUTE_RHS 
 12.0     2:56.017     2:56.017      292329           0        602 LHSZ 
  6.2     1:30.608     1:30.608      292329           0        310 LHSY 
  5.8     1:25.476     1:25.476      292329           0        292 LHSX 
  3.0       43,544       43,544       32481           0       1341 ADD 
  2.9       42,807       42,807          81           0     528482 MPI_Finalize() 
  2.8       40,830       40,830       32481           0       1257 TXINVR 
  2.7            2       40,081          81         405     494828 SETUP_MPI 
  2.7       39,980       39,980          81           0     493585 MPI_Init() 
  1.8       26,863       26,863      292329           0         92 TZETAR 
  1.0        6,280       14,018         162 5.13333E+07      86536 INITIALIZE 
  0.9       13,113       13,113 1.75446E+06           0          7 MPI_Isend() 
  0.7       10,431       10,431  7.0484E+07           0          0 EXACT_SOLUTION 
  0.3        4,242        4,242 1.75446E+06           0          2 MPI_Irecv() 
  0.3        2,109        4,203          81 1.48992E+07      51900 EXACT_RHS 
  0.3        3,940        3,940      292329           0         13 PINVR 
  0.3        3,852        3,852      292329           0         13 NINVR 
  0.2            1        2,485          81         243      30680 VERIFY 
  0.1          485        1,222          81 4.25161E+06      15088 ERROR_NORM 
  0.0          531          531         162           0       3279 MPI_Allreduce() 
  0.0           26          419          81          81       5175 RHS_NORM 
  0.0          269          269          81           0       3325 ALLOC_SPACE 
  0.0          175          175          81           0       2162 LHSINIT 
  0.0          104          104         162           0        642 MPI_Barrier() 
  0.0           98           98         162           0        608 MPI_Comm_dup() 
  0.0           57           57         324           0        178 MPI_Bcast() 
  0.0            1            1          81           0         15 MPI_Reduce() 
  0.0        0.138        0.138          81           0          2 SET_CONSTANTS 
  0.0        0.123        0.123          81           0          2 MAKE_SET 
  0.0        0.042        0.042          81           0          1 COMPUTE_BUFFER_SIZE 
  0.0        0.033        0.033          81           0          0 MPI_Comm_size() 
  0.0        0.017        0.017          81           0          0 MPI_Comm_rank() 
  0.0        0.001        0.001           1           0          1 SET_CLASS 

FUNCTION SUMMARY (mean):
---------------------------------------------------------------------------------------
%Time    Exclusive    Inclusive       #Call      #Subrs  Inclusive Name
              msec   total msec                          usec/call 
---------------------------------------------------------------------------------------
100.0      0.00491       18,155           1           1   18155339 .TAU application
100.0        0.764       18,155           1     419.012   18155334 MPSP 
 92.9            2       16,868         401        2406      42065 ADI 
 23.5        1,060        4,270         402        5628      10622 COPY_FACES 
 23.3        1,070        4,232         401       26466      10555 Z_SOLVE 
 20.8        1,337        3,780         401       26466       9427 Y_SOLVE 
 19.6        1,555        3,551         401       26466       8856 X_SOLVE 
 17.9        3,240        3,240       19650           0        165 MPI_Waitall() 
 14.2        2,579        2,579         402           0       6416 COMPUTE_RHS 
 12.0        2,173        2,173        3609           0        602 LHSZ 
  6.2        1,118        1,118        3609           0        310 LHSY 
  5.8        1,055        1,055        3609           0        292 LHSX 
  3.0          537          537         401           0       1341 ADD 
  2.9          528          528           1           0     528482 MPI_Finalize() 
  2.8          504          504         401           0       1257 TXINVR 
  2.7       0.0267          494           1           5     494828 SETUP_MPI 
  2.7          493          493           1           0     493585 MPI_Init() 
  1.8          331          331        3609           0         92 TZETAR 
  1.0           77          173           2      633744      86536 INITIALIZE 
  0.9          161          161       21660           0          7 MPI_Isend() 
  0.7          128          128      870173           0          0 EXACT_SOLUTION 
  0.3           52           52       21660           0          2 MPI_Irecv() 
  0.3           26           51           1      183941      51900 EXACT_RHS 
  0.3           48           48        3609           0         13 PINVR 
  0.3           47           47        3609           0         13 NINVR 
  0.2       0.0162           30           1           3      30680 VERIFY 
  0.1            5           15           1       52489      15088 ERROR_NORM 
  0.0            6            6           2           0       3279 MPI_Allreduce() 
  0.0        0.329            5           1           1       5175 RHS_NORM 
  0.0            3            3           1           0       3325 ALLOC_SPACE 
  0.0            2            2           1           0       2162 LHSINIT 
  0.0            1            1           2           0        642 MPI_Barrier() 
  0.0            1            1           2           0        608 MPI_Comm_dup() 
  0.0        0.713        0.713           4           0        178 MPI_Bcast() 
  0.0       0.0146       0.0146           1           0         15 MPI_Reduce() 
  0.0       0.0017       0.0017           1           0          2 SET_CONSTANTS 
  0.0      0.00152      0.00152           1           0          2 MAKE_SET 
  0.0     0.000519     0.000519           1           0          1 COMPUTE_BUFFER_SIZE 
  0.0     0.000407     0.000407           1           0          0 MPI_Comm_size() 
  0.0      0.00021      0.00021           1           0          0 MPI_Comm_rank() 
  0.0     1.23E-05     1.23E-05   0.0123457           0          1 SET_CLASS 
