Reading Profile files in profile.*

FUNCTION SUMMARY (total):
---------------------------------------------------------------------------------------
%Time    Exclusive    Inclusive       #Call      #Subrs  Inclusive Name
              msec   total msec                          usec/call 
---------------------------------------------------------------------------------------
100.0        0.006     9:20.728           1           1  560728688 .TAU application
100.0        0.207     9:20.728           1          18  560728682 APPLU 
 96.7       16,076     9:02.418           2 2.58633E+07  271209296 SSOR 
 25.2     2:21.049     2:21.049         253         506     557510 RHS 
 17.5     1:38.055     1:38.055  6.4256E+06           0         15 BLTS 
 17.2     1:36.547     1:36.547  6.4256E+06           0         15 JACLD 
 17.2     1:36.322     1:36.322  6.4256E+06           0         15 BUTS 
 16.8     1:34.283     1:34.283  6.4256E+06           0         15 JACU 
  2.2        5,150       12,600           2  4.9152E+07    6300090 SETIV 
  1.5        8,163        8,163 5.35629E+07           0          0 EXACT 
  0.6        3,198        3,198           1           0    3198969 MPI_Finalize() 
  0.2          456        1,081           1   4.096E+06    1081031 ERROR 
  0.1          772          772           1           2     772057 ERHS 
  0.1        0.042          531           1           3     531057 INIT_COMM 
  0.1          531          531           1           0     531014 MPI_Init() 
  0.0           32          122           2      314928      61058 SETBV 
  0.0           58           58           4           4      14636 L2NORM 
  0.0           24           24      160640           0          0 EXCHANGE_1 
  0.0            2            2           1           0       2172 ALLOC_SPACE 
  0.0            1            1           1           8       1460 PINTGR 
  0.0        0.654        0.669           1           2        669 READ_INPUT 
  0.0        0.632        0.632         508           0          1 EXCHANGE_3 
  0.0        0.169        0.169           1           0        169 VERIFY 
  0.0         0.07         0.07          10           0          7 MPI_Allreduce() 
  0.0        0.008        0.014           1          10         14 BCAST_INPUTS 
  0.0        0.006        0.006          10           0          1 MPI_Bcast() 
  0.0        0.002        0.002           2           0          1 MPI_Barrier() 
  0.0        0.002        0.002           1           1          2 PROC_GRID 
  0.0        0.001        0.001           1           0          1 MPI_Comm_rank() 
  0.0        0.001        0.001           1           0          1 NEIGHBORS 
  0.0        0.001        0.001           1           0          1 SET_CLASS 
  0.0            0            0           1           0          0 EXCHANGE_4 
  0.0            0            0           2           0          0 EXCHANGE_5 
  0.0            0            0           2           0          0 EXCHANGE_6 
  0.0            0            0           1           0          0 ISQRT2 
  0.0            0            0           1           0          0 MPI_Comm_size() 
  0.0            0            0           1           0          0 SETCOEFF 
  0.0            0            0           1           0          0 SUBDOMAIN 

FUNCTION SUMMARY (mean):
---------------------------------------------------------------------------------------
%Time    Exclusive    Inclusive       #Call      #Subrs  Inclusive Name
              msec   total msec                          usec/call 
---------------------------------------------------------------------------------------
100.0        0.006     9:20.728           1           1  560728688 .TAU application
100.0        0.207     9:20.728           1          18  560728682 APPLU 
 96.7       16,076     9:02.418           2 2.58633E+07  271209296 SSOR 
 25.2     2:21.049     2:21.049         253         506     557510 RHS 
 17.5     1:38.055     1:38.055  6.4256E+06           0         15 BLTS 
 17.2     1:36.547     1:36.547  6.4256E+06           0         15 JACLD 
 17.2     1:36.322     1:36.322  6.4256E+06           0         15 BUTS 
 16.8     1:34.283     1:34.283  6.4256E+06           0         15 JACU 
  2.2        5,150       12,600           2  4.9152E+07    6300090 SETIV 
  1.5        8,163        8,163 5.35629E+07           0          0 EXACT 
  0.6        3,198        3,198           1           0    3198969 MPI_Finalize() 
  0.2          456        1,081           1   4.096E+06    1081031 ERROR 
  0.1          772          772           1           2     772057 ERHS 
  0.1        0.042          531           1           3     531057 INIT_COMM 
  0.1          531          531           1           0     531014 MPI_Init() 
  0.0           32          122           2      314928      61058 SETBV 
  0.0           58           58           4           4      14636 L2NORM 
  0.0           24           24      160640           0          0 EXCHANGE_1 
  0.0            2            2           1           0       2172 ALLOC_SPACE 
  0.0            1            1           1           8       1460 PINTGR 
  0.0        0.654        0.669           1           2        669 READ_INPUT 
  0.0        0.632        0.632         508           0          1 EXCHANGE_3 
  0.0        0.169        0.169           1           0        169 VERIFY 
  0.0         0.07         0.07          10           0          7 MPI_Allreduce() 
  0.0        0.008        0.014           1          10         14 BCAST_INPUTS 
  0.0        0.006        0.006          10           0          1 MPI_Bcast() 
  0.0        0.002        0.002           2           0          1 MPI_Barrier() 
  0.0        0.002        0.002           1           1          2 PROC_GRID 
  0.0        0.001        0.001           1           0          1 MPI_Comm_rank() 
  0.0        0.001        0.001           1           0          1 NEIGHBORS 
  0.0        0.001        0.001           1           0          1 SET_CLASS 
  0.0            0            0           1           0          0 EXCHANGE_4 
  0.0            0            0           2           0          0 EXCHANGE_5 
  0.0            0            0           2           0          0 EXCHANGE_6 
  0.0            0            0           1           0          0 ISQRT2 
  0.0            0            0           1           0          0 MPI_Comm_size() 
  0.0            0            0           1           0          0 SETCOEFF 
  0.0            0            0           1           0          0 SUBDOMAIN 
