Reading Profile files in profile.*

FUNCTION SUMMARY (total):
---------------------------------------------------------------------------------------
%Time    Exclusive    Inclusive       #Call      #Subrs  Inclusive Name
              msec   total msec                          usec/call 
---------------------------------------------------------------------------------------
100.0            2    20:51.333         256         256    4888021 .TAU application
100.0          373    20:51.331         256      254976    4888013 CG 
 51.3     2:08.551    10:42.452       19456 1.97284E+07      33021 CONJ_GRAD 
 30.4     6:20.748     6:20.748 6.65395E+06           0         57 MPI_Wait() 
 22.4       13,165     4:40.393         256 7.68003E+07    1095287 MAKEA 
 20.8     2:11.520     4:20.082    3.84E+07 1.00765E+09          7 SPRNVC 
 14.7           13     3:03.733         256        1024     717708 INITIALIZE_MPI 
 14.7     3:03.484     3:03.484         256           0     716734 MPI_Init() 
 11.5     2:23.690     2:23.690         256           0     561291 MPI_Finalize() 
 10.4     2:10.635     2:10.635 6.65395E+06           0         20 MPI_Send() 
 10.3     2:08.561     2:08.561 1.00765E+09           0          0 ICNVRT 
  0.4        5,605        5,605    3.84E+07           0          0 VECSET 
  0.2        2,766        2,766 6.65395E+06           0          0 MPI_Irecv() 
  0.1        1,540        1,540         256           0       6018 SPARSE 
  0.0          282          282         256           0       1103 ALLOC_SPACE 
  0.0          235          235         256           0        921 MPI_Bcast() 
  0.0          143          143         256           0        559 MPI_Barrier() 
  0.0           12           12         256           0         48 MPI_Reduce() 
  0.0         0.12         0.12         256           0          0 MPI_Comm_size() 
  0.0        0.105        0.105         256           0          0 SETUP_SUBMATRIX_INFO 
  0.0        0.062        0.062         256           0          0 MPI_Comm_rank() 
  0.0        0.062        0.062         256           0          0 SETUP_PROC_INFO 

FUNCTION SUMMARY (mean):
---------------------------------------------------------------------------------------
%Time    Exclusive    Inclusive       #Call      #Subrs  Inclusive Name
              msec   total msec                          usec/call 
---------------------------------------------------------------------------------------
100.0      0.00787        4,888           1           1    4888021 .TAU application
100.0            1        4,888           1         996    4888013 CG 
 51.3          502        2,509          76       77064      33021 CONJ_GRAD 
 30.4        1,487        1,487       25992           0         57 MPI_Wait() 
 22.4           51        1,095           1      300001    1095287 MAKEA 
 20.8          513        1,015      150000 3.93614E+06          7 SPRNVC 
 14.7       0.0518          717           1           4     717708 INITIALIZE_MPI 
 14.7          716          716           1           0     716734 MPI_Init() 
 11.5          561          561           1           0     561291 MPI_Finalize() 
 10.4          510          510       25992           0         20 MPI_Send() 
 10.3          502          502 3.93614E+06           0          0 ICNVRT 
  0.4           21           21      150000           0          0 VECSET 
  0.2           10           10       25992           0          0 MPI_Irecv() 
  0.1            6            6           1           0       6018 SPARSE 
  0.0            1            1           1           0       1103 ALLOC_SPACE 
  0.0        0.921        0.921           1           0        921 MPI_Bcast() 
  0.0        0.559        0.559           1           0        559 MPI_Barrier() 
  0.0       0.0484       0.0484           1           0         48 MPI_Reduce() 
  0.0     0.000469     0.000469           1           0          0 MPI_Comm_size() 
  0.0      0.00041      0.00041           1           0          0 SETUP_SUBMATRIX_INFO 
  0.0     0.000242     0.000242           1           0          0 MPI_Comm_rank() 
  0.0     0.000242     0.000242           1           0          0 SETUP_PROC_INFO 
