Reading Profile files in profile.*

FUNCTION SUMMARY (total):
---------------------------------------------------------------------------------------
%Time    Exclusive    Inclusive       #Call      #Subrs  Inclusive Name
              msec   total msec                          usec/call 
---------------------------------------------------------------------------------------
100.0            1     6:06.308         225         225    1628036 .TAU application
100.0           36     6:06.306         225       94276    1628031 MPSP 
 36.4          122     2:13.379       90225      541350       1478 ADI 
 31.8            5     1:56.499         225        1125     517777 SETUP_MPI 
 31.7     1:56.182     1:56.182         225           0     516365 MPI_Init() 
 31.0     1:53.721     1:53.721         225           0     505427 MPI_Finalize() 
 15.2       55,784       55,784 7.66935E+06           0          7 MPI_Waitall() 
 10.3        7,624       37,576       90225 1.02856E+07        416 Y_SOLVE 
  9.8        6,664       35,937       90450  1.2663E+06        397 COPY_FACES 
  8.0        6,662       29,420       90225 1.02856E+07        326 X_SOLVE 
  7.7        7,644       28,128       90225 1.02856E+07        312 Z_SOLVE 
  5.0       18,423       18,423       90450           0        204 COMPUTE_RHS 
  2.3        8,548        8,548  8.1216E+06           0          1 MPI_Isend() 
  1.5        5,504        5,504 1.35338E+06           0          4 LHSX 
  1.1        4,183        4,183 1.35338E+06           0          3 LHSY 
  1.1        4,159        4,159 1.35338E+06           0          3 LHSZ 
  0.8        2,797        2,797  8.1216E+06           0          0 MPI_Irecv() 
  0.4        1,581        1,581 1.35338E+06           0          1 TZETAR 
  0.4        1,424        1,424       90225           0         16 TXINVR 
  0.3          555        1,132         450 3.19488E+06       2517 INITIALIZE 
  0.2          865          865 4.84086E+06           0          0 EXACT_SOLUTION 
  0.2          864          864       90225           0         10 ADD 
  0.2          753          753 1.35338E+06           0          1 PINVR 
  0.2          728          728 1.35338E+06           0          1 NINVR 
  0.1          287          539         225 1.38384E+06       2399 EXACT_RHS 
  0.1          444          444         450           0        988 MPI_Barrier() 
  0.1            1          341         225         675       1516 VERIFY 
  0.1          312          312         450           0        694 MPI_Comm_dup() 
  0.0           31          179         225      262369        797 ERROR_NORM 
  0.0          174          174         450           0        388 MPI_Allreduce() 
  0.0          161          161         900           0        179 MPI_Bcast() 
  0.0            1           65         225         225        289 RHS_NORM 
  0.0           34           34         225           0        151 LHSINIT 
  0.0           13           13         225           0         59 ALLOC_SPACE 
  0.0            2            2         225           0         11 MPI_Reduce() 
  0.0        0.393        0.393         225           0          2 SET_CONSTANTS 
  0.0        0.237        0.237         225           0          1 MAKE_SET 
  0.0        0.119        0.119         225           0          1 COMPUTE_BUFFER_SIZE 
  0.0        0.101        0.101         225           0          0 MPI_Comm_size() 
  0.0        0.049        0.049         225           0          0 MPI_Comm_rank() 
  0.0            0            0           1           0          0 SET_CLASS 

FUNCTION SUMMARY (mean):
---------------------------------------------------------------------------------------
%Time    Exclusive    Inclusive       #Call      #Subrs  Inclusive Name
              msec   total msec                          usec/call 
---------------------------------------------------------------------------------------
100.0      0.00485        1,628           1           1    1628036 .TAU application
100.0        0.163        1,628           1     419.004    1628031 MPSP 
 36.4        0.545          592         401        2406       1478 ADI 
 31.8       0.0239          517           1           5     517777 SETUP_MPI 
 31.7          516          516           1           0     516365 MPI_Init() 
 31.0          505          505           1           0     505427 MPI_Finalize() 
 15.2          247          247       34086           0          7 MPI_Waitall() 
 10.3           33          167         401       45714        416 Y_SOLVE 
  9.8           29          159         402        5628        397 COPY_FACES 
  8.0           29          130         401       45714        326 X_SOLVE 
  7.7           33          125         401       45714        312 Z_SOLVE 
  5.0           81           81         402           0        204 COMPUTE_RHS 
  2.3           37           37       36096           0          1 MPI_Isend() 
  1.5           24           24        6015           0          4 LHSX 
  1.1           18           18        6015           0          3 LHSY 
  1.1           18           18        6015           0          3 LHSZ 
  0.8           12           12       36096           0          0 MPI_Irecv() 
  0.4            7            7        6015           0          1 TZETAR 
  0.4            6            6         401           0         16 TXINVR 
  0.3            2            5           2     14199.5       2517 INITIALIZE 
  0.2            3            3       21515           0          0 EXACT_SOLUTION 
  0.2            3            3         401           0         10 ADD 
  0.2            3            3        6015           0          1 PINVR 
  0.2            3            3        6015           0          1 NINVR 
  0.1            1            2           1      6150.4       2399 EXACT_RHS 
  0.1            1            1           2           0        988 MPI_Barrier() 
  0.1      0.00624            1           1           3       1516 VERIFY 
  0.1            1            1           2           0        694 MPI_Comm_dup() 
  0.0        0.141        0.797           1     1166.08        797 ERROR_NORM 
  0.0        0.777        0.777           2           0        388 MPI_Allreduce() 
  0.0        0.717        0.717           4           0        179 MPI_Bcast() 
  0.0      0.00514        0.289           1           1        289 RHS_NORM 
  0.0        0.151        0.151           1           0        151 LHSINIT 
  0.0        0.059        0.059           1           0         59 ALLOC_SPACE 
  0.0        0.011        0.011           1           0         11 MPI_Reduce() 
  0.0      0.00175      0.00175           1           0          2 SET_CONSTANTS 
  0.0      0.00105      0.00105           1           0          1 MAKE_SET 
  0.0     0.000529     0.000529           1           0          1 COMPUTE_BUFFER_SIZE 
  0.0     0.000449     0.000449           1           0          0 MPI_Comm_size() 
  0.0     0.000218     0.000218           1           0          0 MPI_Comm_rank() 
  0.0            0            0  0.00444444           0          0 SET_CLASS 
