Reading Profile files in profile.*

FUNCTION SUMMARY (total):
---------------------------------------------------------------------------------------
%Time    Exclusive    Inclusive       #Call      #Subrs  Inclusive Name
              msec   total msec                          usec/call 
---------------------------------------------------------------------------------------
100.0        0.012  2:03:09.913           2           2 3694956648 .TAU application
100.0        0.523  2:03:09.913           2         174 3694956642 FT 
 94.3        0.267  1:56:06.964          54         216  129017869 FFT 
 62.1     1:41.054  1:16:31.423 8.84736E+06 9.02431E+07        519 CFFTZ 
 60.8  1:14:50.368  1:14:50.368 9.02431E+07           0         50 FFTZ2 
 50.2    11:07.071  1:01:51.545         108 5.30852E+06   34366164 CFFTS1 
 29.9    11:00.853    36:47.802          54   3.539E+06   40885223 CFFTS2 
 12.9        0.163    15:55.610          50         150   19112200 TRANSPOSE_X_YZ 
  8.8    10:53.759    10:53.759          54           0   12106663 TRANSPOSE2_LOCAL 
  4.2     5:12.001     5:12.001          50           0    6240026 EVOLVE 
  3.7        0.189     4:34.107          54          54    5076057 TRANSPOSE2_GLOBAL 
  3.7     4:34.106     4:34.106          54           0    5076053 MPI_Alltoall() 
  1.6     1:59.749     1:59.749          54           0    2217590 TRANSPOSE2_FINISH 
  1.2        0.045     1:32.006           4          12   23001725 TRANSPOSE_XY_Z 
  1.1     1:24.284     1:24.284           4           0   21071121 COMPUTE_INDEXMAP 
  0.3       19,309       19,309           4           8    4827347 COMPUTE_INITIAL_CONDITIONS 
  0.1        5,997        5,997           2           0    2998857 MPI_Finalize() 
  0.0        0.737        1,108           2          23     554462 SETUP 
  0.0        1,104        1,104           2           0     552244 MPI_Init() 
  0.0            2          179          50          50       3599 CHECKSUM 
  0.0          177          177          50           0       3548 MPI_Reduce() 
  0.0           65           65           2           0      32766 MPI_Barrier() 
  0.0            2            2           2           0       1335 ALLOC_SPACE 
  0.0        0.756        0.756          10           0         76 MPI_Bcast() 
  0.0        0.531        0.531           4           4        133 FFT_INIT 
  0.0        0.273        0.273           4           0         68 MPI_Comm_split() 
  0.0        0.031        0.031         166           0          0 ILOG2 
  0.0        0.024        0.024           2           0         12 VERIFY 
  0.0        0.002        0.002           8           0          0 IPOW46 
  0.0        0.001        0.001           2           0          0 MPI_Comm_size() 
  0.0        0.001        0.001           1           0          1 SET_CLASS 
  0.0            0            0           2           0          0 MPI_Comm_rank() 

FUNCTION SUMMARY (mean):
---------------------------------------------------------------------------------------
%Time    Exclusive    Inclusive       #Call      #Subrs  Inclusive Name
              msec   total msec                          usec/call 
---------------------------------------------------------------------------------------
100.0        0.006  1:01:34.956           1           1 3694956648 .TAU application
100.0        0.262  1:01:34.956           1          87 3694956642 FT 
 94.3        0.134    58:03.482          27         108  129017869 FFT 
 62.1       50,527    38:15.711 4.42368E+06 4.51215E+07        519 CFFTZ 
 60.8    37:25.184    37:25.184 4.51215E+07           0         50 FFTZ2 
 50.2     5:33.535    30:55.772          54 2.65426E+06   34366164 CFFTS1 
 29.9     5:30.426    18:23.901          27  1.7695E+06   40885223 CFFTS2 
 12.9       0.0815     7:57.805          25          75   19112200 TRANSPOSE_X_YZ 
  8.8     5:26.879     5:26.879          27           0   12106663 TRANSPOSE2_LOCAL 
  4.2     2:36.000     2:36.000          25           0    6240026 EVOLVE 
  3.7       0.0945     2:17.053          27          27    5076057 TRANSPOSE2_GLOBAL 
  3.7     2:17.053     2:17.053          27           0    5076053 MPI_Alltoall() 
  1.6       59,874       59,874          27           0    2217590 TRANSPOSE2_FINISH 
  1.2       0.0225       46,003           2           6   23001725 TRANSPOSE_XY_Z 
  1.1       42,142       42,142           2           0   21071121 COMPUTE_INDEXMAP 
  0.3        9,654        9,654           2           4    4827347 COMPUTE_INITIAL_CONDITIONS 
  0.1        2,998        2,998           1           0    2998857 MPI_Finalize() 
  0.0        0.368          554           1        11.5     554462 SETUP 
  0.0          552          552           1           0     552244 MPI_Init() 
  0.0            1           89          25          25       3599 CHECKSUM 
  0.0           88           88          25           0       3548 MPI_Reduce() 
  0.0           32           32           1           0      32766 MPI_Barrier() 
  0.0            1            1           1           0       1335 ALLOC_SPACE 
  0.0        0.378        0.378           5           0         76 MPI_Bcast() 
  0.0        0.266        0.266           2           2        133 FFT_INIT 
  0.0        0.137        0.137           2           0         68 MPI_Comm_split() 
  0.0       0.0155       0.0155          83           0          0 ILOG2 
  0.0        0.012        0.012           1           0         12 VERIFY 
  0.0        0.001        0.001           4           0          0 IPOW46 
  0.0       0.0005       0.0005           1           0          0 MPI_Comm_size() 
  0.0       0.0005       0.0005         0.5           0          1 SET_CLASS 
  0.0            0            0           1           0          0 MPI_Comm_rank() 
