Reading Profile files in profile.*

FUNCTION SUMMARY (total):
---------------------------------------------------------------------------------------
%Time    Exclusive    Inclusive       #Call      #Subrs  Inclusive Name
              msec   total msec                          usec/call 
---------------------------------------------------------------------------------------
100.0        0.257    23:08.403          49          49   28334775 .TAU application
100.0           38    23:08.403          49       20532   28334770 MPSP 
 95.1          129    22:00.180       19649      117894      67188 ADI 
 23.8     1:50.518     5:29.865       19649      982450      16788 Y_SOLVE 
 23.4     1:23.779     5:25.165       19649      982450      16549 Z_SOLVE 
 23.0     1:06.918     5:19.918       19698      275772      16241 COPY_FACES 
 19.0     2:12.508     4:23.838       19649      982450      13428 X_SOLVE 
 16.1     3:44.037     3:44.037      727062           0        308 MPI_Waitall() 
 15.8     3:38.714     3:38.714       19698           0      11103 COMPUTE_RHS 
 12.4     2:52.121     2:52.121      137543           0       1251 LHSZ 
  7.2     1:39.533     1:39.533      137543           0        724 LHSY 
  6.2     1:26.220     1:26.220      137543           0        627 LHSX 
  3.1       42,822       42,822       19649           0       2179 ADD 
  2.8       39,253       39,253       19649           0       1998 TXINVR 
  1.8       25,335       25,335      137543           0        184 TZETAR 
  1.8       24,921       24,921          49           0     508605 MPI_Finalize() 
  1.6            1       22,861          49         245     466561 SETUP_MPI 
  1.6       22,822       22,822          49           0     465756 MPI_Init() 
  1.0        6,163       13,779          98 5.13333E+07     140603 INITIALIZE 
  0.7       10,223       10,223 6.98696E+07           0          0 EXACT_SOLUTION 
  0.5        7,405        7,405      825552           0          9 MPI_Isend() 
  0.3        4,143        4,143      137543           0         30 PINVR 
  0.3        4,112        4,112      137543           0         30 NINVR 
  0.3        2,024        4,032          49 1.42848E+07      82293 EXACT_RHS 
  0.2        3,438        3,438      825552           0          4 MPI_Irecv() 
  0.2            1        2,091          49         147      42676 VERIFY 
  0.1          475        1,141          49 4.25158E+06      23296 ERROR_NORM 
  0.0          184          184          49           0       3767 LHSINIT 
  0.0          167          167          98           0       1710 MPI_Allreduce() 
  0.0          159          159          49           0       3246 ALLOC_SPACE 
  0.0           33          135          49          49       2763 RHS_NORM 
  0.0          113          113          98           0       1159 MPI_Barrier() 
  0.0           41           41         196           0        210 MPI_Bcast() 
  0.0           38           38          98           0        389 MPI_Comm_dup() 
  0.0        0.923        0.923          49           0         19 MPI_Reduce() 
  0.0        0.111        0.111          49           0          2 SET_CONSTANTS 
  0.0         0.07         0.07          49           0          1 MAKE_SET 
  0.0        0.032        0.032          49           0          1 COMPUTE_BUFFER_SIZE 
  0.0        0.017        0.017          49           0          0 MPI_Comm_size() 
  0.0        0.015        0.015          49           0          0 MPI_Comm_rank() 
  0.0            0            0           1           0          0 SET_CLASS 

FUNCTION SUMMARY (mean):
---------------------------------------------------------------------------------------
%Time    Exclusive    Inclusive       #Call      #Subrs  Inclusive Name
              msec   total msec                          usec/call 
---------------------------------------------------------------------------------------
100.0      0.00524       28,334           1           1   28334775 .TAU application
100.0        0.785       28,334           1      419.02   28334770 MPSP 
 95.1            2       26,942         401        2406      67188 ADI 
 23.8        2,255        6,731         401       20050      16788 Y_SOLVE 
 23.4        1,709        6,636         401       20050      16549 Z_SOLVE 
 23.0        1,365        6,528         402        5628      16241 COPY_FACES 
 19.0        2,704        5,384         401       20050      13428 X_SOLVE 
 16.1        4,572        4,572       14838           0        308 MPI_Waitall() 
 15.8        4,463        4,463         402           0      11103 COMPUTE_RHS 
 12.4        3,512        3,512        2807           0       1251 LHSZ 
  7.2        2,031        2,031        2807           0        724 LHSY 
  6.2        1,759        1,759        2807           0        627 LHSX 
  3.1          873          873         401           0       2179 ADD 
  2.8          801          801         401           0       1998 TXINVR 
  1.8          517          517        2807           0        184 TZETAR 
  1.8          508          508           1           0     508605 MPI_Finalize() 
  1.6       0.0269          466           1           5     466561 SETUP_MPI 
  1.6          465          465           1           0     465756 MPI_Init() 
  1.0          125          281           2 1.04762E+06     140603 INITIALIZE 
  0.7          208          208 1.42591E+06           0          0 EXACT_SOLUTION 
  0.5          151          151       16848           0          9 MPI_Isend() 
  0.3           84           84        2807           0         30 PINVR 
  0.3           83           83        2807           0         30 NINVR 
  0.3           41           82           1      291527      82293 EXACT_RHS 
  0.2           70           70       16848           0          4 MPI_Irecv() 
  0.2       0.0215           42           1           3      42676 VERIFY 
  0.1            9           23           1     86766.9      23296 ERROR_NORM 
  0.0            3            3           1           0       3767 LHSINIT 
  0.0            3            3           2           0       1710 MPI_Allreduce() 
  0.0            3            3           1           0       3246 ALLOC_SPACE 
  0.0         0.69            2           1           1       2763 RHS_NORM 
  0.0            2            2           2           0       1159 MPI_Barrier() 
  0.0        0.841        0.841           4           0        210 MPI_Bcast() 
  0.0        0.777        0.777           2           0        389 MPI_Comm_dup() 
  0.0       0.0188       0.0188           1           0         19 MPI_Reduce() 
  0.0      0.00227      0.00227           1           0          2 SET_CONSTANTS 
  0.0      0.00143      0.00143           1           0          1 MAKE_SET 
  0.0     0.000653     0.000653           1           0          1 COMPUTE_BUFFER_SIZE 
  0.0     0.000347     0.000347           1           0          0 MPI_Comm_size() 
  0.0     0.000306     0.000306           1           0          0 MPI_Comm_rank() 
  0.0            0            0   0.0204082           0          0 SET_CLASS 
