Reading Profile files in profile.*

FUNCTION SUMMARY (total):
---------------------------------------------------------------------------------------
%Time    Exclusive    Inclusive       #Call      #Subrs  Inclusive Name
              msec   total msec                          usec/call 
---------------------------------------------------------------------------------------
100.0        0.336     2:10.259          64          64    2035311 .TAU application
100.0           11     2:10.259          64       26817    2035306 MPSP 
 47.4           35     1:01.795       25664      153984       2408 ADI 
 26.8            1       34,970          64         320     546413 SETUP_MPI 
 26.8       34,888       34,888          64           0     545132 MPI_Init() 
 24.2       31,568       31,568          64           0     493263 MPI_Finalize() 
 14.4       18,735       18,735 1.10362E+06           0         17 MPI_Waitall() 
 13.5        2,498       17,577       25728      360192        683 COPY_FACES 
 12.6        4,511       16,391       25664 1.48851E+06        639 Y_SOLVE 
 10.2        4,856       13,313       25664 1.48851E+06        519 X_SOLVE 
 10.2        4,367       13,228       25664 1.48851E+06        515 Z_SOLVE 
  9.0       11,780       11,780       25728           0        458 COMPUTE_RHS 
  2.7        3,472        3,472      205312           0         17 LHSX 
  2.3        2,974        2,974      205312           0         14 LHSZ 
  2.2        2,870        2,870      205312           0         14 LHSY 
  1.9        2,419        2,419 1.23226E+06           0          2 MPI_Isend() 
  0.8          486        1,039         128 3.19488E+06       8120 INITIALIZE 
  0.6          776          776 4.51797E+06           0          0 EXACT_SOLUTION 
  0.6          773          773      205312           0          4 TZETAR 
  0.6          745          745       25664           0         29 TXINVR 
  0.4          564          564 1.23226E+06           0          0 MPI_Irecv() 
  0.4          542          542       25664           0         21 ADD 
  0.3          210          396          64 1.06094E+06       6194 EXACT_RHS 
  0.3          346          346      205312           0          2 PINVR 
  0.3          337          337      205312           0          2 NINVR 
  0.2          285          285         128           0       2227 MPI_Barrier() 
  0.1        0.409          116          64         192       1815 VERIFY 
  0.1           80           80         128           0        626 MPI_Comm_dup() 
  0.1           30           72          64      262208       1136 ERROR_NORM 
  0.0           44           44         256           0        173 MPI_Bcast() 
  0.0           27           27          64           0        430 LHSINIT 
  0.0            8            8         128           0         68 MPI_Allreduce() 
  0.0            3            3          64           0         59 ALLOC_SPACE 
  0.0        0.687            3          64          64         58 RHS_NORM 
  0.0        0.575        0.575          64           0          9 MPI_Reduce() 
  0.0        0.092        0.092          64           0          1 SET_CONSTANTS 
  0.0        0.043        0.043          64           0          1 MAKE_SET 
  0.0        0.026        0.026          64           0          0 COMPUTE_BUFFER_SIZE 
  0.0        0.022        0.022          64           0          0 MPI_Comm_size() 
  0.0        0.018        0.018          64           0          0 MPI_Comm_rank() 
  0.0        0.001        0.001           1           0          1 SET_CLASS 

FUNCTION SUMMARY (mean):
---------------------------------------------------------------------------------------
%Time    Exclusive    Inclusive       #Call      #Subrs  Inclusive Name
              msec   total msec                          usec/call 
---------------------------------------------------------------------------------------
100.0      0.00525        2,035           1           1    2035311 .TAU application
100.0        0.177        2,035           1     419.016    2035306 MPSP 
 47.4        0.548          965         401        2406       2408 ADI 
 26.8       0.0279          546           1           5     546413 SETUP_MPI 
 26.8          545          545           1           0     545132 MPI_Init() 
 24.2          493          493           1           0     493263 MPI_Finalize() 
 14.4          292          292       17244           0         17 MPI_Waitall() 
 13.5           39          274         402        5628        683 COPY_FACES 
 12.6           70          256         401       23258        639 Y_SOLVE 
 10.2           75          208         401       23258        519 X_SOLVE 
 10.2           68          206         401       23258        515 Z_SOLVE 
  9.0          184          184         402           0        458 COMPUTE_RHS 
  2.7           54           54        3208           0         17 LHSX 
  2.3           46           46        3208           0         14 LHSZ 
  2.2           44           44        3208           0         14 LHSY 
  1.9           37           37       19254           0          2 MPI_Isend() 
  0.8            7           16           2       49920       8120 INITIALIZE 
  0.6           12           12     70593.2           0          0 EXACT_SOLUTION 
  0.6           12           12        3208           0          4 TZETAR 
  0.6           11           11         401           0         29 TXINVR 
  0.4            8            8       19254           0          0 MPI_Irecv() 
  0.4            8            8         401           0         21 ADD 
  0.3            3            6           1     16577.2       6194 EXACT_RHS 
  0.3            5            5        3208           0          2 PINVR 
  0.3            5            5        3208           0          2 NINVR 
  0.2            4            4           2           0       2227 MPI_Barrier() 
  0.1      0.00639            1           1           3       1815 VERIFY 
  0.1            1            1           2           0        626 MPI_Comm_dup() 
  0.1        0.469            1           1        4097       1136 ERROR_NORM 
  0.0        0.691        0.691           4           0        173 MPI_Bcast() 
  0.0         0.43         0.43           1           0        430 LHSINIT 
  0.0        0.136        0.136           2           0         68 MPI_Allreduce() 
  0.0       0.0592       0.0592           1           0         59 ALLOC_SPACE 
  0.0       0.0107       0.0576           1           1         58 RHS_NORM 
  0.0      0.00898      0.00898           1           0          9 MPI_Reduce() 
  0.0      0.00144      0.00144           1           0          1 SET_CONSTANTS 
  0.0     0.000672     0.000672           1           0          1 MAKE_SET 
  0.0     0.000406     0.000406           1           0          0 COMPUTE_BUFFER_SIZE 
  0.0     0.000344     0.000344           1           0          0 MPI_Comm_size() 
  0.0     0.000281     0.000281           1           0          0 MPI_Comm_rank() 
  0.0     1.56E-05     1.56E-05    0.015625           0          1 SET_CLASS 
