Reading Profile files in profile.*

FUNCTION SUMMARY (total):
---------------------------------------------------------------------------------------
%Time    Exclusive    Inclusive       #Call      #Subrs  Inclusive Name
              msec   total msec                          usec/call 
---------------------------------------------------------------------------------------
100.0         0.19  2:29:09.471          32          32  279670981 .TAU application
100.0            5  2:29:09.471          32        2784  279670975 FT 
 93.2            3  2:18:59.288         864        3456    9651955 FFT 
 52.1     1:44.140  1:17:39.994 8.84736E+06 9.02431E+07        527 CFFTZ 
 50.9  1:15:55.853  1:15:55.853 9.02431E+07           0         50 FFTZ2 
 42.5    11:52.173  1:03:25.619        1728 5.31014E+06    2202326 CFFTS1 
 27.3    14:37.688    40:44.237         864 3.53981E+06    2828979 CFFTS2 
 21.2            2    31:36.022         800        2400    2370028 TRANSPOSE_X_YZ 
 12.9            3    19:10.617         864         864    1331734 TRANSPOSE2_GLOBAL 
 12.9    19:10.614    19:10.614         864           0    1331730 MPI_Alltoall() 
  7.7    11:25.106    11:25.106         864           0     792947 TRANSPOSE2_LOCAL 
  4.0     6:01.130     6:01.130         800           0     451413 EVOLVE 
  2.8     4:13.699     4:13.699         864           0     293634 TRANSPOSE2_FINISH 
  2.2        0.886     3:13.405          64         192    3021957 TRANSPOSE_XY_Z 
  1.8     2:43.521     2:43.521          64           0    2555021 COMPUTE_INDEXMAP 
  0.4       32,391       32,391          32           0    1012246 MPI_Finalize() 
  0.2       20,770       20,771          64         128     324547 COMPUTE_INITIAL_CONDITIONS 
  0.2            2       17,906          32         353     559581 SETUP 
  0.2       17,778       17,778          32           0     555570 MPI_Init() 
  0.1            7       12,687         800         800      15860 CHECKSUM 
  0.1       12,680       12,680         800           0      15851 MPI_Reduce() 
  0.0        1,754        1,754          32           0      54839 MPI_Barrier() 
  0.0           53           53          32           0       1669 ALLOC_SPACE 
  0.0           37           37          64           0        590 MPI_Comm_split() 
  0.0           34           34         160           0        215 MPI_Bcast() 
  0.0           13           13          64          64        205 FFT_INIT 
  0.0        0.794        0.794        2656           0          0 ILOG2 
  0.0        0.057        0.057         128           0          0 IPOW46 
  0.0        0.031        0.031          32           0          1 VERIFY 
  0.0        0.029        0.029          32           0          1 MPI_Comm_size() 
  0.0        0.015        0.015          32           0          0 MPI_Comm_rank() 
  0.0        0.001        0.001           1           0          1 SET_CLASS 

FUNCTION SUMMARY (mean):
---------------------------------------------------------------------------------------
%Time    Exclusive    Inclusive       #Call      #Subrs  Inclusive Name
              msec   total msec                          usec/call 
---------------------------------------------------------------------------------------
100.0      0.00594     4:39.670           1           1  279670981 .TAU application
100.0        0.169     4:39.670           1          87  279670975 FT 
 93.2        0.123     4:20.602          27         108    9651955 FFT 
 52.1        3,254     2:25.624      276480  2.8201E+06        527 CFFTZ 
 50.9     2:22.370     2:22.370  2.8201E+06           0         50 FFTZ2 
 42.5       22,255     1:58.925          54      165942    2202326 CFFTS1 
 27.3       27,427     1:16.382          27      110619    2828979 CFFTS2 
 21.2       0.0844       59,250          25          75    2370028 TRANSPOSE_X_YZ 
 12.9          0.1       35,956          27          27    1331734 TRANSPOSE2_GLOBAL 
 12.9       35,956       35,956          27           0    1331730 MPI_Alltoall() 
  7.7       21,409       21,409          27           0     792947 TRANSPOSE2_LOCAL 
  4.0       11,285       11,285          25           0     451413 EVOLVE 
  2.8        7,928        7,928          27           0     293634 TRANSPOSE2_FINISH 
  2.2       0.0277        6,043           2           6    3021957 TRANSPOSE_XY_Z 
  1.8        5,110        5,110           2           0    2555021 COMPUTE_INDEXMAP 
  0.4        1,012        1,012           1           0    1012246 MPI_Finalize() 
  0.2          649          649           2           4     324547 COMPUTE_INITIAL_CONDITIONS 
  0.2       0.0864          559           1     11.0312     559581 SETUP 
  0.2          555          555           1           0     555570 MPI_Init() 
  0.1        0.219          396          25          25      15860 CHECKSUM 
  0.1          396          396          25           0      15851 MPI_Reduce() 
  0.0           54           54           1           0      54839 MPI_Barrier() 
  0.0            1            1           1           0       1669 ALLOC_SPACE 
  0.0            1            1           2           0        590 MPI_Comm_split() 
  0.0            1            1           5           0        215 MPI_Bcast() 
  0.0         0.41        0.411           2           2        205 FFT_INIT 
  0.0       0.0248       0.0248          83           0          0 ILOG2 
  0.0      0.00178      0.00178           4           0          0 IPOW46 
  0.0     0.000969     0.000969           1           0          1 VERIFY 
  0.0     0.000906     0.000906           1           0          1 MPI_Comm_size() 
  0.0     0.000469     0.000469           1           0          0 MPI_Comm_rank() 
  0.0     3.13E-05     3.13E-05     0.03125           0          1 SET_CLASS 
