Reading Profile files in profile.*

FUNCTION SUMMARY (total):
---------------------------------------------------------------------------------------
%Time    Exclusive    Inclusive       #Call      #Subrs  Inclusive Name
              msec   total msec                          usec/call 
---------------------------------------------------------------------------------------
100.0            1  4:02:27.944         128         128  113655813 .TAU application
100.0        2,910  4:02:27.943         128      169088  113655805 CG 
 87.2  2:27:01.626  3:31:19.103       12928  1.3109E+07     980747 CONJ_GRAD 
 15.3    37:07.020    37:07.020 4.42138E+06           0        504 MPI_Wait() 
 11.7     1:25.792    28:26.489         128    3.84E+08   13331947 MAKEA 
 11.1    26:58.667    26:58.667 4.42138E+06           0        366 MPI_Send() 
 10.5    13:44.439    25:34.140    1.92E+08 5.63805E+09          8 SPRNVC 
  4.9    11:49.701    11:49.701 5.63805E+09           0          0 ICNVRT 
  0.6            6     1:24.937         128         512     663571 INITIALIZE_MPI 
  0.6     1:24.803     1:24.803         128           0     662530 MPI_Init() 
  0.5     1:12.924     1:12.924         128           0     569721 MPI_Finalize() 
  0.4       58,099       58,099         128           0     453901 SPARSE 
  0.2       28,456       28,456    1.92E+08           0          0 VECSET 
  0.1       12,585       12,585 4.42138E+06           0          3 MPI_Irecv() 
  0.0          717          717         128           0       5602 ALLOC_SPACE 
  0.0          126          126         128           0        988 MPI_Bcast() 
  0.0           56           56         128           0        442 MPI_Barrier() 
  0.0            7            7         128           0         59 MPI_Reduce() 
  0.0        0.102        0.102         128           0          1 SETUP_SUBMATRIX_INFO 
  0.0        0.057        0.057         128           0          0 MPI_Comm_size() 
  0.0        0.038        0.038         128           0          0 SETUP_PROC_INFO 
  0.0        0.036        0.036         128           0          0 MPI_Comm_rank() 

FUNCTION SUMMARY (mean):
---------------------------------------------------------------------------------------
%Time    Exclusive    Inclusive       #Call      #Subrs  Inclusive Name
              msec   total msec                          usec/call 
---------------------------------------------------------------------------------------
100.0      0.00819     1:53.655           1           1  113655813 .TAU application
100.0           22     1:53.655           1        1321  113655805 CG 
 87.2     1:08.918     1:39.055         101      102414     980747 CONJ_GRAD 
 15.3       17,398       17,398       34542           0        504 MPI_Wait() 
 11.7          670       13,331           1       3E+06   13331947 MAKEA 
 11.1       12,645       12,645       34542           0        366 MPI_Send() 
 10.5        6,440       11,985     1.5E+06 4.40472E+07          8 SPRNVC 
  4.9        5,544        5,544 4.40472E+07           0          0 ICNVRT 
  0.6       0.0523          663           1           4     663571 INITIALIZE_MPI 
  0.6          662          662           1           0     662530 MPI_Init() 
  0.5          569          569           1           0     569721 MPI_Finalize() 
  0.4          453          453           1           0     453901 SPARSE 
  0.2          222          222     1.5E+06           0          0 VECSET 
  0.1           98           98       34542           0          3 MPI_Irecv() 
  0.0            5            5           1           0       5602 ALLOC_SPACE 
  0.0        0.988        0.988           1           0        988 MPI_Bcast() 
  0.0        0.442        0.442           1           0        442 MPI_Barrier() 
  0.0       0.0591       0.0591           1           0         59 MPI_Reduce() 
  0.0     0.000797     0.000797           1           0          1 SETUP_SUBMATRIX_INFO 
  0.0     0.000445     0.000445           1           0          0 MPI_Comm_size() 
  0.0     0.000297     0.000297           1           0          0 SETUP_PROC_INFO 
  0.0     0.000281     0.000281           1           0          0 MPI_Comm_rank() 
