Reading Profile files in profile.*

FUNCTION SUMMARY (total):
---------------------------------------------------------------------------------------
%Time    Exclusive    Inclusive       #Call      #Subrs  Inclusive Name
              msec   total msec                          usec/call 
---------------------------------------------------------------------------------------
100.0        0.186 11:06:37.707          36          36 1111047424 .TAU application
100.0           45 11:06:37.707          36       18685 1111047419 MPSP 
 99.1          239 11:00:44.648       18036      108216    2198084 ADI 
 26.3     6:28.779  2:55:30.607       18072      253008     582703 COPY_FACES 
 25.7    40:56.040  2:51:16.747       18036      757512     569791 Y_SOLVE 
 24.0    45:55.022  2:39:52.912       18036      757512     531876 Z_SOLVE 
 23.8  2:38:40.159  2:38:40.159       18072           0     526791 COMPUTE_RHS 
 19.4  1:00:22.086  2:09:08.119       18036      757512     429592 X_SOLVE 
 17.4  1:56:10.606  1:56:10.606      559152           0      12466 MPI_Waitall() 
 11.5  1:16:59.403  1:16:59.403      108216           0      42687 LHSZ 
 10.6  1:10:45.880  1:10:45.880      108216           0      39235 LHSY 
  5.6    37:25.460    37:25.460      108216           0      20750 LHSX 
  2.0    13:01.087    13:01.087       18036           0      43307 TXINVR 
  1.8    12:14.816    12:14.816       18036           0      40742 ADD 
  1.8    11:44.807    11:44.807      108216           0       6513 TZETAR 
  0.7     4:55.590     4:55.590      108216           0       2731 PINVR 
  0.7     4:32.998     4:32.998      108216           0       2523 NINVR 
  0.5     1:29.610     3:24.517          72 8.17005E+08    2840522 INITIALIZE 
  0.4     2:34.156     2:34.156 1.09657E+09           0          0 EXACT_SOLUTION 
  0.2       31,598     1:01.344          36 2.11649E+08    1704027 EXACT_RHS 
  0.1            1       42,803          36         108    1188993 VERIFY 
  0.1       30,702       30,702      649512           0         47 MPI_Irecv() 
  0.1            1       21,634          36         180     600964 SETUP_MPI 
  0.1       21,611       21,611          36           0     600328 MPI_Init() 
  0.1       20,847       20,847      649512           0         32 MPI_Isend() 
  0.0        7,622       18,062          36 6.79173E+07     501736 ERROR_NORM 
  0.0       17,573       17,573          36           0     488160 MPI_Finalize() 
  0.0        5,422        5,422          72           0      75307 MPI_Allreduce() 
  0.0          374        4,859          36          36     134998 RHS_NORM 
  0.0        3,466        3,466          36           0      96304 LHSINIT 
  0.0        1,363        1,363          72           0      18933 MPI_Barrier() 
  0.0          281          281          36           0       7819 ALLOC_SPACE 
  0.0           25           25         144           0        179 MPI_Bcast() 
  0.0           21           21          72           0        303 MPI_Comm_dup() 
  0.0        0.691        0.691          36           0         19 MPI_Reduce() 
  0.0        0.066        0.066          36           0          2 SET_CONSTANTS 
  0.0        0.057        0.057          36           0          2 MAKE_SET 
  0.0        0.044        0.044          36           0          1 COMPUTE_BUFFER_SIZE 
  0.0        0.011        0.011          36           0          0 MPI_Comm_size() 
  0.0        0.007        0.007          36           0          0 MPI_Comm_rank() 
  0.0        0.001        0.001           1           0          1 SET_CLASS 

FUNCTION SUMMARY (mean):
---------------------------------------------------------------------------------------
%Time    Exclusive    Inclusive       #Call      #Subrs  Inclusive Name
              msec   total msec                          usec/call 
---------------------------------------------------------------------------------------
100.0      0.00517    18:31.047           1           1 1111047424 .TAU application
100.0            1    18:31.047           1     519.028 1111047419 MPSP 
 99.1            6    18:21.240         501        3006    2198084 ADI 
 26.3       10,799     4:52.516         502        7028     582703 COPY_FACES 
 25.7     1:08.223     4:45.465         501       21042     569791 Y_SOLVE 
 24.0     1:16.528     4:26.469         501       21042     531876 Z_SOLVE 
 23.8     4:24.448     4:24.448         502           0     526791 COMPUTE_RHS 
 19.4     1:40.613     3:35.225         501       21042     429592 X_SOLVE 
 17.4     3:13.627     3:13.627       15532           0      12466 MPI_Waitall() 
 11.5     2:08.316     2:08.316        3006           0      42687 LHSZ 
 10.6     1:57.941     1:57.941        3006           0      39235 LHSY 
  5.6     1:02.373     1:02.373        3006           0      20750 LHSX 
  2.0       21,696       21,696         501           0      43307 TXINVR 
  1.8       20,411       20,411         501           0      40742 ADD 
  1.8       19,577       19,577        3006           0       6513 TZETAR 
  0.7        8,210        8,210        3006           0       2731 PINVR 
  0.7        7,583        7,583        3006           0       2523 NINVR 
  0.5        2,489        5,681           2 2.26946E+07    2840522 INITIALIZE 
  0.4        4,282        4,282 3.04603E+07           0          0 EXACT_SOLUTION 
  0.2          877        1,704           1 5.87915E+06    1704027 EXACT_RHS 
  0.1       0.0323        1,188           1           3    1188993 VERIFY 
  0.1          852          852       18042           0         47 MPI_Irecv() 
  0.1       0.0294          600           1           5     600964 SETUP_MPI 
  0.1          600          600           1           0     600328 MPI_Init() 
  0.1          579          579       18042           0         32 MPI_Isend() 
  0.0          211          501           1 1.88659E+06     501736 ERROR_NORM 
  0.0          488          488           1           0     488160 MPI_Finalize() 
  0.0          150          150           2           0      75307 MPI_Allreduce() 
  0.0           10          134           1           1     134998 RHS_NORM 
  0.0           96           96           1           0      96304 LHSINIT 
  0.0           37           37           2           0      18933 MPI_Barrier() 
  0.0            7            7           1           0       7819 ALLOC_SPACE 
  0.0        0.715        0.715           4           0        179 MPI_Bcast() 
  0.0        0.606        0.606           2           0        303 MPI_Comm_dup() 
  0.0       0.0192       0.0192           1           0         19 MPI_Reduce() 
  0.0      0.00183      0.00183           1           0          2 SET_CONSTANTS 
  0.0      0.00158      0.00158           1           0          2 MAKE_SET 
  0.0      0.00122      0.00122           1           0          1 COMPUTE_BUFFER_SIZE 
  0.0     0.000306     0.000306           1           0          0 MPI_Comm_size() 
  0.0     0.000194     0.000194           1           0          0 MPI_Comm_rank() 
  0.0     2.78E-05     2.78E-05   0.0277778           0          1 SET_CLASS 
