Reading Profile files in profile.*

FUNCTION SUMMARY (total):
---------------------------------------------------------------------------------------
%Time    Exclusive    Inclusive       #Call      #Subrs  Inclusive Name
              msec   total msec                          usec/call 
---------------------------------------------------------------------------------------
100.0        0.022     5:30.980           4           4   82745130 .TAU application
100.0        0.731     5:30.980           4         288   82745124 FT 
 84.8        0.372     4:40.814          88         352    3191070 FFT 
 49.2       10,844     2:42.925 1.08134E+06  9.7321E+06        151 CFFTZ 
 45.9     2:32.080     2:32.080  9.7321E+06           0         16 FFTZ2 
 41.2       28,101     2:16.363         176      721072     774794 CFFTS1 
 22.5       19,832     1:14.495          88      360536     846536 CFFTS2 
 19.2         0.24     1:03.608          80         240     795104 TRANSPOSE_X_YZ 
 11.1       36,750       36,750          88           0     417625 TRANSPOSE2_LOCAL 
  7.3       24,016       24,016           4           0    6004108 MPI_Finalize() 
  6.2         0.28       20,470          88          88     232616 TRANSPOSE2_GLOBAL 
  6.2       20,469       20,469          88           0     232613 MPI_Alltoall() 
  5.2       17,147       17,147          80           0     214347 EVOLVE 
  3.8       12,733       12,733          88           0     144696 TRANSPOSE2_FINISH 
  1.9        0.083        6,346           8          24     793313 TRANSPOSE_XY_Z 
  1.6        5,331        5,331           8           0     666402 COMPUTE_INDEXMAP 
  0.7        0.904        2,332           4          45     583247 SETUP 
  0.7        2,320        2,320           4           0     580020 MPI_Init() 
  0.4        1,232        1,232           8          16     154041 COMPUTE_INITIAL_CONDITIONS 
  0.0            1           73          80          80        913 CHECKSUM 
  0.0           71           71          80           0        889 MPI_Reduce() 
  0.0           31           31           4           0       7871 MPI_Barrier() 
  0.0            7            7           4           0       1799 ALLOC_SPACE 
  0.0            2            2           8           0        316 MPI_Comm_split() 
  0.0            2            2          20           0        114 MPI_Bcast() 
  0.0        0.359         0.36           8           8         45 FFT_INIT 
  0.0        0.068        0.068         272           0          0 ILOG2 
  0.0        0.017        0.017           4           0          4 VERIFY 
  0.0        0.004        0.004          16           0          0 IPOW46 
  0.0        0.002        0.002           4           0          0 MPI_Comm_rank() 
  0.0        0.002        0.002           4           0          0 MPI_Comm_size() 
  0.0        0.001        0.001           1           0          1 SET_CLASS 

FUNCTION SUMMARY (mean):
---------------------------------------------------------------------------------------
%Time    Exclusive    Inclusive       #Call      #Subrs  Inclusive Name
              msec   total msec                          usec/call 
---------------------------------------------------------------------------------------
100.0       0.0055     1:22.745           1           1   82745130 .TAU application
100.0        0.183     1:22.745           1          72   82745124 FT 
 84.8        0.093     1:10.203          22          88    3191070 FFT 
 49.2        2,711       40,731      270336 2.43302E+06        151 CFFTZ 
 45.9       38,020       38,020 2.43302E+06           0         16 FFTZ2 
 41.2        7,025       34,090          44      180268     774794 CFFTS1 
 22.5        4,958       18,623          22       90134     846536 CFFTS2 
 19.2         0.06       15,902          20          60     795104 TRANSPOSE_X_YZ 
 11.1        9,187        9,187          22           0     417625 TRANSPOSE2_LOCAL 
  7.3        6,004        6,004           1           0    6004108 MPI_Finalize() 
  6.2         0.07        5,117          22          22     232616 TRANSPOSE2_GLOBAL 
  6.2        5,117        5,117          22           0     232613 MPI_Alltoall() 
  5.2        4,286        4,286          20           0     214347 EVOLVE 
  3.8        3,183        3,183          22           0     144696 TRANSPOSE2_FINISH 
  1.9       0.0208        1,586           2           6     793313 TRANSPOSE_XY_Z 
  1.6        1,332        1,332           2           0     666402 COMPUTE_INDEXMAP 
  0.7        0.226          583           1       11.25     583247 SETUP 
  0.7          580          580           1           0     580020 MPI_Init() 
  0.4          308          308           2           4     154041 COMPUTE_INITIAL_CONDITIONS 
  0.0        0.476           18          20          20        913 CHECKSUM 
  0.0           17           17          20           0        889 MPI_Reduce() 
  0.0            7            7           1           0       7871 MPI_Barrier() 
  0.0            1            1           1           0       1799 ALLOC_SPACE 
  0.0        0.631        0.631           2           0        316 MPI_Comm_split() 
  0.0        0.569        0.569           5           0        114 MPI_Bcast() 
  0.0       0.0897         0.09           2           2         45 FFT_INIT 
  0.0        0.017        0.017          68           0          0 ILOG2 
  0.0      0.00425      0.00425           1           0          4 VERIFY 
  0.0        0.001        0.001           4           0          0 IPOW46 
  0.0       0.0005       0.0005           1           0          0 MPI_Comm_rank() 
  0.0       0.0005       0.0005           1           0          0 MPI_Comm_size() 
  0.0      0.00025      0.00025        0.25           0          1 SET_CLASS 
