Reading Profile files in profile.*

FUNCTION SUMMARY (total):
---------------------------------------------------------------------------------------
%Time    Exclusive    Inclusive       #Call      #Subrs  Inclusive Name
              msec   total msec                          usec/call 
---------------------------------------------------------------------------------------
100.0         0.24     5:41.938          49          49    6978336 .TAU application
100.0           22     5:41.938          49       20532    6978331 MPSP 
 84.1           88     4:47.616       19649      117894      14638 ADI 
 22.5       13,197     1:16.980       19698      275772       3908 COPY_FACES 
 21.8       21,144     1:14.496       19649      982450       3791 Z_SOLVE 
 19.0       21,128     1:04.897       19649      982450       3303 Y_SOLVE 
 16.6       25,645       56,706       19649      982450       2886 X_SOLVE 
 16.5       56,347       56,347      727062           0         78 MPI_Waitall() 
 14.8       50,632       50,632       19698           0       2570 COMPUTE_RHS 
  9.6       32,804       32,804      137543           0        239 LHSZ 
  7.2       24,462       24,462          49           0     499233 MPI_Finalize() 
  6.7            1       22,739          49         245     464079 SETUP_MPI 
  6.6       22,703       22,703          49           0     463337 MPI_Init() 
  5.9       20,137       20,137      137543           0        146 LHSX 
  5.3       18,062       18,062      137543           0        131 LHSY 
  2.3        7,702        7,702       19649           0        392 ADD 
  2.0        6,934        6,934       19649           0        353 TXINVR 
  1.8        6,056        6,056      137543           0         44 TZETAR 
  1.4        4,803        4,803      825552           0          6 MPI_Isend() 
  1.1        1,687        3,727          98 1.28593E+07      38031 INITIALIZE 
  0.8        2,817        2,817 1.77006E+07           0          0 EXACT_SOLUTION 
  0.4        1,336        1,336          98           0      13634 MPI_Barrier() 
  0.4          681        1,309          49    3.78E+06      26733 EXACT_RHS 
  0.3        1,155        1,155      825552           0          1 MPI_Irecv() 
  0.3        1,001        1,001      137543           0          7 PINVR 
  0.3          963          963      137543           0          7 NINVR 
  0.2        0.622          605          49         147      12350 VERIFY 
  0.1          119          294          49 1.06126E+06       6008 ERROR_NORM 
  0.0          138          138          98           0       1417 MPI_Allreduce() 
  0.0            4          119          49          49       2432 RHS_NORM 
  0.0           41           41          49           0        855 ALLOC_SPACE 
  0.0           39           39          49           0        814 LHSINIT 
  0.0           36           36         196           0        185 MPI_Bcast() 
  0.0           35           35          98           0        358 MPI_Comm_dup() 
  0.0        0.949        0.949          49           0         19 MPI_Reduce() 
  0.0        0.083        0.083          49           0          2 SET_CONSTANTS 
  0.0        0.058        0.058          49           0          1 MAKE_SET 
  0.0        0.026        0.026          49           0          1 MPI_Comm_size() 
  0.0         0.02         0.02          49           0          0 COMPUTE_BUFFER_SIZE 
  0.0        0.011        0.011          49           0          0 MPI_Comm_rank() 
  0.0            0            0           1           0          0 SET_CLASS 

FUNCTION SUMMARY (mean):
---------------------------------------------------------------------------------------
%Time    Exclusive    Inclusive       #Call      #Subrs  Inclusive Name
              msec   total msec                          usec/call 
---------------------------------------------------------------------------------------
100.0       0.0049        6,978           1           1    6978336 .TAU application
100.0        0.454        6,978           1      419.02    6978331 MPSP 
 84.1            1        5,869         401        2406      14638 ADI 
 22.5          269        1,571         402        5628       3908 COPY_FACES 
 21.8          431        1,520         401       20050       3791 Z_SOLVE 
 19.0          431        1,324         401       20050       3303 Y_SOLVE 
 16.6          523        1,157         401       20050       2886 X_SOLVE 
 16.5        1,149        1,149       14838           0         78 MPI_Waitall() 
 14.8        1,033        1,033         402           0       2570 COMPUTE_RHS 
  9.6          669          669        2807           0        239 LHSZ 
  7.2          499          499           1           0     499233 MPI_Finalize() 
  6.7       0.0263          464           1           5     464079 SETUP_MPI 
  6.6          463          463           1           0     463337 MPI_Init() 
  5.9          410          410        2807           0        146 LHSX 
  5.3          368          368        2807           0        131 LHSY 
  2.3          157          157         401           0        392 ADD 
  2.0          141          141         401           0        353 TXINVR 
  1.8          123          123        2807           0         44 TZETAR 
  1.4           98           98       16848           0          6 MPI_Isend() 
  1.1           34           76           2      262436      38031 INITIALIZE 
  0.8           57           57      361236           0          0 EXACT_SOLUTION 
  0.4           27           27           2           0      13634 MPI_Barrier() 
  0.4           13           26           1     77142.9      26733 EXACT_RHS 
  0.3           23           23       16848           0          1 MPI_Irecv() 
  0.3           20           20        2807           0          7 PINVR 
  0.3           19           19        2807           0          7 NINVR 
  0.2       0.0127           12           1           3      12350 VERIFY 
  0.1            2            6           1     21658.3       6008 ERROR_NORM 
  0.0            2            2           2           0       1417 MPI_Allreduce() 
  0.0       0.0987            2           1           1       2432 RHS_NORM 
  0.0        0.855        0.855           1           0        855 ALLOC_SPACE 
  0.0        0.814        0.814           1           0        814 LHSINIT 
  0.0         0.74         0.74           4           0        185 MPI_Bcast() 
  0.0        0.716        0.716           2           0        358 MPI_Comm_dup() 
  0.0       0.0194       0.0194           1           0         19 MPI_Reduce() 
  0.0      0.00169      0.00169           1           0          2 SET_CONSTANTS 
  0.0      0.00118      0.00118           1           0          1 MAKE_SET 
  0.0     0.000531     0.000531           1           0          1 MPI_Comm_size() 
  0.0     0.000408     0.000408           1           0          0 COMPUTE_BUFFER_SIZE 
  0.0     0.000224     0.000224           1           0          0 MPI_Comm_rank() 
  0.0            0            0   0.0204082           0          0 SET_CLASS 
