Reading Profile files in profile.*

FUNCTION SUMMARY (total):
---------------------------------------------------------------------------------------
%Time    Exclusive    Inclusive       #Call      #Subrs  Inclusive Name
              msec   total msec                          usec/call 
---------------------------------------------------------------------------------------
100.0        0.078  3:39:04.481          16          16  821530118 .TAU application
100.0            1  3:39:04.481          16         273  821530113 APPLU 
 97.6    10:00.146  3:33:47.286          32 8.01676E+08  400852701 SSOR 
 31.9  1:07:12.811  1:09:52.555        4848        9696     864801 RHS 
 14.9    32:42.285    32:42.285 1.98463E+08           0         10 JACLD 
 14.6    31:55.934    31:55.934 1.98463E+08           0         10 JACU 
 14.5    31:45.307    31:45.307 1.98463E+08           0         10 BLTS 
 14.2    31:07.612    31:07.612 1.98463E+08           0          9 BUTS 
  2.9       14,278     6:21.111 7.82118E+06 1.17318E+07         49 EXCHANGE_1 
  2.1     4:36.694     4:36.694 5.86589E+06           0         47 MPI_Recv() 
  1.6     1:24.527     3:26.276          32 8.03081E+08    6446139 SETIV 
  1.2     1:02.135     2:40.986        9728       43776      16549 EXCHANGE_3 
  1.0     2:12.745     2:12.745 8.72002E+08           0          0 EXACT 
  1.0     2:08.096     2:08.096 5.88052E+06           0         22 MPI_Send() 
  0.5     1:06.626     1:06.626          16           0    4164135 MPI_Finalize() 
  0.5     1:00.849     1:00.849       14628           0       4160 MPI_Wait() 
  0.1       16,806       18,049          16          32    1128064 ERHS 
  0.1        7,480       17,844          16 6.69234E+07    1115312 ERROR 
  0.1        0.681        7,295          16          48     455994 INIT_COMM 
  0.1        7,295        7,295          16           0     455951 MPI_Init() 
  0.0        1,460        2,154          64          64      33666 L2NORM 
  0.0        1,064        1,064         160           0       6652 MPI_Allreduce() 
  0.0          209        1,026          32 1.99757E+06      32069 SETBV 
  0.0           45           45       14628           0          3 MPI_Irecv() 
  0.0           38           38          16           0       2403 ALLOC_SPACE 
  0.0           18           28          16          80       1757 PINTGR 
  0.0        0.428            8          16          17        515 READ_INPUT 
  0.0        0.146            7          16         160        488 BCAST_INPUTS 
  0.0            7            7         160           0         48 MPI_Bcast() 
  0.0        0.892        0.892          32           0         28 MPI_Barrier() 
  0.0        0.068        0.591          16          72         37 EXCHANGE_4 
  0.0        0.183        0.183           1           0        183 VERIFY 
  0.0        0.018        0.132           8          18         16 EXCHANGE_6 
  0.0        0.016        0.094           8          18         12 EXCHANGE_5 
  0.0        0.028        0.029          16          16          2 PROC_GRID 
  0.0        0.016        0.016          16           0          1 SETCOEFF 
  0.0        0.008        0.008          16           0          0 MPI_Comm_size() 
  0.0        0.006        0.006          16           0          0 NEIGHBORS 
  0.0        0.003        0.003          16           0          0 MPI_Comm_rank() 
  0.0        0.002        0.002          16           0          0 SUBDOMAIN 
  0.0        0.001        0.001          16           0          0 ISQRT2 
  0.0            0            0           1           0          0 SET_CLASS 

FUNCTION SUMMARY (mean):
---------------------------------------------------------------------------------------
%Time    Exclusive    Inclusive       #Call      #Subrs  Inclusive Name
              msec   total msec                          usec/call 
---------------------------------------------------------------------------------------
100.0      0.00487    13:41.530           1           1  821530118 .TAU application
100.0       0.0988    13:41.530           1     17.0625  821530113 APPLU 
 97.6       37,509    13:21.705           2 5.01048E+07  400852701 SSOR 
 31.9     4:12.050     4:22.034         303         606     864801 RHS 
 14.9     2:02.642     2:02.642 1.24039E+07           0         10 JACLD 
 14.6     1:59.745     1:59.745 1.24039E+07           0         10 JACU 
 14.5     1:59.081     1:59.081 1.24039E+07           0         10 BLTS 
 14.2     1:56.725     1:56.725 1.24039E+07           0          9 BUTS 
  2.9          892       23,819      488824      733236         49 EXCHANGE_1 
  2.1       17,293       17,293      366618           0         47 MPI_Recv() 
  1.6        5,282       12,892           2 5.01926E+07    6446139 SETIV 
  1.2        3,883       10,061         608        2736      16549 EXCHANGE_3 
  1.0        8,296        8,296 5.45001E+07           0          0 EXACT 
  1.0        8,006        8,006      367532           0         22 MPI_Send() 
  0.5        4,164        4,164           1           0    4164135 MPI_Finalize() 
  0.5        3,803        3,803      914.25           0       4160 MPI_Wait() 
  0.1        1,050        1,128           1           2    1128064 ERHS 
  0.1          467        1,115           1 4.18271E+06    1115312 ERROR 
  0.1       0.0426          455           1           3     455994 INIT_COMM 
  0.1          455          455           1           0     455951 MPI_Init() 
  0.0           91          134           4           4      33666 L2NORM 
  0.0           66           66          10           0       6652 MPI_Allreduce() 
  0.0           13           64           2      124848      32069 SETBV 
  0.0            2            2      914.25           0          3 MPI_Irecv() 
  0.0            2            2           1           0       2403 ALLOC_SPACE 
  0.0            1            1           1           5       1757 PINTGR 
  0.0       0.0267        0.515           1      1.0625        515 READ_INPUT 
  0.0      0.00912        0.488           1          10        488 BCAST_INPUTS 
  0.0        0.479        0.479          10           0         48 MPI_Bcast() 
  0.0       0.0558       0.0558           2           0         28 MPI_Barrier() 
  0.0      0.00425       0.0369           1         4.5         37 EXCHANGE_4 
  0.0       0.0114       0.0114      0.0625           0        183 VERIFY 
  0.0      0.00112      0.00825         0.5       1.125         16 EXCHANGE_6 
  0.0        0.001      0.00588         0.5       1.125         12 EXCHANGE_5 
  0.0      0.00175      0.00181           1           1          2 PROC_GRID 
  0.0        0.001        0.001           1           0          1 SETCOEFF 
  0.0       0.0005       0.0005           1           0          0 MPI_Comm_size() 
  0.0     0.000375     0.000375           1           0          0 NEIGHBORS 
  0.0     0.000188     0.000188           1           0          0 MPI_Comm_rank() 
  0.0     0.000125     0.000125           1           0          0 SUBDOMAIN 
  0.0     6.25E-05     6.25E-05           1           0          0 ISQRT2 
  0.0            0            0      0.0625           0          0 SET_CLASS 
