Reading Profile files in profile.*

FUNCTION SUMMARY (total):
---------------------------------------------------------------------------------------
%Time    Exclusive    Inclusive       #Call      #Subrs  Inclusive Name
              msec   total msec                          usec/call 
---------------------------------------------------------------------------------------
100.0            1  3:08:45.620         256         256   44240705 .TAU application
100.0           47  3:08:45.619         256       22272   44240700 FT 
 87.6           34  2:45:21.151        6912       27648    1435352 FFT 
 42.2     1:50.709  1:19:36.359 8.84736E+06 9.02431E+07        540 CFFTZ 
 41.2  1:17:45.650  1:17:45.650 9.02431E+07           0         52 FFTZ2 
 34.9    12:47.363  1:05:52.082       13824 5.32224E+06     285886 CFFTS1 
 25.3           23    47:46.571        6400       19200     447902 TRANSPOSE_X_YZ 
 23.3    17:32.758    44:04.407        6912 3.54586E+06     382582 CFFTS2 
 14.0           28    26:27.577        6912        6912     229684 TRANSPOSE2_GLOBAL 
 14.0    26:27.549    26:27.549        6912           0     229680 MPI_Alltoall() 
  8.7    16:28.804    16:28.804        6912           0     143056 TRANSPOSE2_LOCAL 
  7.4    13:57.168    13:57.168        6400           0     130808 EVOLVE 
  6.6    12:28.211    12:28.211        6912           0     108248 TRANSPOSE2_FINISH 
  4.0            9     7:38.054         512        1536     894639 TRANSPOSE_XY_Z 
  1.5     2:45.104     2:45.104         512           0     322469 COMPUTE_INDEXMAP 
  1.2           50     2:18.591        6400        6400      21655 CHECKSUM 
  1.2     2:18.541     2:18.541        6400           0      21647 MPI_Reduce() 
  1.2           16     2:14.916         256        2817     527016 SETUP 
  1.2     2:12.092     2:12.092         256           0     515988 MPI_Init() 
  0.8     1:32.804     1:32.804         256           0     362516 MPI_Finalize() 
  0.3       31,275       31,276         512        1024      61087 COMPUTE_INITIAL_CONDITIONS 
  0.0        4,453        4,453         256           0      17397 MPI_Barrier() 
  0.0        2,007        2,007         512           0       3921 MPI_Comm_split() 
  0.0          491          491         256           0       1919 ALLOC_SPACE 
  0.0          307          307        1280           0        240 MPI_Bcast() 
  0.0          104          105         512         512        205 FFT_INIT 
  0.0            8            8       21248           0          0 ILOG2 
  0.0        0.445        0.445        1024           0          0 IPOW46 
  0.0        0.136        0.136         256           0          1 MPI_Comm_size() 
  0.0        0.078        0.078         256           0          0 VERIFY 
  0.0        0.065        0.065         256           0          0 MPI_Comm_rank() 
  0.0        0.001        0.001           1           0          1 SET_CLASS 

FUNCTION SUMMARY (mean):
---------------------------------------------------------------------------------------
%Time    Exclusive    Inclusive       #Call      #Subrs  Inclusive Name
              msec   total msec                          usec/call 
---------------------------------------------------------------------------------------
100.0      0.00507       44,240           1           1   44240705 .TAU application
100.0        0.185       44,240           1          87   44240700 FT 
 87.6        0.137       38,754          27         108    1435352 FFT 
 42.2          432       18,657       34560      352512        540 CFFTZ 
 41.2       18,225       18,225      352512           0         52 FFTZ2 
 34.9        2,997       15,437          54       20790     285886 CFFTS1 
 25.3       0.0915       11,197          25          75     447902 TRANSPOSE_X_YZ 
 23.3        4,112       10,329          27       13851     382582 CFFTS2 
 14.0         0.11        6,201          27          27     229684 TRANSPOSE2_GLOBAL 
 14.0        6,201        6,201          27           0     229680 MPI_Alltoall() 
  8.7        3,862        3,862          27           0     143056 TRANSPOSE2_LOCAL 
  7.4        3,270        3,270          25           0     130808 EVOLVE 
  6.6        2,922        2,922          27           0     108248 TRANSPOSE2_FINISH 
  4.0       0.0366        1,789           2           6     894639 TRANSPOSE_XY_Z 
  1.5          644          644           2           0     322469 COMPUTE_INDEXMAP 
  1.2        0.197          541          25          25      21655 CHECKSUM 
  1.2          541          541          25           0      21647 MPI_Reduce() 
  1.2       0.0632          527           1     11.0039     527016 SETUP 
  1.2          515          515           1           0     515988 MPI_Init() 
  0.8          362          362           1           0     362516 MPI_Finalize() 
  0.3          122          122           2           4      61087 COMPUTE_INITIAL_CONDITIONS 
  0.0           17           17           1           0      17397 MPI_Barrier() 
  0.0            7            7           2           0       3921 MPI_Comm_split() 
  0.0            1            1           1           0       1919 ALLOC_SPACE 
  0.0            1            1           5           0        240 MPI_Bcast() 
  0.0         0.41        0.411           2           2        205 FFT_INIT 
  0.0        0.033        0.033          83           0          0 ILOG2 
  0.0      0.00174      0.00174           4           0          0 IPOW46 
  0.0     0.000531     0.000531           1           0          1 MPI_Comm_size() 
  0.0     0.000305     0.000305           1           0          0 VERIFY 
  0.0     0.000254     0.000254           1           0          0 MPI_Comm_rank() 
  0.0     3.91E-06     3.91E-06  0.00390625           0          1 SET_CLASS 
