Reading Profile files in profile.*

FUNCTION SUMMARY (total):
---------------------------------------------------------------------------------------
%Time    Exclusive    Inclusive       #Call      #Subrs  Inclusive Name
              msec   total msec                          usec/call 
---------------------------------------------------------------------------------------
100.0        0.022  3:07:17.411           4           4 2809352982 .TAU application
100.0        0.472  3:07:17.411           4          69 2809352976 APPLU 
 97.7     5:25.917  3:03:04.174           8 3.98882E+08 1373021834 SSOR 
 26.1    48:00.123    48:51.345        1212        2424    2418602 RHS 
 17.1    32:04.147    32:04.147 9.92313E+07           0         19 JACLD 
 17.0    31:53.411    31:53.411 9.92313E+07           0         19 BLTS 
 16.7    31:16.593    31:16.593 9.92313E+07           0         19 BUTS 
 16.6    31:07.304    31:07.304 9.92313E+07           0         19 JACU 
  1.8     1:24.645     3:26.535           8 8.03081E+08   25816924 SETIV 
  1.3        4,147     2:24.086  1.9553E+06  1.9553E+06         74 EXCHANGE_1 
  1.2     2:13.005     2:13.005 8.72002E+08           0          0 EXACT 
  0.8     1:25.489     1:25.489      977648           0         87 MPI_Recv() 
  0.5       59,261       59,261      980088           0         60 MPI_Send() 
  0.5       19,801       51,823        2432        7296      21309 EXCHANGE_3 
  0.2       27,202       27,202        2440           0      11149 MPI_Wait() 
  0.2        7,474       17,655           4 6.69234E+07    4413802 ERROR 
  0.1       12,940       13,542           4           8    3385612 ERHS 
  0.1       12,965       12,965           4           0    3241340 MPI_Finalize() 
  0.0        0.183        1,369           4          12     342375 INIT_COMM 
  0.0        1,369        1,369           4           0     342328 MPI_Init() 
  0.0          986        1,263          16          16      78980 L2NORM 
  0.0          204        1,144           8 1.99757E+06     143109 SETBV 
  0.0          387          387          40           0       9698 MPI_Allreduce() 
  0.0           11           13           4          24       3274 PINTGR 
  0.0            8            8           4           0       2220 ALLOC_SPACE 
  0.0            7            7        2440           0          3 MPI_Irecv() 
  0.0        0.391            1           4           5        453 READ_INPUT 
  0.0        0.038            1           4          40        355 BCAST_INPUTS 
  0.0            1            1          40           0         35 MPI_Bcast() 
  0.0        0.019        0.424           4          12        106 EXCHANGE_4 
  0.0        0.186        0.186           8           0         23 MPI_Barrier() 
  0.0        0.186        0.186           1           0        186 VERIFY 
  0.0        0.007        0.024           4           6          6 EXCHANGE_5 
  0.0        0.006        0.019           4           6          5 EXCHANGE_6 
  0.0        0.006        0.008           4           4          2 PROC_GRID 
  0.0        0.002        0.002           4           0          0 ISQRT2 
  0.0        0.002        0.002           4           0          0 MPI_Comm_size() 
  0.0        0.002        0.002           4           0          0 SETCOEFF 
  0.0        0.001        0.001           4           0          0 NEIGHBORS 
  0.0            0            0           4           0          0 MPI_Comm_rank() 
  0.0            0            0           1           0          0 SET_CLASS 
  0.0            0            0           4           0          0 SUBDOMAIN 

FUNCTION SUMMARY (mean):
---------------------------------------------------------------------------------------
%Time    Exclusive    Inclusive       #Call      #Subrs  Inclusive Name
              msec   total msec                          usec/call 
---------------------------------------------------------------------------------------
100.0       0.0055    46:49.352           1           1 2809352982 .TAU application
100.0        0.118    46:49.352           1       17.25 2809352976 APPLU 
 97.7     1:21.479    45:46.043           2 9.97204E+07 1373021834 SSOR 
 26.1    12:00.030    12:12.836         303         606    2418602 RHS 
 17.1     8:01.036     8:01.036 2.48078E+07           0         19 JACLD 
 17.0     7:58.352     7:58.352 2.48078E+07           0         19 BLTS 
 16.7     7:49.148     7:49.148 2.48078E+07           0         19 BUTS 
 16.6     7:46.826     7:46.826 2.48078E+07           0         19 JACU 
  1.8       21,161       51,633           2  2.0077E+08   25816924 SETIV 
  1.3        1,036       36,021      488824      488824         74 EXCHANGE_1 
  1.2       33,251       33,251    2.18E+08           0          0 EXACT 
  0.8       21,372       21,372      244412           0         87 MPI_Recv() 
  0.5       14,815       14,815      245022           0         60 MPI_Send() 
  0.5        4,950       12,955         608        1824      21309 EXCHANGE_3 
  0.2        6,800        6,800         610           0      11149 MPI_Wait() 
  0.2        1,868        4,413           1 1.67309E+07    4413802 ERROR 
  0.1        3,235        3,385           1           2    3385612 ERHS 
  0.1        3,241        3,241           1           0    3241340 MPI_Finalize() 
  0.0       0.0457          342           1           3     342375 INIT_COMM 
  0.0          342          342           1           0     342328 MPI_Init() 
  0.0          246          315           4           4      78980 L2NORM 
  0.0           51          286           2      499392     143109 SETBV 
  0.0           96           96          10           0       9698 MPI_Allreduce() 
  0.0            2            3           1           6       3274 PINTGR 
  0.0            2            2           1           0       2220 ALLOC_SPACE 
  0.0            1            1         610           0          3 MPI_Irecv() 
  0.0       0.0978        0.453           1        1.25        453 READ_INPUT 
  0.0       0.0095        0.355           1          10        355 BCAST_INPUTS 
  0.0        0.346        0.346          10           0         35 MPI_Bcast() 
  0.0      0.00475        0.106           1           3        106 EXCHANGE_4 
  0.0       0.0465       0.0465           2           0         23 MPI_Barrier() 
  0.0       0.0465       0.0465        0.25           0        186 VERIFY 
  0.0      0.00175        0.006           1         1.5          6 EXCHANGE_5 
  0.0       0.0015      0.00475           1         1.5          5 EXCHANGE_6 
  0.0       0.0015        0.002           1           1          2 PROC_GRID 
  0.0       0.0005       0.0005           1           0          0 ISQRT2 
  0.0       0.0005       0.0005           1           0          0 MPI_Comm_size() 
  0.0       0.0005       0.0005           1           0          0 SETCOEFF 
  0.0      0.00025      0.00025           1           0          0 NEIGHBORS 
  0.0            0            0           1           0          0 MPI_Comm_rank() 
  0.0            0            0        0.25           0          0 SET_CLASS 
  0.0            0            0           1           0          0 SUBDOMAIN 
