Reading Profile files in profile.*

FUNCTION SUMMARY (total):
---------------------------------------------------------------------------------------
%Time    Exclusive    Inclusive       #Call      #Subrs  Inclusive Name
              msec   total msec                          usec/call 
---------------------------------------------------------------------------------------
100.0         0.32    23:12.867          64          64   21763555 .TAU application
100.0           48    23:12.867          64       26817   21763550 MPSP 
 94.0          164    21:49.986       25664      153984      51044 ADI 
 24.5     1:25.226     5:41.448       25664 1.48851E+06      13305 Z_SOLVE 
 23.7     1:14.905     5:30.517       25728      360192      12847 COPY_FACES 
 20.6     1:45.055     4:46.888       25664 1.48851E+06      11179 Y_SOLVE 
 19.4     2:04.912     4:30.161       25664 1.48851E+06      10527 X_SOLVE 
 17.6     4:04.616     4:04.616 1.10362E+06           0        222 MPI_Waitall() 
 14.8     3:26.424     3:26.424       25728           0       8023 COMPUTE_RHS 
 12.3     2:50.988     2:50.988      205312           0        833 LHSZ 
  6.2     1:26.599     1:26.599      205312           0        422 LHSY 
  5.9     1:22.417     1:22.417      205312           0        401 LHSX 
  3.0       41,554       41,554       25664           0       1619 ADD 
  2.9       40,047       40,047       25664           0       1560 TXINVR 
  2.3       31,579       31,579          64           0     493428 MPI_Finalize() 
  2.2            1       30,328          64         320     473877 SETUP_MPI 
  2.2       30,261       30,261          64           0     472840 MPI_Init() 
  1.9       26,361       26,361      205312           0        128 TZETAR 
  1.0        6,424       14,304         128 5.13333E+07     111756 INITIALIZE 
  0.8       10,529       10,529 7.01768E+07           0          0 EXACT_SOLUTION 
  0.7        9,912        9,912 1.23226E+06           0          8 MPI_Isend() 
  0.3        2,045        4,097          64  1.4592E+07      64021 EXACT_RHS 
  0.3        3,965        3,965 1.23226E+06           0          3 MPI_Irecv() 
  0.3        3,833        3,833      205312           0         19 PINVR 
  0.3        3,795        3,795      205312           0         18 NINVR 
  0.1            1        2,018          64         192      31543 VERIFY 
  0.1          482        1,122          64 4.25159E+06      17536 ERROR_NORM 
  0.0          173          173          64           0       2719 ALLOC_SPACE 
  0.0          162          162          64           0       2542 LHSINIT 
  0.0          113          113         128           0        885 MPI_Allreduce() 
  0.0          108          108         128           0        846 MPI_Barrier() 
  0.0           26           97          64          64       1530 RHS_NORM 
  0.0           64           64         128           0        504 MPI_Comm_dup() 
  0.0           58           58         256           0        227 MPI_Bcast() 
  0.0        0.766        0.766          64           0         12 MPI_Reduce() 
  0.0        0.111        0.111          64           0          2 SET_CONSTANTS 
  0.0        0.104        0.104          64           0          2 MAKE_SET 
  0.0        0.033        0.033          64           0          1 MPI_Comm_size() 
  0.0        0.027        0.027          64           0          0 COMPUTE_BUFFER_SIZE 
  0.0        0.012        0.012          64           0          0 MPI_Comm_rank() 
  0.0        0.001        0.001           1           0          1 SET_CLASS 

FUNCTION SUMMARY (mean):
---------------------------------------------------------------------------------------
%Time    Exclusive    Inclusive       #Call      #Subrs  Inclusive Name
              msec   total msec                          usec/call 
---------------------------------------------------------------------------------------
100.0        0.005       21,763           1           1   21763555 .TAU application
100.0        0.761       21,763           1     419.016   21763550 MPSP 
 94.0            2       20,468         401        2406      51044 ADI 
 24.5        1,331        5,335         401       23258      13305 Z_SOLVE 
 23.7        1,170        5,164         402        5628      12847 COPY_FACES 
 20.6        1,641        4,482         401       23258      11179 Y_SOLVE 
 19.4        1,951        4,221         401       23258      10527 X_SOLVE 
 17.6        3,822        3,822       17244           0        222 MPI_Waitall() 
 14.8        3,225        3,225         402           0       8023 COMPUTE_RHS 
 12.3        2,671        2,671        3208           0        833 LHSZ 
  6.2        1,353        1,353        3208           0        422 LHSY 
  5.9        1,287        1,287        3208           0        401 LHSX 
  3.0          649          649         401           0       1619 ADD 
  2.9          625          625         401           0       1560 TXINVR 
  2.3          493          493           1           0     493428 MPI_Finalize() 
  2.2       0.0274          473           1           5     473877 SETUP_MPI 
  2.2          472          472           1           0     472840 MPI_Init() 
  1.9          411          411        3208           0        128 TZETAR 
  1.0          100          223           2      802082     111756 INITIALIZE 
  0.8          164          164 1.09651E+06           0          0 EXACT_SOLUTION 
  0.7          154          154       19254           0          8 MPI_Isend() 
  0.3           31           64           1      228000      64021 EXACT_RHS 
  0.3           61           61       19254           0          3 MPI_Irecv() 
  0.3           59           59        3208           0         19 PINVR 
  0.3           59           59        3208           0         18 NINVR 
  0.1       0.0158           31           1           3      31543 VERIFY 
  0.1            7           17           1     66431.1      17536 ERROR_NORM 
  0.0            2            2           1           0       2719 ALLOC_SPACE 
  0.0            2            2           1           0       2542 LHSINIT 
  0.0            1            1           2           0        885 MPI_Allreduce() 
  0.0            1            1           2           0        846 MPI_Barrier() 
  0.0        0.415            1           1           1       1530 RHS_NORM 
  0.0            1            1           2           0        504 MPI_Comm_dup() 
  0.0        0.908        0.908           4           0        227 MPI_Bcast() 
  0.0        0.012        0.012           1           0         12 MPI_Reduce() 
  0.0      0.00173      0.00173           1           0          2 SET_CONSTANTS 
  0.0      0.00162      0.00162           1           0          2 MAKE_SET 
  0.0     0.000516     0.000516           1           0          1 MPI_Comm_size() 
  0.0     0.000422     0.000422           1           0          0 COMPUTE_BUFFER_SIZE 
  0.0     0.000188     0.000188           1           0          0 MPI_Comm_rank() 
  0.0     1.56E-05     1.56E-05    0.015625           0          1 SET_CLASS 
