Reading Profile files in profile.*

FUNCTION SUMMARY (total):
---------------------------------------------------------------------------------------
%Time    Exclusive    Inclusive       #Call      #Subrs  Inclusive Name
              msec   total msec                          usec/call 
---------------------------------------------------------------------------------------
100.0        0.363  3:44:17.588          64          64  210274815 .TAU application
100.0            4  3:44:17.587          64        1089  210274809 APPLU 
 97.6     8:34.234  3:38:50.496         128   1.619E+09  102582003 SSOR 
 26.2    53:03.723    58:49.683       19392       38784     182018 RHS 
 14.8    33:11.727    33:11.727 3.96925E+08           0          5 JACLD 
 14.7    32:57.001    32:57.001 3.96925E+08           0          5 JACU 
 14.4    32:23.346    32:23.346 3.96925E+08           0          5 BLTS 
 14.1    31:40.406    31:40.406 3.96925E+08           0          5 BUTS 
  9.4       41,626    21:04.963 3.12847E+07 5.47483E+07         40 EXCHANGE_1 
  8.9    19:59.592    19:59.592 2.73741E+07           0         44 MPI_Recv() 
  2.6     1:57.899     5:50.317       38912      204288       9003 EXCHANGE_3 
  1.6     1:25.375     3:30.128         128 8.03081E+08    1641633 SETIV 
  1.0     2:15.807     2:15.807 8.72002E+08           0          0 EXACT 
  0.9     2:07.523     2:07.523 2.74424E+07           0          5 MPI_Send() 
  0.9     2:07.276     2:07.276       68236           0       1865 MPI_Wait() 
  0.3       40,281       40,281          64           0     629397 MPI_Finalize() 
  0.3            2       38,146          64         192     596038 INIT_COMM 
  0.3       38,143       38,143          64           0     595993 MPI_Init() 
  0.1        7,508       18,692          64 6.69235E+07     292074 ERROR 
  0.1       14,315       18,673          64         128     291776 ERHS 
  0.1        8,677        8,677         640           0      13559 MPI_Allreduce() 
  0.1        1,295        7,076         256         256      27642 L2NORM 
  0.0        1,365        1,365       68236           0         20 MPI_Irecv() 
  0.0          236          918         128 1.99757E+06       7178 SETBV 
  0.0          104          104          64           0       1630 ALLOC_SPACE 
  0.0        0.884           71          64          65       1114 READ_INPUT 
  0.0        0.616           70          64         640       1101 BCAST_INPUTS 
  0.0           69           69         640           0        109 MPI_Bcast() 
  0.0           29           68          64         288       1070 PINTGR 
  0.0            5            5         128           0         42 MPI_Barrier() 
  0.0        0.233            2          64         336         38 EXCHANGE_4 
  0.0        0.038        0.554          16          42         35 EXCHANGE_5 
  0.0        0.041        0.538          16          42         34 EXCHANGE_6 
  0.0         0.21         0.21           1           0        210 VERIFY 
  0.0        0.173        0.183          64          64          3 PROC_GRID 
  0.0         0.05         0.05          64           0          1 SETCOEFF 
  0.0        0.026        0.026          64           0          0 MPI_Comm_size() 
  0.0        0.025        0.025          64           0          0 NEIGHBORS 
  0.0        0.023        0.023          64           0          0 MPI_Comm_rank() 
  0.0        0.018        0.018          64           0          0 SUBDOMAIN 
  0.0         0.01         0.01          64           0          0 ISQRT2 
  0.0        0.001        0.001           1           0          1 SET_CLASS 

FUNCTION SUMMARY (mean):
---------------------------------------------------------------------------------------
%Time    Exclusive    Inclusive       #Call      #Subrs  Inclusive Name
              msec   total msec                          usec/call 
---------------------------------------------------------------------------------------
100.0      0.00567     3:30.274           1           1  210274815 .TAU application
100.0       0.0757     3:30.274           1     17.0156  210274809 APPLU 
 97.6        8,034     3:25.164           2  2.5297E+07  102582003 SSOR 
 26.2       49,745       55,151         303         606     182018 RHS 
 14.8       31,120       31,120 6.20195E+06           0          5 JACLD 
 14.7       30,890       30,890 6.20195E+06           0          5 JACU 
 14.4       30,364       30,364 6.20195E+06           0          5 BLTS 
 14.1       29,693       29,693 6.20195E+06           0          5 BUTS 
  9.4          650       19,765      488824      855442         40 EXCHANGE_1 
  8.9       18,743       18,743      427721           0         44 MPI_Recv() 
  2.6        1,842        5,473         608        3192       9003 EXCHANGE_3 
  1.6        1,333        3,283           2 1.25481E+07    1641633 SETIV 
  1.0        2,121        2,121  1.3625E+07           0          0 EXACT 
  0.9        1,992        1,992      428787           0          5 MPI_Send() 
  0.9        1,988        1,988     1066.19           0       1865 MPI_Wait() 
  0.3          629          629           1           0     629397 MPI_Finalize() 
  0.3       0.0436          596           1           3     596038 INIT_COMM 
  0.3          595          595           1           0     595993 MPI_Init() 
  0.1          117          292           1 1.04568E+06     292074 ERROR 
  0.1          223          291           1           2     291776 ERHS 
  0.1          135          135          10           0      13559 MPI_Allreduce() 
  0.1           20          110           4           4      27642 L2NORM 
  0.0           21           21     1066.19           0         20 MPI_Irecv() 
  0.0            3           14           2       31212       7178 SETBV 
  0.0            1            1           1           0       1630 ALLOC_SPACE 
  0.0       0.0138            1           1     1.01562       1114 READ_INPUT 
  0.0      0.00962            1           1          10       1101 BCAST_INPUTS 
  0.0            1            1          10           0        109 MPI_Bcast() 
  0.0        0.466            1           1         4.5       1070 PINTGR 
  0.0        0.085        0.085           2           0         42 MPI_Barrier() 
  0.0      0.00364       0.0379           1        5.25         38 EXCHANGE_4 
  0.0     0.000594      0.00866        0.25     0.65625         35 EXCHANGE_5 
  0.0     0.000641      0.00841        0.25     0.65625         34 EXCHANGE_6 
  0.0      0.00328      0.00328    0.015625           0        210 VERIFY 
  0.0       0.0027      0.00286           1           1          3 PROC_GRID 
  0.0     0.000781     0.000781           1           0          1 SETCOEFF 
  0.0     0.000406     0.000406           1           0          0 MPI_Comm_size() 
  0.0     0.000391     0.000391           1           0          0 NEIGHBORS 
  0.0     0.000359     0.000359           1           0          0 MPI_Comm_rank() 
  0.0     0.000281     0.000281           1           0          0 SUBDOMAIN 
  0.0     0.000156     0.000156           1           0          0 ISQRT2 
  0.0     1.56E-05     1.56E-05    0.015625           0          1 SET_CLASS 
