Reading Profile files in profile.*

FUNCTION SUMMARY (total):
---------------------------------------------------------------------------------------
%Time    Exclusive    Inclusive       #Call      #Subrs  Inclusive Name
              msec   total msec                          usec/call 
---------------------------------------------------------------------------------------
100.0        0.086  2:26:45.546          16          16  550346645 .TAU application
100.0            2  2:26:45.546          16        1392  550346640 FT 
 91.7            2  2:14:31.542         432        1728   18684126 FFT 
 52.7     1:43.737  1:17:18.702 8.84736E+06 9.02431E+07        524 CFFTZ 
 51.5  1:15:34.965  1:15:34.965 9.02431E+07           0         50 FFTZ2 
 42.8    11:30.461  1:02:47.519         864 5.30928E+06    4360555 CFFTS1 
 27.8    14:47.465    40:49.110         432 3.53938E+06    5669238 CFFTS2 
 19.5            1    28:41.157         400        1200    4302893 TRANSPOSE_X_YZ 
  9.0            1    13:16.003         432         432    1842600 TRANSPOSE2_GLOBAL 
  9.0    13:16.001    13:16.001         432           0    1842595 MPI_Alltoall() 
  8.3    12:07.835    12:07.835         432           0    1684804 TRANSPOSE2_LOCAL 
  6.0     8:48.306     8:48.306         400           0    1320766 EVOLVE 
  3.8     5:31.069     5:31.069         432           0     766364 TRANSPOSE2_FINISH 
  1.5        0.413     2:13.752          32          96    4179772 TRANSPOSE_XY_Z 
  1.0     1:24.785     1:24.785          32           0    2649538 COMPUTE_INDEXMAP 
  0.8     1:07.626     1:07.626          16           0    4226687 MPI_Finalize() 
  0.3       23,253       23,253          32          64     726663 COMPUTE_INITIAL_CONDITIONS 
  0.3            5       22,247         400         400      55620 CHECKSUM 
  0.3       22,241       22,241         400           0      55605 MPI_Reduce() 
  0.1            1        7,193          16         177     449623 SETUP 
  0.1        7,155        7,155          16           0     447214 MPI_Init() 
  0.0          582          582          16           0      36437 MPI_Barrier() 
  0.0           23           23          16           0       1442 ALLOC_SPACE 
  0.0            8            8          80           0        106 MPI_Bcast() 
  0.0            5            5          32           0        177 MPI_Comm_split() 
  0.0            4            4          32          32        133 FFT_INIT 
  0.0         0.39         0.39        1328           0          0 ILOG2 
  0.0        0.024        0.024          64           0          0 IPOW46 
  0.0        0.021        0.021          16           0          1 VERIFY 
  0.0         0.01         0.01          16           0          1 MPI_Comm_size() 
  0.0        0.005        0.005          16           0          0 MPI_Comm_rank() 
  0.0        0.001        0.001           1           0          1 SET_CLASS 

FUNCTION SUMMARY (mean):
---------------------------------------------------------------------------------------
%Time    Exclusive    Inclusive       #Call      #Subrs  Inclusive Name
              msec   total msec                          usec/call 
---------------------------------------------------------------------------------------
100.0      0.00537     9:10.346           1           1  550346645 .TAU application
100.0        0.185     9:10.346           1          87  550346640 FT 
 91.7         0.14     8:24.471          27         108   18684126 FFT 
 52.7        6,483     4:49.918      552960 5.64019E+06        524 CFFTZ 
 51.5     4:43.435     4:43.435 5.64019E+06           0         50 FFTZ2 
 42.8       43,153     3:55.469          54      331830    4360555 CFFTS1 
 27.8       55,466     2:33.069          27      221211    5669238 CFFTS2 
 19.5       0.0969     1:47.572          25          75    4302893 TRANSPOSE_X_YZ 
  9.0        0.122       49,750          27          27    1842600 TRANSPOSE2_GLOBAL 
  9.0       49,750       49,750          27           0    1842595 MPI_Alltoall() 
  8.3       45,489       45,489          27           0    1684804 TRANSPOSE2_LOCAL 
  6.0       33,019       33,019          25           0    1320766 EVOLVE 
  3.8       20,691       20,691          27           0     766364 TRANSPOSE2_FINISH 
  1.5       0.0258        8,359           2           6    4179772 TRANSPOSE_XY_Z 
  1.0        5,299        5,299           2           0    2649538 COMPUTE_INDEXMAP 
  0.8        4,226        4,226           1           0    4226687 MPI_Finalize() 
  0.3        1,453        1,453           2           4     726663 COMPUTE_INITIAL_CONDITIONS 
  0.3        0.371        1,390          25          25      55620 CHECKSUM 
  0.3        1,390        1,390          25           0      55605 MPI_Reduce() 
  0.1       0.0819          449           1     11.0625     449623 SETUP 
  0.1          447          447           1           0     447214 MPI_Init() 
  0.0           36           36           1           0      36437 MPI_Barrier() 
  0.0            1            1           1           0       1442 ALLOC_SPACE 
  0.0         0.53         0.53           5           0        106 MPI_Bcast() 
  0.0        0.354        0.354           2           0        177 MPI_Comm_split() 
  0.0        0.265        0.265           2           2        133 FFT_INIT 
  0.0       0.0244       0.0244          83           0          0 ILOG2 
  0.0       0.0015       0.0015           4           0          0 IPOW46 
  0.0      0.00131      0.00131           1           0          1 VERIFY 
  0.0     0.000625     0.000625           1           0          1 MPI_Comm_size() 
  0.0     0.000313     0.000313           1           0          0 MPI_Comm_rank() 
  0.0     6.25E-05     6.25E-05      0.0625           0          1 SET_CLASS 
