Reading Profile files in profile.*

FUNCTION SUMMARY (total):
---------------------------------------------------------------------------------------
%Time    Exclusive    Inclusive       #Call      #Subrs  Inclusive Name
              msec   total msec                          usec/call 
---------------------------------------------------------------------------------------
100.0        0.692     4:17.829         144         144    1790485 .TAU application
100.0           30     4:17.829         144       60337    1790480 MPSP 
 39.7           87     1:42.298       57744      346464       1772 ADI 
 30.4            3     1:18.439         144         720     544719 SETUP_MPI 
 30.4     1:18.251     1:18.251         144           0     543415 MPI_Init() 
 29.0     1:14.685     1:14.685         144           0     518649 MPI_Finalize() 
 13.5       34,849       34,849 3.86899E+06           0          9 MPI_Waitall() 
 12.5        6,271       32,163       57888      810432        556 COPY_FACES 
  9.4        6,153       24,210       57744 5.19696E+06        419 Y_SOLVE 
  9.0        5,675       23,285       57744 5.19696E+06        403 X_SOLVE 
  7.9        6,091       20,385       57744 5.19696E+06        353 Z_SOLVE 
  6.6       16,899       16,899       57888           0        292 COMPUTE_RHS 
  2.4        6,202        6,202      692928           0          9 LHSX 
  2.2        5,746        5,746 4.15843E+06           0          1 MPI_Isend() 
  1.6        4,095        4,095      692928           0          6 LHSZ 
  1.6        4,015        4,015      692928           0          6 LHSY 
  0.6        1,618        1,618 4.15843E+06           0          0 MPI_Irecv() 
  0.5        1,314        1,314      692928           0          2 TZETAR 
  0.5        1,242        1,242       57744           0         22 TXINVR 
  0.4          559        1,149         288 3.19488E+06       3992 INITIALIZE 
  0.4        1,009        1,009       57744           0         17 ADD 
  0.3          856          856 4.70248E+06           0          0 EXACT_SOLUTION 
  0.2          561          561      692928           0          1 PINVR 
  0.2          547          547      692928           0          1 NINVR 
  0.2          268          498         144 1.24546E+06       3459 EXACT_RHS 
  0.1          311          311         288           0       1080 MPI_Barrier() 
  0.1            1          269         144         432       1874 VERIFY 
  0.1          183          183         288           0        638 MPI_Comm_dup() 
  0.1           31          136         144      262288        949 ERROR_NORM 
  0.0          114          114         288           0        397 MPI_Allreduce() 
  0.0           96           96         576           0        167 MPI_Bcast() 
  0.0            1           46         144         144        326 RHS_NORM 
  0.0           39           39         144           0        275 LHSINIT 
  0.0            9            9         144           0         64 ALLOC_SPACE 
  0.0            1            1         144           0         11 MPI_Reduce() 
  0.0        0.228        0.228         144           0          2 SET_CONSTANTS 
  0.0         0.13         0.13         144           0          1 MAKE_SET 
  0.0        0.071        0.071         144           0          0 COMPUTE_BUFFER_SIZE 
  0.0        0.064        0.064         144           0          0 MPI_Comm_size() 
  0.0        0.034        0.034         144           0          0 MPI_Comm_rank() 
  0.0            0            0           1           0          0 SET_CLASS 

FUNCTION SUMMARY (mean):
---------------------------------------------------------------------------------------
%Time    Exclusive    Inclusive       #Call      #Subrs  Inclusive Name
              msec   total msec                          usec/call 
---------------------------------------------------------------------------------------
100.0      0.00481        1,790           1           1    1790485 .TAU application
100.0         0.21        1,790           1     419.007    1790480 MPSP 
 39.7        0.605          710         401        2406       1772 ADI 
 30.4       0.0268          544           1           5     544719 SETUP_MPI 
 30.4          543          543           1           0     543415 MPI_Init() 
 29.0          518          518           1           0     518649 MPI_Finalize() 
 13.5          242          242       26868           0          9 MPI_Waitall() 
 12.5           43          223         402        5628        556 COPY_FACES 
  9.4           42          168         401       36090        419 Y_SOLVE 
  9.0           39          161         401       36090        403 X_SOLVE 
  7.9           42          141         401       36090        353 Z_SOLVE 
  6.6          117          117         402           0        292 COMPUTE_RHS 
  2.4           43           43        4812           0          9 LHSX 
  2.2           39           39       28878           0          1 MPI_Isend() 
  1.6           28           28        4812           0          6 LHSZ 
  1.6           27           27        4812           0          6 LHSY 
  0.6           11           11       28878           0          0 MPI_Irecv() 
  0.5            9            9        4812           0          2 TZETAR 
  0.5            8            8         401           0         22 TXINVR 
  0.4            3            7           2     22186.7       3992 INITIALIZE 
  0.4            7            7         401           0         17 ADD 
  0.3            5            5     32656.1           0          0 EXACT_SOLUTION 
  0.2            3            3        4812           0          1 PINVR 
  0.2            3            3        4812           0          1 NINVR 
  0.2            1            3           1        8649       3459 EXACT_RHS 
  0.1            2            2           2           0       1080 MPI_Barrier() 
  0.1      0.00746            1           1           3       1874 VERIFY 
  0.1            1            1           2           0        638 MPI_Comm_dup() 
  0.1        0.216        0.949           1     1821.44        949 ERROR_NORM 
  0.0        0.794        0.794           2           0        397 MPI_Allreduce() 
  0.0        0.667        0.667           4           0        167 MPI_Bcast() 
  0.0      0.00744        0.326           1           1        326 RHS_NORM 
  0.0        0.275        0.275           1           0        275 LHSINIT 
  0.0       0.0636       0.0636           1           0         64 ALLOC_SPACE 
  0.0       0.0108       0.0108           1           0         11 MPI_Reduce() 
  0.0      0.00158      0.00158           1           0          2 SET_CONSTANTS 
  0.0     0.000903     0.000903           1           0          1 MAKE_SET 
  0.0     0.000493     0.000493           1           0          0 COMPUTE_BUFFER_SIZE 
  0.0     0.000444     0.000444           1           0          0 MPI_Comm_size() 
  0.0     0.000236     0.000236           1           0          0 MPI_Comm_rank() 
  0.0            0            0  0.00694444           0          0 SET_CLASS 
