Reading Profile files in profile.*

FUNCTION SUMMARY (total):
---------------------------------------------------------------------------------------
%Time    Exclusive    Inclusive       #Call      #Subrs  Inclusive Name
              msec   total msec                          usec/call 
---------------------------------------------------------------------------------------
100.0         0.01  3:08:26.966           2           2 5653483058 .TAU application
100.0        0.289  3:08:26.966           2          35 5653483053 APPLU 
 97.8     5:22.807  3:04:19.924           4 3.97903E+08 2764981133 SSOR 
 27.6    51:22.656    51:56.097         606        1212    5142076 RHS 
 17.0    32:04.013    32:04.013 9.92313E+07           0         19 JACLD 
 16.8    31:36.541    31:36.541 9.92313E+07           0         19 BLTS 
 16.5    31:11.125    31:11.125 9.92313E+07           0         19 BUTS 
 16.5    31:03.347    31:03.347 9.92313E+07           0         19 JACU 
  1.8     1:24.662     3:26.554           4 8.03081E+08   51638673 SETIV 
  1.2     2:13.012     2:13.012 8.72002E+08           0          0 EXACT 
  0.6        2,623     1:04.745      977648      488824         66 EXCHANGE_1 
  0.5       54,767       54,767      244412           0        224 MPI_Recv() 
  0.3       15,691       33,902        1216        1824      27880 EXCHANGE_3 
  0.2        7,508       17,741           2 6.69234E+07    8870668 ERROR 
  0.1       16,461       16,461         611           0      26942 MPI_Wait() 
  0.1       13,616       14,077           2           4    7038680 ERHS 
  0.1        9,101        9,101      245023           0         37 MPI_Send() 
  0.1        6,485        6,485           2           0    3242966 MPI_Finalize() 
  0.0        1,008        1,206           8           8     150790 L2NORM 
  0.0          204        1,122           4 1.99757E+06     280740 SETBV 
  0.0        0.091        1,039           2           6     519702 INIT_COMM 
  0.0        1,039        1,039           2           0     519656 MPI_Init() 
  0.0          267          267          20           0      13387 MPI_Allreduce() 
  0.0           11           12           2          14       6349 PINTGR 
  0.0            4            4           2           0       2212 ALLOC_SPACE 
  0.0        0.617            2           2           3       1138 READ_INPUT 
  0.0            1            1         611           0          3 MPI_Irecv() 
  0.0        0.019            1           2          20        830 BCAST_INPUTS 
  0.0            1            1          20           0         82 MPI_Bcast() 
  0.0        0.197        0.197           1           0        197 VERIFY 
  0.0        0.119        0.119           4           0         30 MPI_Barrier() 
  0.0        0.013        0.116           2           3         58 EXCHANGE_4 
  0.0        0.008        0.043           4           6         11 EXCHANGE_5 
  0.0        0.005        0.005           2           2          2 PROC_GRID 
  0.0        0.002        0.002           2           0          1 MPI_Comm_size() 
  0.0        0.001        0.001           2           0          0 EXCHANGE_6 
  0.0        0.001        0.001           2           0          0 SETCOEFF 
  0.0        0.001        0.001           2           0          0 SUBDOMAIN 
  0.0            0            0           2           0          0 ISQRT2 
  0.0            0            0           2           0          0 MPI_Comm_rank() 
  0.0            0            0           2           0          0 NEIGHBORS 
  0.0            0            0           1           0          0 SET_CLASS 

FUNCTION SUMMARY (mean):
---------------------------------------------------------------------------------------
%Time    Exclusive    Inclusive       #Call      #Subrs  Inclusive Name
              msec   total msec                          usec/call 
---------------------------------------------------------------------------------------
100.0        0.005  1:34:13.483           1           1 5653483058 .TAU application
100.0        0.144  1:34:13.483           1        17.5 5653483053 APPLU 
 97.8     2:41.403  1:32:09.962           2 1.98952E+08 2764981133 SSOR 
 27.6    25:41.328    25:58.048         303         606    5142076 RHS 
 17.0    16:02.006    16:02.006 4.96156E+07           0         19 JACLD 
 16.8    15:48.270    15:48.270 4.96156E+07           0         19 BLTS 
 16.5    15:35.562    15:35.562 4.96156E+07           0         19 BUTS 
 16.5    15:31.673    15:31.673 4.96156E+07           0         19 JACU 
  1.8       42,331     1:43.277           2  4.0154E+08   51638673 SETIV 
  1.2     1:06.506     1:06.506 4.36001E+08           0          0 EXACT 
  0.6        1,311       32,372      488824      244412         66 EXCHANGE_1 
  0.5       27,383       27,383      122206           0        224 MPI_Recv() 
  0.3        7,845       16,951         608         912      27880 EXCHANGE_3 
  0.2        3,754        8,870           1 3.34617E+07    8870668 ERROR 
  0.1        8,230        8,230       305.5           0      26942 MPI_Wait() 
  0.1        6,808        7,038           1           2    7038680 ERHS 
  0.1        4,550        4,550      122512           0         37 MPI_Send() 
  0.1        3,242        3,242           1           0    3242966 MPI_Finalize() 
  0.0          504          603           4           4     150790 L2NORM 
  0.0          102          561           2      998784     280740 SETBV 
  0.0       0.0455          519           1           3     519702 INIT_COMM 
  0.0          519          519           1           0     519656 MPI_Init() 
  0.0          133          133          10           0      13387 MPI_Allreduce() 
  0.0            5            6           1           7       6349 PINTGR 
  0.0            2            2           1           0       2212 ALLOC_SPACE 
  0.0        0.308            1           1         1.5       1138 READ_INPUT 
  0.0        0.945        0.945       305.5           0          3 MPI_Irecv() 
  0.0       0.0095         0.83           1          10        830 BCAST_INPUTS 
  0.0        0.821        0.821          10           0         82 MPI_Bcast() 
  0.0       0.0985       0.0985         0.5           0        197 VERIFY 
  0.0       0.0595       0.0595           2           0         30 MPI_Barrier() 
  0.0       0.0065        0.058           1         1.5         58 EXCHANGE_4 
  0.0        0.004       0.0215           2           3         11 EXCHANGE_5 
  0.0       0.0025       0.0025           1           1          2 PROC_GRID 
  0.0        0.001        0.001           1           0          1 MPI_Comm_size() 
  0.0       0.0005       0.0005           1           0          0 EXCHANGE_6 
  0.0       0.0005       0.0005           1           0          0 SETCOEFF 
  0.0       0.0005       0.0005           1           0          0 SUBDOMAIN 
  0.0            0            0           1           0          0 ISQRT2 
  0.0            0            0           1           0          0 MPI_Comm_rank() 
  0.0            0            0           1           0          0 NEIGHBORS 
  0.0            0            0         0.5           0          0 SET_CLASS 
