Reading Profile files in profile.*

FUNCTION SUMMARY (total):
---------------------------------------------------------------------------------------
%Time    Exclusive    Inclusive       #Call      #Subrs  Inclusive Name
              msec   total msec                          usec/call 
---------------------------------------------------------------------------------------
100.0        0.409 11:09:14.993          81          81  495740662 .TAU application
100.0           96 11:09:14.993          81       42040  495740656 MPSP 
 99.0          488 11:02:37.128       40581      243486     979698 ADI 
 28.4    12:18.240  3:10:00.234       40662      569268     280366 COPY_FACES 
 24.4  2:43:27.150  2:43:27.150       40662           0     241187 COMPUTE_RHS 
 23.1    35:52.165  2:34:21.367       40581 2.67835E+06     228219 Z_SOLVE 
 22.3  1:03:16.255  2:29:28.518       40581 2.67835E+06     221003 X_SOLVE 
 21.2    43:41.387  2:21:51.490       40581 2.67835E+06     209741 Y_SOLVE 
 20.2  2:15:03.811  2:15:03.811 1.98855E+06           0       4075 MPI_Waitall() 
 11.6  1:17:44.736  1:17:44.736      365229           0      12772 LHSZ 
  6.8    45:49.389    45:49.389      365229           0       7528 LHSY 
  5.8    38:29.559    38:29.559      365229           0       6324 LHSX 
  2.2    14:29.867    14:29.867       40581           0      21435 TXINVR 
  1.9    12:47.141    12:47.141       40581           0      18904 ADD 
  1.6    10:28.774    10:28.774      365229           0       1722 TZETAR 
  0.6     4:06.526     4:06.526      365229           0        675 NINVR 
  0.5     1:30.774     3:26.052         162 8.17005E+08    1271927 INITIALIZE 
  0.5     3:15.411     3:15.411      365229           0        535 PINVR 
  0.4     2:35.483     2:35.483 1.10251E+09           0          0 EXACT_SOLUTION 
  0.2     1:17.541     1:17.541 2.19186E+06           0         35 MPI_Irecv() 
  0.2       32,418     1:03.130          81 2.17584E+08     779389 EXACT_RHS 
  0.1       50,660       50,660 2.19186E+06           0         23 MPI_Isend() 
  0.1            2       42,883          81         243     529427 VERIFY 
  0.1       40,350       40,350          81           0     498153 MPI_Finalize() 
  0.1            2       40,263          81         405     497078 SETUP_MPI 
  0.1       40,165       40,165          81           0     495876 MPI_Init() 
  0.0        7,653       18,220          81 6.79174E+07     224949 ERROR_NORM 
  0.0        3,283        3,283         162           0      20267 MPI_Allreduce() 
  0.0        2,807        2,807          81           0      34666 LHSINIT 
  0.0          471        2,681          81          81      33100 RHS_NORM 
  0.0        1,503        1,503         162           0       9283 MPI_Barrier() 
  0.0          715          715          81           0       8828 ALLOC_SPACE 
  0.0           95           95         162           0        587 MPI_Comm_dup() 
  0.0           59           59         324           0        183 MPI_Bcast() 
  0.0            1            1          81           0         16 MPI_Reduce() 
  0.0        0.191        0.191          81           0          2 SET_CONSTANTS 
  0.0        0.164        0.164          81           0          2 MAKE_SET 
  0.0        0.083        0.083          81           0          1 COMPUTE_BUFFER_SIZE 
  0.0        0.039        0.039          81           0          0 MPI_Comm_size() 
  0.0        0.013        0.013          81           0          0 MPI_Comm_rank() 
  0.0        0.001        0.001           1           0          1 SET_CLASS 

FUNCTION SUMMARY (mean):
---------------------------------------------------------------------------------------
%Time    Exclusive    Inclusive       #Call      #Subrs  Inclusive Name
              msec   total msec                          usec/call 
---------------------------------------------------------------------------------------
100.0      0.00505     8:15.740           1           1  495740662 .TAU application
100.0            1     8:15.740           1     519.012  495740656 MPSP 
 99.0            6     8:10.828         501        3006     979698 ADI 
 28.4        9,114     2:20.743         502        7028     280366 COPY_FACES 
 24.4     2:01.075     2:01.075         502           0     241187 COMPUTE_RHS 
 23.1       26,569     1:54.337         501       33066     228219 Z_SOLVE 
 22.3       46,867     1:50.722         501       33066     221003 X_SOLVE 
 21.2       32,362     1:45.080         501       33066     209741 Y_SOLVE 
 20.2     1:40.047     1:40.047       24550           0       4075 MPI_Waitall() 
 11.6       57,589       57,589        4509           0      12772 LHSZ 
  6.8       33,943       33,943        4509           0       7528 LHSY 
  5.8       28,513       28,513        4509           0       6324 LHSX 
  2.2       10,739       10,739         501           0      21435 TXINVR 
  1.9        9,470        9,470         501           0      18904 ADD 
  1.6        7,762        7,762        4509           0       1722 TZETAR 
  0.6        3,043        3,043        4509           0        675 NINVR 
  0.5        1,120        2,543           2 1.00865E+07    1271927 INITIALIZE 
  0.5        2,412        2,412        4509           0        535 PINVR 
  0.4        1,919        1,919 1.36112E+07           0          0 EXACT_SOLUTION 
  0.2          957          957       27060           0         35 MPI_Irecv() 
  0.2          400          779           1 2.68622E+06     779389 EXACT_RHS 
  0.1          625          625       27060           0         23 MPI_Isend() 
  0.1       0.0317          529           1           3     529427 VERIFY 
  0.1          498          498           1           0     498153 MPI_Finalize() 
  0.1        0.027          497           1           5     497078 SETUP_MPI 
  0.1          495          495           1           0     495876 MPI_Init() 
  0.0           94          224           1      838486     224949 ERROR_NORM 
  0.0           40           40           2           0      20267 MPI_Allreduce() 
  0.0           34           34           1           0      34666 LHSINIT 
  0.0            5           33           1           1      33100 RHS_NORM 
  0.0           18           18           2           0       9283 MPI_Barrier() 
  0.0            8            8           1           0       8828 ALLOC_SPACE 
  0.0            1            1           2           0        587 MPI_Comm_dup() 
  0.0        0.734        0.734           4           0        183 MPI_Bcast() 
  0.0       0.0161       0.0161           1           0         16 MPI_Reduce() 
  0.0      0.00236      0.00236           1           0          2 SET_CONSTANTS 
  0.0      0.00202      0.00202           1           0          2 MAKE_SET 
  0.0      0.00102      0.00102           1           0          1 COMPUTE_BUFFER_SIZE 
  0.0     0.000481     0.000481           1           0          0 MPI_Comm_size() 
  0.0      0.00016      0.00016           1           0          0 MPI_Comm_rank() 
  0.0     1.23E-05     1.23E-05   0.0123457           0          1 SET_CLASS 
