Reading Profile files in profile.*

FUNCTION SUMMARY (total):
---------------------------------------------------------------------------------------
%Time    Exclusive    Inclusive       #Call      #Subrs  Inclusive Name
              msec   total msec                          usec/call 
---------------------------------------------------------------------------------------
100.0        0.731  2:41:51.225         128         128   75868949 .TAU application
100.0           18  2:41:51.224         128       11136   75868943 FT 
 92.5           14  2:29:44.114        3456       13824    2599570 FFT 
 47.7     1:42.773  1:17:12.404 8.84736E+06 9.02431E+07        524 CFFTZ 
 46.6  1:15:29.631  1:15:29.631 9.02431E+07           0         50 FFTZ2 
 38.9    11:43.711  1:02:57.173        6912 5.31533E+06     546466 CFFTS1 
 25.2    14:44.537    40:43.482        3456  3.5424E+06     707026 CFFTS2 
 24.8            8    40:05.821        3200        9600     751819 TRANSPOSE_X_YZ 
 17.9           10    29:02.914        3456        3456     504315 TRANSPOSE2_GLOBAL 
 17.9    29:02.903    29:02.903        3456           0     504312 MPI_Alltoall() 
  7.5    12:03.597    12:03.597        3456           0     209374 TRANSPOSE2_LOCAL 
  3.7            3     5:57.622         256         768    1396961 TRANSPOSE_XY_Z 
  3.6     5:53.131     5:53.131        3200           0     110354 EVOLVE 
  3.1     4:56.919     4:56.919        3456           0      85914 TRANSPOSE2_FINISH 
  1.7     2:45.322     2:45.322         256           0     645791 COMPUTE_INDEXMAP 
  0.8     1:17.759     1:17.759         128           0     607492 MPI_Finalize() 
  0.7            8     1:07.152         128        1409     524627 SETUP 
  0.7     1:06.643     1:06.643         128           0     520653 MPI_Init() 
  0.4           17       36,463        3200        3200      11395 CHECKSUM 
  0.4       36,445       36,445        3200           0      11389 MPI_Reduce() 
  0.2       19,953       19,953         256         512      77943 COMPUTE_INITIAL_CONDITIONS 
  0.1        7,257        7,257         128           0      56699 MPI_Barrier() 
  0.0          215          215         128           0       1681 ALLOC_SPACE 
  0.0          181          181         256           0        710 MPI_Comm_split() 
  0.0          103          103         640           0        161 MPI_Bcast() 
  0.0           52           52         256         256        204 FFT_INIT 
  0.0            3            3       10624           0          0 ILOG2 
  0.0        0.205        0.205         512           0          0 IPOW46 
  0.0        0.072        0.072         128           0          1 MPI_Comm_size() 
  0.0        0.042        0.042         128           0          0 VERIFY 
  0.0        0.029        0.029         128           0          0 MPI_Comm_rank() 
  0.0        0.001        0.001           1           0          1 SET_CLASS 

FUNCTION SUMMARY (mean):
---------------------------------------------------------------------------------------
%Time    Exclusive    Inclusive       #Call      #Subrs  Inclusive Name
              msec   total msec                          usec/call 
---------------------------------------------------------------------------------------
100.0      0.00571     1:15.868           1           1   75868949 .TAU application
100.0        0.148     1:15.868           1          87   75868943 FT 
 92.5        0.111     1:10.188          27         108    2599570 FFT 
 47.7          802       36,190       69120      705024        524 CFFTZ 
 46.6       35,387       35,387      705024           0         50 FFTZ2 
 38.9        5,497       29,509          54       41526     546466 CFFTS1 
 25.2        6,910       19,089          27       27675     707026 CFFTS2 
 24.8       0.0649       18,795          25          75     751819 TRANSPOSE_X_YZ 
 17.9       0.0817       13,616          27          27     504315 TRANSPOSE2_GLOBAL 
 17.9       13,616       13,616          27           0     504312 MPI_Alltoall() 
  7.5        5,653        5,653          27           0     209374 TRANSPOSE2_LOCAL 
  3.7       0.0247        2,793           2           6    1396961 TRANSPOSE_XY_Z 
  3.6        2,758        2,758          25           0     110354 EVOLVE 
  3.1        2,319        2,319          27           0      85914 TRANSPOSE2_FINISH 
  1.7        1,291        1,291           2           0     645791 COMPUTE_INDEXMAP 
  0.8          607          607           1           0     607492 MPI_Finalize() 
  0.7       0.0652          524           1     11.0078     524627 SETUP 
  0.7          520          520           1           0     520653 MPI_Init() 
  0.4         0.14          284          25          25      11395 CHECKSUM 
  0.4          284          284          25           0      11389 MPI_Reduce() 
  0.2          155          155           2           4      77943 COMPUTE_INITIAL_CONDITIONS 
  0.1           56           56           1           0      56699 MPI_Barrier() 
  0.0            1            1           1           0       1681 ALLOC_SPACE 
  0.0            1            1           2           0        710 MPI_Comm_split() 
  0.0        0.807        0.807           5           0        161 MPI_Bcast() 
  0.0        0.408        0.409           2           2        204 FFT_INIT 
  0.0        0.024        0.024          83           0          0 ILOG2 
  0.0       0.0016       0.0016           4           0          0 IPOW46 
  0.0     0.000562     0.000562           1           0          1 MPI_Comm_size() 
  0.0     0.000328     0.000328           1           0          0 VERIFY 
  0.0     0.000227     0.000227           1           0          0 MPI_Comm_rank() 
  0.0     7.81E-06     7.81E-06   0.0078125           0          1 SET_CLASS 
