Reading Profile files in profile.*

FUNCTION SUMMARY (total):
---------------------------------------------------------------------------------------
%Time    Exclusive    Inclusive       #Call      #Subrs  Inclusive Name
              msec   total msec                          usec/call 
---------------------------------------------------------------------------------------
100.0        0.074     1:14.643           8           8    9330480 .TAU application
100.0            2     1:14.643           8         552    9330471 MG_MPI 
 62.6            5       46,732         168        6888     278168 MG3P 
 44.5       28,532       33,224        1528        1528      21744 RESID 
 19.8       12,222       14,793        1512        1512       9784 PSINV 
 11.2           14        8,384        4400       79200       1906 COMM3 
  9.7        6,268        7,220        1344        1344       5372 RPRJ3 
  9.0        6,730        6,731        1344        1344       5009 INTERP 
  6.1        4,549        4,549           8           0     568662 MPI_Finalize() 
  6.0        1,748        4,456       26400       26400        169 GIVE3 
  4.6        3,418        3,418           8           0     427304 MPI_Init() 
  3.6        2,708        2,708       26400           0        103 MPI_Send() 
  3.3        1,456        2,451          16        5656     153237 ZRAN3 
  2.8        2,104        2,104        1376           0       1529 ZERO3 
  2.6        1,859        1,963       26400       26400         74 TAKE3 
  2.6        1,925        1,948       26400       26400         74 READY 
  1.0          726          745          32          64      23288 NORM2U3 
  0.3          199          199          48           0       4151 MPI_Barrier() 
  0.1          103          103       26400           0          4 MPI_Wait() 
  0.0           23           23       26400           0          1 MPI_Irecv() 
  0.0           22           22         704           0         31 MPI_Allreduce() 
  0.0           12           12           8           0       1580 ALLOC_SPACE 
  0.0            4            4          56           0         85 MPI_Bcast() 
  0.0        0.935        0.935        4904           0          0 BUBBLE 
  0.0        0.671        0.671        1344           0          0 COMM3_EX 
  0.0        0.153        0.153           8           0         19 MPI_Reduce() 
  0.0        0.045        0.045          16           0          3 SETUP 
  0.0        0.028        0.028          48           0          1 POWER 
  0.0        0.004        0.004           8           0          0 MPI_Comm_size() 
  0.0        0.002        0.002           8           0          0 MPI_Comm_rank() 

FUNCTION SUMMARY (mean):
---------------------------------------------------------------------------------------
%Time    Exclusive    Inclusive       #Call      #Subrs  Inclusive Name
              msec   total msec                          usec/call 
---------------------------------------------------------------------------------------
100.0      0.00925        9,330           1           1    9330480 .TAU application
100.0        0.335        9,330           1          69    9330471 MG_MPI 
 62.6        0.736        5,841          21         861     278168 MG3P 
 44.5        3,566        4,153         191         191      21744 RESID 
 19.8        1,527        1,849         189         189       9784 PSINV 
 11.2            1        1,048         550        9900       1906 COMM3 
  9.7          783          902         168         168       5372 RPRJ3 
  9.0          841          841         168         168       5009 INTERP 
  6.1          568          568           1           0     568662 MPI_Finalize() 
  6.0          218          557        3300        3300        169 GIVE3 
  4.6          427          427           1           0     427304 MPI_Init() 
  3.6          338          338        3300           0        103 MPI_Send() 
  3.3          182          306           2         707     153237 ZRAN3 
  2.8          263          263         172           0       1529 ZERO3 
  2.6          232          245        3300        3300         74 TAKE3 
  2.6          240          243        3300        3300         74 READY 
  1.0           90           93           4           8      23288 NORM2U3 
  0.3           24           24           6           0       4151 MPI_Barrier() 
  0.1           12           12        3300           0          4 MPI_Wait() 
  0.0            2            2        3300           0          1 MPI_Irecv() 
  0.0            2            2          88           0         31 MPI_Allreduce() 
  0.0            1            1           1           0       1580 ALLOC_SPACE 
  0.0        0.594        0.594           7           0         85 MPI_Bcast() 
  0.0        0.117        0.117         613           0          0 BUBBLE 
  0.0       0.0839       0.0839         168           0          0 COMM3_EX 
  0.0       0.0191       0.0191           1           0         19 MPI_Reduce() 
  0.0      0.00562      0.00562           2           0          3 SETUP 
  0.0       0.0035       0.0035           6           0          1 POWER 
  0.0       0.0005       0.0005           1           0          0 MPI_Comm_size() 
  0.0      0.00025      0.00025           1           0          0 MPI_Comm_rank() 
