Reading Profile files in profile.*

FUNCTION SUMMARY (total):
---------------------------------------------------------------------------------------
%Time    Exclusive    Inclusive       #Call      #Subrs  Inclusive Name
              msec   total msec                          usec/call 
---------------------------------------------------------------------------------------
100.0        0.042    23:41.764           9           9  157973795 .TAU application
100.0            6    23:41.764           9        3772  157973790 MPSP 
 93.8           27    22:13.844        3609       21654     369588 ADI 
 27.6       17,058     6:32.450        3618       50652     108472 COPY_FACES 
 25.9     6:08.580     6:08.580        3618           0     101874 COMPUTE_RHS 
 24.8     1:56.418     5:51.939        3609       64962      97517 Z_SOLVE 
 18.5     2:26.087     4:23.505        3609       64962      73013 X_SOLVE 
 18.4     2:02.422     4:21.643        3609       64962      72498 Y_SOLVE 
 13.7     3:14.956     3:14.956       10827           0      18007 LHSZ 
  8.1     1:55.217     1:55.217       10827           0      10642 LHSY 
  6.8     1:36.441     1:36.441       10827           0       8908 LHSX 
  4.6     1:05.647     1:05.647           9           0    7294118 MPI_Finalize() 
  2.5       36,166       36,166       46926           0        771 MPI_Waitall() 
  2.4       34,244       34,244        3609           0       9489 TXINVR 
  2.2       31,707       31,707       10827           0       2929 TZETAR 
  2.2       31,006       31,006        3609           0       8591 ADD 
  0.9       12,832       12,832       10827           0       1185 PINVR 
  0.9        5,588       12,801          18 5.13333E+07     711193 INITIALIZE 
  0.8       11,136       11,136       10827           0       1029 NINVR 
  0.7        9,639        9,639 6.86408E+07           0          0 EXACT_SOLUTION 
  0.3        1,933        3,766           9  1.3056E+07     418535 EXACT_RHS 
  0.2        0.197        3,344           9          45     371623 SETUP_MPI 
  0.2        3,341        3,341           9           0     371281 MPI_Init() 
  0.1        0.291        2,089           9          27     232135 VERIFY 
  0.1          484        1,084           9 4.25154E+06     120475 ERROR_NORM 
  0.0          394          394       65016           0          6 MPI_Isend() 
  0.0          181          181           9           0      20161 LHSINIT 
  0.0          117          117       65016           0          2 MPI_Irecv() 
  0.0           57           57           9           0       6383 ALLOC_SPACE 
  0.0           26           31           9           9       3495 RHS_NORM 
  0.0           20           20          18           0       1148 MPI_Barrier() 
  0.0           10           10          18           0        561 MPI_Allreduce() 
  0.0            3            3          36           0        100 MPI_Bcast() 
  0.0            2            2          18           0        160 MPI_Comm_dup() 
  0.0        0.121        0.121           9           0         13 MPI_Reduce() 
  0.0        0.012        0.012           9           0          1 SET_CONSTANTS 
  0.0        0.008        0.008           9           0          1 MAKE_SET 
  0.0        0.007        0.007           9           0          1 COMPUTE_BUFFER_SIZE 
  0.0        0.002        0.002           9           0          0 MPI_Comm_size() 
  0.0        0.001        0.001           9           0          0 MPI_Comm_rank() 
  0.0            0            0           1           0          0 SET_CLASS 

FUNCTION SUMMARY (mean):
---------------------------------------------------------------------------------------
%Time    Exclusive    Inclusive       #Call      #Subrs  Inclusive Name
              msec   total msec                          usec/call 
---------------------------------------------------------------------------------------
100.0      0.00467     2:37.973           1           1  157973795 .TAU application
100.0        0.762     2:37.973           1     419.111  157973790 MPSP 
 93.8            3     2:28.204         401        2406     369588 ADI 
 27.6        1,895       43,605         402        5628     108472 COPY_FACES 
 25.9       40,953       40,953         402           0     101874 COMPUTE_RHS 
 24.8       12,935       39,104         401        7218      97517 Z_SOLVE 
 18.5       16,231       29,278         401        7218      73013 X_SOLVE 
 18.4       13,602       29,071         401        7218      72498 Y_SOLVE 
 13.7       21,661       21,661        1203           0      18007 LHSZ 
  8.1       12,801       12,801        1203           0      10642 LHSY 
  6.8       10,715       10,715        1203           0       8908 LHSX 
  4.6        7,294        7,294           1           0    7294118 MPI_Finalize() 
  2.5        4,018        4,018        5214           0        771 MPI_Waitall() 
  2.4        3,804        3,804         401           0       9489 TXINVR 
  2.2        3,523        3,523        1203           0       2929 TZETAR 
  2.2        3,445        3,445         401           0       8591 ADD 
  0.9        1,425        1,425        1203           0       1185 PINVR 
  0.9          620        1,422           2  5.7037E+06     711193 INITIALIZE 
  0.8        1,237        1,237        1203           0       1029 NINVR 
  0.7        1,071        1,071 7.62675E+06           0          0 EXACT_SOLUTION 
  0.3          214          418           1 1.45067E+06     418535 EXACT_RHS 
  0.2       0.0219          371           1           5     371623 SETUP_MPI 
  0.2          371          371           1           0     371281 MPI_Init() 
  0.1       0.0323          232           1           3     232135 VERIFY 
  0.1           53          120           1      472393     120475 ERROR_NORM 
  0.0           43           43        7224           0          6 MPI_Isend() 
  0.0           20           20           1           0      20161 LHSINIT 
  0.0           13           13        7224           0          2 MPI_Irecv() 
  0.0            6            6           1           0       6383 ALLOC_SPACE 
  0.0            2            3           1           1       3495 RHS_NORM 
  0.0            2            2           2           0       1148 MPI_Barrier() 
  0.0            1            1           2           0        561 MPI_Allreduce() 
  0.0        0.399        0.399           4           0        100 MPI_Bcast() 
  0.0         0.32         0.32           2           0        160 MPI_Comm_dup() 
  0.0       0.0134       0.0134           1           0         13 MPI_Reduce() 
  0.0      0.00133      0.00133           1           0          1 SET_CONSTANTS 
  0.0     0.000889     0.000889           1           0          1 MAKE_SET 
  0.0     0.000778     0.000778           1           0          1 COMPUTE_BUFFER_SIZE 
  0.0     0.000222     0.000222           1           0          0 MPI_Comm_size() 
  0.0     0.000111     0.000111           1           0          0 MPI_Comm_rank() 
  0.0            0            0    0.111111           0          0 SET_CLASS 
