Reading Profile files in profile.*

FUNCTION SUMMARY (total):
---------------------------------------------------------------------------------------
%Time    Exclusive    Inclusive       #Call      #Subrs  Inclusive Name
              msec   total msec                          usec/call 
---------------------------------------------------------------------------------------
100.0            1    24:21.150         256         256    5707617 .TAU application
100.0           15    24:21.148         256        4353    5707612 APPLU 
 80.2     1:04.362    19:31.163         512 4.52429E+08    2287428 SSOR 
 23.6       24,588     5:44.499 4.11238E+07 7.71072E+07          8 EXCHANGE_1 
 20.2     3:21.923     4:54.462       64768      129536       4546 RHS 
 20.1     4:53.910     4:53.910 3.85536E+07           0          8 MPI_Recv() 
  9.2            9     2:14.842         256         768     526728 INIT_COMM 
  9.2     2:14.832     2:14.832         256           0     526689 MPI_Init() 
  9.0     2:11.514     2:11.514         256           0     513730 MPI_Finalize() 
  8.5     2:03.581     2:03.581  1.0281E+08           0          1 JACLD 
  8.3     2:01.809     2:01.809  1.0281E+08           0          1 JACU 
  7.5     1:49.753     1:49.753  1.0281E+08           0          1 BLTS 
  7.4     1:48.756     1:48.756  1.0281E+08           0          1 BUTS 
  6.6       38,727     1:36.546      130048      731520        742 EXCHANGE_3 
  4.1       59,757       59,757  3.8798E+07           0          2 MPI_Send() 
  1.6       23,242       23,242      244380           0         95 MPI_Wait() 
  1.1        7,197       16,448         512  4.9152E+07      32125 SETIV 
  0.7        9,981        9,981 5.35629E+07           0          0 EXACT 
  0.4        1,349        5,357         256         512      20928 ERHS 
  0.3        4,132        4,132        2560           0       1614 MPI_Allreduce() 
  0.2           52        3,443        1024        1024       3362 L2NORM 
  0.1          461        1,316         256 4.09626E+06       5142 ERROR 
  0.1          833          833      244380           0          3 MPI_Irecv() 
  0.0            1          259         256         257       1014 READ_INPUT 
  0.0            2          257         256        2560       1007 BCAST_INPUTS 
  0.0          255          255        2560           0        100 MPI_Bcast() 
  0.0           46          145         512      314928        285 SETBV 
  0.0           10           72         256        1088        282 PINTGR 
  0.0           22           22         512           0         44 MPI_Barrier() 
  0.0         0.67           13         256        1440         53 EXCHANGE_4 
  0.0           12           12         256           0         48 ALLOC_SPACE 
  0.0        0.041        0.806          32          90         25 EXCHANGE_6 
  0.0        0.037        0.722          32          90         23 EXCHANGE_5 
  0.0        0.469         0.53         256         256          2 PROC_GRID 
  0.0        0.243        0.243         256           0          1 SETCOEFF 
  0.0        0.188        0.188           1           0        188 VERIFY 
  0.0        0.112        0.112         256           0          0 MPI_Comm_size() 
  0.0         0.09         0.09         256           0          0 NEIGHBORS 
  0.0         0.09         0.09         256           0          0 SUBDOMAIN 
  0.0        0.065        0.065         256           0          0 MPI_Comm_rank() 
  0.0        0.061        0.061         256           0          0 ISQRT2 
  0.0            0            0           1           0          0 SET_CLASS 

FUNCTION SUMMARY (mean):
---------------------------------------------------------------------------------------
%Time    Exclusive    Inclusive       #Call      #Subrs  Inclusive Name
              msec   total msec                          usec/call 
---------------------------------------------------------------------------------------
100.0      0.00508        5,707           1           1    5707617 .TAU application
100.0       0.0601        5,707           1     17.0039    5707612 APPLU 
 80.2          251        4,574           2  1.7673E+06    2287428 SSOR 
 23.6           96        1,345      160640      301200          8 EXCHANGE_1 
 20.2          788        1,150         253         506       4546 RHS 
 20.1        1,148        1,148      150600           0          8 MPI_Recv() 
  9.2       0.0386          526           1           3     526728 INIT_COMM 
  9.2          526          526           1           0     526689 MPI_Init() 
  9.0          513          513           1           0     513730 MPI_Finalize() 
  8.5          482          482      401600           0          1 JACLD 
  8.3          475          475      401600           0          1 JACU 
  7.5          428          428      401600           0          1 BLTS 
  7.4          424          424      401600           0          1 BUTS 
  6.6          151          377         508      2857.5        742 EXCHANGE_3 
  4.1          233          233      151555           0          2 MPI_Send() 
  1.6           90           90     954.609           0         95 MPI_Wait() 
  1.1           28           64           2      192000      32125 SETIV 
  0.7           38           38      209230           0          0 EXACT 
  0.4            5           20           1           2      20928 ERHS 
  0.3           16           16          10           0       1614 MPI_Allreduce() 
  0.2        0.206           13           4           4       3362 L2NORM 
  0.1            1            5           1       16001       5142 ERROR 
  0.1            3            3     954.609           0          3 MPI_Irecv() 
  0.0      0.00702            1           1     1.00391       1014 READ_INPUT 
  0.0      0.00869            1           1          10       1007 BCAST_INPUTS 
  0.0        0.999        0.999          10           0        100 MPI_Bcast() 
  0.0         0.18         0.57           2     1230.19        285 SETBV 
  0.0       0.0427        0.282           1        4.25        282 PINTGR 
  0.0       0.0884       0.0884           2           0         44 MPI_Barrier() 
  0.0      0.00262       0.0528           1       5.625         53 EXCHANGE_4 
  0.0       0.0478       0.0478           1           0         48 ALLOC_SPACE 
  0.0      0.00016      0.00315       0.125    0.351562         25 EXCHANGE_6 
  0.0     0.000145      0.00282       0.125    0.351562         23 EXCHANGE_5 
  0.0      0.00183      0.00207           1           1          2 PROC_GRID 
  0.0     0.000949     0.000949           1           0          1 SETCOEFF 
  0.0     0.000734     0.000734  0.00390625           0        188 VERIFY 
  0.0     0.000438     0.000438           1           0          0 MPI_Comm_size() 
  0.0     0.000352     0.000352           1           0          0 NEIGHBORS 
  0.0     0.000352     0.000352           1           0          0 SUBDOMAIN 
  0.0     0.000254     0.000254           1           0          0 MPI_Comm_rank() 
  0.0     0.000238     0.000238           1           0          0 ISQRT2 
  0.0            0            0  0.00390625           0          0 SET_CLASS 
