Reading Profile files in profile.*

FUNCTION SUMMARY (total):
---------------------------------------------------------------------------------------
%Time    Exclusive    Inclusive       #Call      #Subrs  Inclusive Name
              msec   total msec                          usec/call 
---------------------------------------------------------------------------------------
100.0            1     8:49.475         256         256    2068264 .TAU application
100.0          199     8:49.473         256      254976    2068257 CG 
 33.3     1:03.843     2:56.084       19456 1.97284E+07       9050 CONJ_GRAD 
 24.6           11     2:10.094         256        1024     508180 INITIALIZE_MPI 
 24.5     2:09.860     2:09.860         256           0     507269 MPI_Init() 
 23.2        6,248     2:02.775         256 3.84003E+07     479591 MAKEA 
 21.4       56,535     1:53.177    1.92E+07 4.36738E+08          6 SPRNVC 
 18.9     1:40.054     1:40.054         256           0     390837 MPI_Finalize() 
 10.8       57,401       57,401 6.65395E+06           0          9 MPI_Send() 
 10.7       56,641       56,641 4.36738E+08           0          0 ICNVRT 
  9.7       51,292       51,292 6.65395E+06           0          8 MPI_Wait() 
  0.7        3,679        3,679 6.65395E+06           0          1 MPI_Irecv() 
  0.5        2,802        2,802    1.92E+07           0          0 VECSET 
  0.1          545          545         256           0       2132 SPARSE 
  0.0          221          221         256           0        865 MPI_Bcast() 
  0.0           85           85         256           0        334 MPI_Barrier() 
  0.0           31           31         256           0        123 MPI_Reduce() 
  0.0           16           16         256           0         63 ALLOC_SPACE 
  0.0        0.107        0.107         256           0          0 MPI_Comm_size() 
  0.0        0.091        0.091         256           0          0 SETUP_SUBMATRIX_INFO 
  0.0        0.066        0.066         256           0          0 SETUP_PROC_INFO 
  0.0        0.057        0.057         256           0          0 MPI_Comm_rank() 

FUNCTION SUMMARY (mean):
---------------------------------------------------------------------------------------
%Time    Exclusive    Inclusive       #Call      #Subrs  Inclusive Name
              msec   total msec                          usec/call 
---------------------------------------------------------------------------------------
100.0      0.00713        2,068           1           1    2068264 .TAU application
100.0         0.78        2,068           1         996    2068257 CG 
 33.3          249          687          76       77064       9050 CONJ_GRAD 
 24.6       0.0455          508           1           4     508180 INITIALIZE_MPI 
 24.5          507          507           1           0     507269 MPI_Init() 
 23.2           24          479           1      150001     479591 MAKEA 
 21.4          220          442       75000 1.70601E+06          6 SPRNVC 
 18.9          390          390           1           0     390837 MPI_Finalize() 
 10.8          224          224       25992           0          9 MPI_Send() 
 10.7          221          221 1.70601E+06           0          0 ICNVRT 
  9.7          200          200       25992           0          8 MPI_Wait() 
  0.7           14           14       25992           0          1 MPI_Irecv() 
  0.5           10           10       75000           0          0 VECSET 
  0.1            2            2           1           0       2132 SPARSE 
  0.0        0.865        0.865           1           0        865 MPI_Bcast() 
  0.0        0.334        0.334           1           0        334 MPI_Barrier() 
  0.0        0.123        0.123           1           0        123 MPI_Reduce() 
  0.0       0.0631       0.0631           1           0         63 ALLOC_SPACE 
  0.0     0.000418     0.000418           1           0          0 MPI_Comm_size() 
  0.0     0.000355     0.000355           1           0          0 SETUP_SUBMATRIX_INFO 
  0.0     0.000258     0.000258           1           0          0 SETUP_PROC_INFO 
  0.0     0.000223     0.000223           1           0          0 MPI_Comm_rank() 
