Reading Profile files in profile.*

FUNCTION SUMMARY (total):
---------------------------------------------------------------------------------------
%Time    Exclusive    Inclusive       #Call      #Subrs  Inclusive Name
              msec   total msec                          usec/call 
---------------------------------------------------------------------------------------
100.0        0.188    12:13.142          32          32   22910695 .TAU application
100.0            2    12:13.142          32         545   22910689 APPLU 
 94.8     6:34.223    11:34.792          64 1.79377E+07   10856130 SSOR 
 26.5     2:43.515     3:14.152        8096       16192      23981 RHS 
 10.5        5,921     1:16.627 4.97984E+06 6.95138E+06         15 EXCHANGE_1 
  9.1     1:06.433     1:06.433 3.73488E+06           0         18 MPI_Recv() 
  4.3       12,130       31,759       16256       72528       1954 EXCHANGE_3 
  2.3       16,643       16,643          32           0     520098 MPI_Finalize() 
  2.1            1       15,075          32          96     471113 INIT_COMM 
  2.1       15,074       15,074          32           0     471069 MPI_Init() 
  1.6       11,875       11,875       26488           0        448 MPI_Wait() 
  1.2        8,539        8,539 2.80003E+06           0          3 MPI_Send() [THROTTLED]
  1.0        7,085        7,085 3.20003E+06           0          2 JACLD [THROTTLED]
  1.0        7,040        7,040 3.20003E+06           0          2 JACU [THROTTLED]
  0.9        6,512        6,512 3.20003E+06           0          2 BLTS [THROTTLED]
  0.9        6,356        6,356 3.20003E+06           0          2 BUTS [THROTTLED]
  0.6        3,530        4,145          64 3.04257E+06      64769 SETIV 
  0.4        3,009        3,009      312233           0         10 MPI_Recv() [THROTTLED]
  0.3          924        2,046          32          64      63965 ERHS 
  0.2        1,572        1,572         320           0       4916 MPI_Allreduce() 
  0.2        1,367        1,367      323320           0          4 MPI_Send() 
  0.2           64        1,298         128         128      10148 L2NORM 
  0.1           98          906      100001      150002          9 EXCHANGE_1 [THROTTLED]
  0.1          676          676 3.20003E+06           0          0 EXACT [THROTTLED]
  0.0          230          247          32          32       7728 ERROR 
  0.0          166          166       26488           0          6 MPI_Irecv() 
  0.0           34           96          64      157464       1506 SETBV 
  0.0           55           55          32           0       1726 ALLOC_SPACE 
  0.0        0.682           27          32          33        870 READ_INPUT 
  0.0        0.289           27          32         320        849 BCAST_INPUTS 
  0.0           26           26         320           0         84 MPI_Bcast() 
  0.0           23           23          64           0        369 MPI_Barrier() 
  0.0            4            9          32         152        297 PINTGR 
  0.0        0.125        0.714          32         108         22 EXCHANGE_4 
  0.0        0.014        0.189           8          14         24 EXCHANGE_6 
  0.0        0.189        0.189           1           0        189 VERIFY 
  0.0        0.035        0.153          16          30         10 EXCHANGE_5 
  0.0        0.064        0.073          32          32          2 PROC_GRID 
  0.0        0.023        0.023          32           0          1 SETCOEFF 
  0.0         0.02         0.02          32           0          1 MPI_Comm_size() 
  0.0        0.011        0.011          32           0          0 MPI_Comm_rank() 
  0.0        0.011        0.011          32           0          0 SUBDOMAIN 
  0.0         0.01         0.01          32           0          0 NEIGHBORS 
  0.0        0.009        0.009          32           0          0 ISQRT2 
  0.0        0.001        0.001           1           0          1 SET_CLASS 

FUNCTION SUMMARY (mean):
---------------------------------------------------------------------------------------
%Time    Exclusive    Inclusive       #Call      #Subrs  Inclusive Name
              msec   total msec                          usec/call 
---------------------------------------------------------------------------------------
100.0      0.00588       22,910           1           1   22910695 .TAU application
100.0       0.0703       22,910           1     17.0312   22910689 APPLU 
 94.8       12,319       21,712           2      560553   10856130 SSOR 
 26.5        5,109        6,067         253         506      23981 RHS 
 10.5          185        2,394      155620      217231         15 EXCHANGE_1 
  9.1        2,076        2,076      116715           0         18 MPI_Recv() 
  4.3          379          992         508      2266.5       1954 EXCHANGE_3 
  2.3          520          520           1           0     520098 MPI_Finalize() 
  2.1       0.0432          471           1           3     471113 INIT_COMM 
  2.1          471          471           1           0     471069 MPI_Init() 
  1.6          371          371      827.75           0        448 MPI_Wait() 
  1.2          266          266     87500.9           0          3 MPI_Send() [THROTTLED]
  1.0          221          221      100001           0          2 JACLD [THROTTLED]
  1.0          220          220      100001           0          2 JACU [THROTTLED]
  0.9          203          203      100001           0          2 BLTS [THROTTLED]
  0.9          198          198      100001           0          2 BUTS [THROTTLED]
  0.6          110          129           2     95080.2      64769 SETIV 
  0.4           94           94     9757.28           0         10 MPI_Recv() [THROTTLED]
  0.3           28           63           1           2      63965 ERHS 
  0.2           49           49          10           0       4916 MPI_Allreduce() 
  0.2           42           42     10103.8           0          4 MPI_Send() 
  0.2            2           40           4           4      10148 L2NORM 
  0.1            3           28     3125.03     4687.56          9 EXCHANGE_1 [THROTTLED]
  0.1           21           21      100001           0          0 EXACT [THROTTLED]
  0.0            7            7           1           1       7728 ERROR 
  0.0            5            5      827.75           0          6 MPI_Irecv() 
  0.0            1            3           2     4920.75       1506 SETBV 
  0.0            1            1           1           0       1726 ALLOC_SPACE 
  0.0       0.0213         0.87           1     1.03125        870 READ_INPUT 
  0.0      0.00903        0.849           1          10        849 BCAST_INPUTS 
  0.0         0.84         0.84          10           0         84 MPI_Bcast() 
  0.0        0.738        0.738           2           0        369 MPI_Barrier() 
  0.0         0.13        0.297           1        4.75        297 PINTGR 
  0.0      0.00391       0.0223           1       3.375         22 EXCHANGE_4 
  0.0     0.000438      0.00591        0.25      0.4375         24 EXCHANGE_6 
  0.0      0.00591      0.00591     0.03125           0        189 VERIFY 
  0.0      0.00109      0.00478         0.5      0.9375         10 EXCHANGE_5 
  0.0        0.002      0.00228           1           1          2 PROC_GRID 
  0.0     0.000719     0.000719           1           0          1 SETCOEFF 
  0.0     0.000625     0.000625           1           0          1 MPI_Comm_size() 
  0.0     0.000344     0.000344           1           0          0 MPI_Comm_rank() 
  0.0     0.000344     0.000344           1           0          0 SUBDOMAIN 
  0.0     0.000313     0.000313           1           0          0 NEIGHBORS 
  0.0     0.000281     0.000281           1           0          0 ISQRT2 
  0.0     3.13E-05     3.13E-05     0.03125           0          1 SET_CLASS 
