Reading Profile files in profile.*

FUNCTION SUMMARY (total):
---------------------------------------------------------------------------------------
%Time    Exclusive    Inclusive       #Call      #Subrs  Inclusive Name
              msec   total msec                          usec/call 
---------------------------------------------------------------------------------------
100.0            1  9:01:00.088         256         256  126797221 .TAU application
100.0          223  9:01:00.087         256      132865  126797216 MPSP 
 98.1        1,025  8:50:59.301      128256      769536     248404 ADI 
 27.9  2:30:59.576  2:30:59.576 1.16716E+07           0        776 MPI_Waitall() 
 24.4    39:18.103  2:12:08.300      128256 1.56472E+07      61816 Y_SOLVE 
 24.3    28:44.518  2:11:37.412      128256 1.56472E+07      61575 Z_SOLVE 
 23.2    47:06.760  2:05:41.052      128256 1.56472E+07      58797 X_SOLVE 
 21.8    20:01.901  1:58:00.402      128512 1.79917E+06      55095 COPY_FACES 
 14.4  1:17:44.922  1:17:44.922      128512           0      36300 COMPUTE_RHS 
 11.8  1:03:36.700  1:03:36.700  2.0521E+06           0       1860 LHSZ 
  6.5    35:21.461    35:21.461  2.0521E+06           0       1034 LHSY 
  5.4    29:08.688    29:08.688  2.0521E+06           0        852 LHSX 
  2.4    12:44.874    12:44.874      128256           0       5964 ADD 
  2.0    11:00.994    11:00.994      128256           0       5154 TXINVR 
  1.5     8:20.798     8:20.798  2.0521E+06           0        244 TZETAR 
  0.7     1:33.747     3:31.359         512 8.17005E+08     412812 INITIALIZE 
  0.5     2:39.821     2:39.821 1.11635E+09           0          0 EXACT_SOLUTION 
  0.5     2:26.259     2:26.259 1.23141E+07           0         12 MPI_Isend() 
  0.4     2:13.307     2:13.307         256           0     520733 MPI_Finalize() 
  0.4            6     2:08.045         256        1280     500177 SETUP_MPI 
  0.4     2:07.652     2:07.652         256           0     498643 MPI_Init() 
  0.3     1:40.996     1:40.996 1.23141E+07           0          8 MPI_Irecv() 
  0.3     1:28.330     1:28.330  2.0521E+06           0         43 PINVR 
  0.3     1:28.150     1:28.150  2.0521E+06           0         43 NINVR 
  0.2       32,756     1:05.322         256  2.3143E+08     255165 EXACT_RHS 
  0.1            4       44,777         256         768     174913 VERIFY 
  0.1        7,720       27,792         256 6.79176E+07     108566 ERROR_NORM 
  0.0       12,347       12,347         512           0      24116 MPI_Barrier() 
  0.0       12,181       12,181         512           0      23793 MPI_Allreduce() 
  0.0        2,874        2,874         256           0      11227 LHSINIT 
  0.0        2,287        2,287         256           0       8937 ALLOC_SPACE 
  0.0          465        2,218         256         256       8664 RHS_NORM 
  0.0          386          386         512           0        754 MPI_Comm_dup() 
  0.0          235          235        1024           0        230 MPI_Bcast() 
  0.0            3            3         256           0         13 MPI_Reduce() 
  0.0        0.611        0.611         256           0          2 MAKE_SET 
  0.0        0.529        0.529         256           0          2 SET_CONSTANTS 
  0.0        0.183        0.183         256           0          1 COMPUTE_BUFFER_SIZE 
  0.0        0.109        0.109         256           0          0 MPI_Comm_size() 
  0.0        0.053        0.053         256           0          0 MPI_Comm_rank() 
  0.0            0            0           1           0          0 SET_CLASS 

FUNCTION SUMMARY (mean):
---------------------------------------------------------------------------------------
%Time    Exclusive    Inclusive       #Call      #Subrs  Inclusive Name
              msec   total msec                          usec/call 
---------------------------------------------------------------------------------------
100.0      0.00468     2:06.797           1           1  126797221 .TAU application
100.0        0.872     2:06.797           1     519.004  126797216 MPSP 
 98.1            4     2:04.450         501        3006     248404 ADI 
 27.9       35,388       35,388       45592           0        776 MPI_Waitall() 
 24.4        9,211       30,969         501       61122      61816 Y_SOLVE 
 24.3        6,736       30,849         501       61122      61575 Z_SOLVE 
 23.2       11,042       29,457         501       61122      58797 X_SOLVE 
 21.8        4,694       27,657         502        7028      55095 COPY_FACES 
 14.4       18,222       18,222         502           0      36300 COMPUTE_RHS 
 11.8       14,908       14,908        8016           0       1860 LHSZ 
  6.5        8,286        8,286        8016           0       1034 LHSY 
  5.4        6,830        6,830        8016           0        852 LHSX 
  2.4        2,987        2,987         501           0       5964 ADD 
  2.0        2,582        2,582         501           0       5154 TXINVR 
  1.5        1,956        1,956        8016           0        244 TZETAR 
  0.7          366          825           2 3.19143E+06     412812 INITIALIZE 
  0.5          624          624 4.36075E+06           0          0 EXACT_SOLUTION 
  0.5          571          571       48102           0         12 MPI_Isend() 
  0.4          520          520           1           0     520733 MPI_Finalize() 
  0.4       0.0242          500           1           5     500177 SETUP_MPI 
  0.4          498          498           1           0     498643 MPI_Init() 
  0.3          394          394       48102           0          8 MPI_Irecv() 
  0.3          345          345        8016           0         43 PINVR 
  0.3          344          344        8016           0         43 NINVR 
  0.2          127          255           1      904022     255165 EXACT_RHS 
  0.1       0.0169          174           1           3     174913 VERIFY 
  0.1           30          108           1      265303     108566 ERROR_NORM 
  0.0           48           48           2           0      24116 MPI_Barrier() 
  0.0           47           47           2           0      23793 MPI_Allreduce() 
  0.0           11           11           1           0      11227 LHSINIT 
  0.0            8            8           1           0       8937 ALLOC_SPACE 
  0.0            1            8           1           1       8664 RHS_NORM 
  0.0            1            1           2           0        754 MPI_Comm_dup() 
  0.0        0.919        0.919           4           0        230 MPI_Bcast() 
  0.0       0.0131       0.0131           1           0         13 MPI_Reduce() 
  0.0      0.00239      0.00239           1           0          2 MAKE_SET 
  0.0      0.00207      0.00207           1           0          2 SET_CONSTANTS 
  0.0     0.000715     0.000715           1           0          1 COMPUTE_BUFFER_SIZE 
  0.0     0.000426     0.000426           1           0          0 MPI_Comm_size() 
  0.0     0.000207     0.000207           1           0          0 MPI_Comm_rank() 
  0.0            0            0  0.00390625           0          0 SET_CLASS 
