Reading Profile files in profile.*

FUNCTION SUMMARY (total):
---------------------------------------------------------------------------------------
%Time    Exclusive    Inclusive       #Call      #Subrs  Inclusive Name
              msec   total msec                          usec/call 
---------------------------------------------------------------------------------------
100.0            1  5:26:53.242         256         256   76614229 .TAU application
100.0           20  5:26:53.241         256        4353   76614224 APPLU 
 97.2    17:25.123  5:17:49.796         512 3.30062E+09   37245697 SSOR 
 35.2  1:39:34.748  1:55:07.184       77568      155136      89047 RHS 
 14.3     1:59.292    46:46.108 1.25139E+08 2.34636E+08         22 EXCHANGE_1 
 13.2    43:08.532    43:08.532 1.17318E+08           0         22 MPI_Recv() 
 11.0    36:00.261    36:00.261  7.9385E+08           0          3 JACU 
 10.9    35:42.501    35:42.501  7.9385E+08           0          3 JACLD 
 10.2    33:29.349    33:29.349  7.9385E+08           0          3 BLTS 
 10.0    32:48.617    32:48.617  7.9385E+08           0          2 BUTS 
  4.8     8:26.027    15:49.216      155648      875520       6098 EXCHANGE_3 
  1.7     5:34.488     5:34.488  1.1761E+08           0          3 MPI_Send() 
  1.1     1:28.110     3:33.783         512 8.03081E+08     417545 SETIV 
  1.0     3:23.099     3:23.099      292380           0        695 MPI_Wait() 
  0.7            9     2:20.000         256         768     546878 INIT_COMM 
  0.7     2:19.990     2:19.990         256           0     546838 MPI_Init() 
  0.7     2:16.509     2:16.509 8.72002E+08           0          0 EXACT 
  0.7     2:13.703     2:13.703         256           0     522279 MPI_Finalize() 
  0.2       18,620       35,401         256         512     138287 ERHS 
  0.2       29,420       29,420        2560           0      11492 MPI_Allreduce() 
  0.1        2,339       28,079        1024        1024      27421 L2NORM 
  0.1        7,494       18,783         256 6.69237E+07      73371 ERROR 
  0.0        3,900        3,900      292380           0         13 MPI_Irecv() 
  0.0          249          812         512 1.99757E+06       1586 SETBV 
  0.0          503          503         256           0       1966 ALLOC_SPACE 
  0.0            1          246         256         257        963 READ_INPUT 
  0.0            2          244         256        2560        956 BCAST_INPUTS 
  0.0          242          242        2560           0         95 MPI_Bcast() 
  0.0           54          189         256        1088        738 PINTGR 
  0.0           23           23         512           0         45 MPI_Barrier() 
  0.0        0.769           15         256        1440         59 EXCHANGE_4 
  0.0        0.068            1          32          90         39 EXCHANGE_6 
  0.0        0.071            1          32          90         36 EXCHANGE_5 
  0.0        0.496        0.551         256         256          2 PROC_GRID 
  0.0        0.247        0.247         256           0          1 SETCOEFF 
  0.0        0.211        0.211           1           0        211 VERIFY 
  0.0        0.144        0.144         256           0          1 NEIGHBORS 
  0.0        0.117        0.117         256           0          0 MPI_Comm_size() 
  0.0        0.083        0.083         256           0          0 SUBDOMAIN 
  0.0        0.075        0.075         256           0          0 MPI_Comm_rank() 
  0.0        0.055        0.055         256           0          0 ISQRT2 
  0.0            0            0           1           0          0 SET_CLASS 

FUNCTION SUMMARY (mean):
---------------------------------------------------------------------------------------
%Time    Exclusive    Inclusive       #Call      #Subrs  Inclusive Name
              msec   total msec                          usec/call 
---------------------------------------------------------------------------------------
100.0      0.00509     1:16.614           1           1   76614229 .TAU application
100.0       0.0791     1:16.614           1     17.0039   76614224 APPLU 
 97.2        4,082     1:14.491           2  1.2893E+07   37245697 SSOR 
 35.2       23,338       26,981         303         606      89047 RHS 
 14.3          465       10,961      488824      916545         22 EXCHANGE_1 
 13.2       10,111       10,111      458272           0         22 MPI_Recv() 
 11.0        8,438        8,438 3.10098E+06           0          3 JACU 
 10.9        8,369        8,369 3.10098E+06           0          3 JACLD 
 10.2        7,849        7,849 3.10098E+06           0          3 BLTS 
 10.0        7,689        7,689 3.10098E+06           0          2 BUTS 
  4.8        1,976        3,707         608        3420       6098 EXCHANGE_3 
  1.7        1,306        1,306      459415           0          3 MPI_Send() 
  1.1          344          835           2 3.13704E+06     417545 SETIV 
  1.0          793          793     1142.11           0        695 MPI_Wait() 
  0.7       0.0387          546           1           3     546878 INIT_COMM 
  0.7          546          546           1           0     546838 MPI_Init() 
  0.7          533          533 3.40626E+06           0          0 EXACT 
  0.7          522          522           1           0     522279 MPI_Finalize() 
  0.2           72          138           1           2     138287 ERHS 
  0.2          114          114          10           0      11492 MPI_Allreduce() 
  0.1            9          109           4           4      27421 L2NORM 
  0.1           29           73           1      261421      73371 ERROR 
  0.0           15           15     1142.11           0         13 MPI_Irecv() 
  0.0        0.974            3           2        7803       1586 SETBV 
  0.0            1            1           1           0       1966 ALLOC_SPACE 
  0.0      0.00707        0.963           1     1.00391        963 READ_INPUT 
  0.0      0.00859        0.956           1          10        956 BCAST_INPUTS 
  0.0        0.947        0.947          10           0         95 MPI_Bcast() 
  0.0        0.213        0.738           1        4.25        738 PINTGR 
  0.0       0.0904       0.0904           2           0         45 MPI_Barrier() 
  0.0        0.003       0.0595           1       5.625         59 EXCHANGE_4 
  0.0     0.000266      0.00483       0.125    0.351562         39 EXCHANGE_6 
  0.0     0.000277       0.0045       0.125    0.351562         36 EXCHANGE_5 
  0.0      0.00194      0.00215           1           1          2 PROC_GRID 
  0.0     0.000965     0.000965           1           0          1 SETCOEFF 
  0.0     0.000824     0.000824  0.00390625           0        211 VERIFY 
  0.0     0.000562     0.000562           1           0          1 NEIGHBORS 
  0.0     0.000457     0.000457           1           0          0 MPI_Comm_size() 
  0.0     0.000324     0.000324           1           0          0 SUBDOMAIN 
  0.0     0.000293     0.000293           1           0          0 MPI_Comm_rank() 
  0.0     0.000215     0.000215           1           0          0 ISQRT2 
  0.0            0            0  0.00390625           0          0 SET_CLASS 
