Reading Profile files in profile.*

FUNCTION SUMMARY (total):
---------------------------------------------------------------------------------------
%Time    Exclusive    Inclusive       #Call      #Subrs  Inclusive Name
              msec   total msec                          usec/call 
---------------------------------------------------------------------------------------
100.0            1    44:23.238         256         256   10403277 .TAU application
100.0           83    44:23.237         256       33024   10403270 MG_MPI 
 67.8          584    30:06.292       13056      600576     138350 MG3P 
 44.7    14:32.540    19:51.419      131072      131072       9090 RESID 
 25.2        1,157    11:10.655      379648 5.90424E+06       1767 COMM3 
 20.5     5:40.079     9:05.736      130560      130560       4180 PSINV 
 12.0       46,429     5:18.415 1.94986E+06 1.94986E+06        163 GIVE3 
 10.8     4:28.348     4:47.463      117504      117504       2446 INTERP 
 10.7     2:21.883     4:44.461      117504      117504       2421 RPRJ3 
 10.2     4:32.056     4:32.056 2.00208E+06           0        136 MPI_Send() 
  6.8       39,987     3:00.614 1.94986E+06 1.94986E+06         93 TAKE3 
  6.5     2:50.850     2:53.207 2.00208E+06 2.00208E+06         87 READY 
  5.9     2:36.783     2:36.783 2.00208E+06           0         78 MPI_Wait() 
  5.0     2:13.490     2:13.490         256           0     521448 MPI_Finalize() 
  5.0     2:12.609     2:12.609         256           0     518004 MPI_Init() 
  1.7       46,550       46,550      173200           0        269 ZERO3 
  1.4       19,181       38,079         512      166308      74374 ZRAN3 
  0.7           88       19,114      117504      156672        163 COMM3_EX 
  0.6           23       16,180       52224       52224        310 TAKE3_EX 
  0.4        7,628        9,735        1024        2048       9507 NORM2U3 
  0.3        7,220        7,220        1536           0       4701 MPI_Barrier() 
  0.1        2,530        2,530       22528           0        112 MPI_Allreduce() 
  0.1        2,357        2,357 2.00208E+06           0          1 MPI_Irecv() 
  0.0          491          491         256           0       1919 ALLOC_SPACE 
  0.0          224          224        1792           0        125 MPI_Bcast() 
  0.0           21           92       52224       52224          2 GIVE3_EX 
  0.0           25           25      142244           0          0 BUBBLE 
  0.0            3            3         256           0         15 MPI_Reduce() 
  0.0            1            1         512           0          3 SETUP 
  0.0            1            1        1536           0          1 POWER 
  0.0        0.133        0.133         256           0          1 MPI_Comm_size() 
  0.0        0.066        0.066         256           0          0 MPI_Comm_rank() 

FUNCTION SUMMARY (mean):
---------------------------------------------------------------------------------------
%Time    Exclusive    Inclusive       #Call      #Subrs  Inclusive Name
              msec   total msec                          usec/call 
---------------------------------------------------------------------------------------
100.0      0.00707       10,403           1           1   10403277 .TAU application
100.0        0.328       10,403           1         129   10403270 MG_MPI 
 67.8            2        7,055          51        2346     138350 MG3P 
 44.7        3,408        4,653         512         512       9090 RESID 
 25.2            4        2,619        1483     23063.4       1767 COMM3 
 20.5        1,328        2,131         510         510       4180 PSINV 
 12.0          181        1,243     7616.62     7616.62        163 GIVE3 
 10.8        1,048        1,122         459         459       2446 INTERP 
 10.7          554        1,111         459         459       2421 RPRJ3 
 10.2        1,062        1,062     7820.62           0        136 MPI_Send() 
  6.8          156          705     7616.62     7616.62         93 TAKE3 
  6.5          667          676     7820.62     7820.62         87 READY 
  5.9          612          612     7820.62           0         78 MPI_Wait() 
  5.0          521          521           1           0     521448 MPI_Finalize() 
  5.0          518          518           1           0     518004 MPI_Init() 
  1.7          181          181     676.562           0        269 ZERO3 
  1.4           74          148           2     649.641      74374 ZRAN3 
  0.7        0.345           74         459         612        163 COMM3_EX 
  0.6       0.0926           63         204         204        310 TAKE3_EX 
  0.4           29           38           4           8       9507 NORM2U3 
  0.3           28           28           6           0       4701 MPI_Barrier() 
  0.1            9            9          88           0        112 MPI_Allreduce() 
  0.1            9            9     7820.62           0          1 MPI_Irecv() 
  0.0            1            1           1           0       1919 ALLOC_SPACE 
  0.0        0.877        0.877           7           0        125 MPI_Bcast() 
  0.0       0.0854         0.36         204         204          2 GIVE3_EX 
  0.0          0.1          0.1     555.641           0          0 BUBBLE 
  0.0        0.015        0.015           1           0         15 MPI_Reduce() 
  0.0        0.006        0.006           2           0          3 SETUP 
  0.0      0.00484      0.00484           6           0          1 POWER 
  0.0      0.00052      0.00052           1           0          1 MPI_Comm_size() 
  0.0     0.000258     0.000258           1           0          0 MPI_Comm_rank() 
