Reading Profile files in profile.*

FUNCTION SUMMARY (total):
---------------------------------------------------------------------------------------
%Time    Exclusive    Inclusive       #Call      #Subrs  Inclusive Name
              msec   total msec                          usec/call 
---------------------------------------------------------------------------------------
100.0            1  4:30:39.134         256         256   63434118 .TAU application
100.0        8,543  4:30:39.132         256      338176   63434111 CG 
 77.3  2:50:39.265  3:29:05.678       25856  2.6218E+07     485213 CONJ_GRAD 
 21.1     2:40.258    57:02.962         256    7.68E+08   13370949 MAKEA 
 19.4    29:06.297    52:25.086    3.84E+08 1.12761E+10          8 SPRNVC 
  8.6    23:18.789    23:18.789 1.12761E+10           0          0 ICNVRT 
  8.2    22:10.801    22:10.801 8.84275E+06           0        150 MPI_Send() 
  5.7    15:26.354    15:26.354 8.84275E+06           0        105 MPI_Wait() 
  0.8     2:09.734     2:09.734         256           0     506777 MPI_Finalize() 
  0.8           11     2:09.231         256        1024     504809 INITIALIZE_MPI 
  0.8     2:09.037     2:09.037         256           0     504051 MPI_Init() 
  0.4     1:01.036     1:01.036         256           0     238425 SPARSE 
  0.3       56,580       56,580    3.84E+08           0          0 VECSET 
  0.3       50,821       50,821 8.84275E+06           0          6 MPI_Irecv() 
  0.0        1,196        1,196         256           0       4675 ALLOC_SPACE 
  0.0          201          201         256           0        788 MPI_Barrier() 
  0.0          182          182         256           0        712 MPI_Bcast() 
  0.0           18           18         256           0         74 MPI_Reduce() 
  0.0        0.187        0.187         256           0          1 SETUP_SUBMATRIX_INFO 
  0.0        0.128        0.128         256           0          0 MPI_Comm_size() 
  0.0        0.084        0.084         256           0          0 MPI_Comm_rank() 
  0.0        0.073        0.073         256           0          0 SETUP_PROC_INFO 

FUNCTION SUMMARY (mean):
---------------------------------------------------------------------------------------
%Time    Exclusive    Inclusive       #Call      #Subrs  Inclusive Name
              msec   total msec                          usec/call 
---------------------------------------------------------------------------------------
100.0      0.00725     1:03.434           1           1   63434118 .TAU application
100.0           33     1:03.434           1        1321   63434111 CG 
 77.3       39,997       49,006         101      102414     485213 CONJ_GRAD 
 21.1          626       13,370           1       3E+06   13370949 MAKEA 
 19.4        6,821       12,285     1.5E+06 4.40472E+07          8 SPRNVC 
  8.6        5,464        5,464 4.40472E+07           0          0 ICNVRT 
  8.2        5,198        5,198       34542           0        150 MPI_Send() 
  5.7        3,618        3,618       34542           0        105 MPI_Wait() 
  0.8          506          506           1           0     506777 MPI_Finalize() 
  0.8       0.0455          504           1           4     504809 INITIALIZE_MPI 
  0.8          504          504           1           0     504051 MPI_Init() 
  0.4          238          238           1           0     238425 SPARSE 
  0.3          221          221     1.5E+06           0          0 VECSET 
  0.3          198          198       34542           0          6 MPI_Irecv() 
  0.0            4            4           1           0       4675 ALLOC_SPACE 
  0.0        0.788        0.788           1           0        788 MPI_Barrier() 
  0.0        0.712        0.712           1           0        712 MPI_Bcast() 
  0.0       0.0741       0.0741           1           0         74 MPI_Reduce() 
  0.0      0.00073      0.00073           1           0          1 SETUP_SUBMATRIX_INFO 
  0.0       0.0005       0.0005           1           0          0 MPI_Comm_size() 
  0.0     0.000328     0.000328           1           0          0 MPI_Comm_rank() 
  0.0     0.000285     0.000285           1           0          0 SETUP_PROC_INFO 
