Reading Profile files in profile.*

FUNCTION SUMMARY (total):
---------------------------------------------------------------------------------------
%Time    Exclusive    Inclusive       #Call      #Subrs  Inclusive Name
              msec   total msec                          usec/call 
---------------------------------------------------------------------------------------
100.0            1    10:54.209         256         256    2555506 .TAU application
100.0           11    10:54.208         256        4353    2555501 APPLU 
 58.4       22,820     6:22.192         512 1.86409E+08     746469 SSOR 
 27.3       11,495     2:58.812 2.57024E+07  4.8192E+07          7 EXCHANGE_1 
 23.3     2:32.496     2:32.496  2.4096E+07           0          6 MPI_Recv() 
 20.3     2:12.901     2:12.901         256           0     519145 MPI_Finalize() 
 20.3            9     2:12.557         256         768     517802 INIT_COMM 
 20.3     2:12.547     2:12.547         256           0     517763 MPI_Init() 
  8.5       31,638       55,698       64768      129536        860 RHS 
  5.1       33,185       33,185   4.016E+07           0          1 JACLD 
  5.0       32,756       32,756   4.016E+07           0          1 JACU 
  4.4       28,696       28,696   4.016E+07           0          1 BLTS 
  4.4       28,491       28,491   4.016E+07           0          1 BUTS 
  3.9        6,568       25,205      130048      731520        194 EXCHANGE_3 
  3.8       24,644       24,644 2.43404E+07           0          1 MPI_Send() 
  1.3        8,396        8,396      244380           0         34 MPI_Wait() 
  0.7        1,913        4,306         512     1.2E+07       8410 SETIV 
  0.4        2,586        2,586 1.31248E+07           0          0 EXACT 
  0.3        1,803        1,803        2560           0        705 MPI_Allreduce() 
  0.2          357        1,503         256         512       5874 ERHS 
  0.2           17        1,451        1024        1024       1417 L2NORM 
  0.1          427          427      244380           0          2 MPI_Irecv() 
  0.1          113          345         256 1.00026E+06       1350 ERROR 
  0.0            1          267         256         257       1045 READ_INPUT 
  0.0            2          265         256        2560       1038 BCAST_INPUTS 
  0.0          263          263        2560           0        103 MPI_Bcast() 
  0.0           19           59         512      124848        116 SETBV 
  0.0            5           52         256        1088        206 PINTGR 
  0.0           24           24         512           0         49 MPI_Barrier() 
  0.0           10           10         256           0         41 ALLOC_SPACE 
  0.0        0.451            9         256        1440         38 EXCHANGE_4 
  0.0        0.029         0.62          32          90         19 EXCHANGE_6 
  0.0        0.033        0.595          32          90         19 EXCHANGE_5 
  0.0        0.448        0.511         256         256          2 PROC_GRID 
  0.0        0.234        0.234           1           0        234 VERIFY 
  0.0        0.225        0.225         256           0          1 SETCOEFF 
  0.0        0.107        0.107         256           0          0 MPI_Comm_size() 
  0.0        0.072        0.072         256           0          0 MPI_Comm_rank() 
  0.0        0.068        0.068         256           0          0 NEIGHBORS 
  0.0        0.064        0.064         256           0          0 SUBDOMAIN 
  0.0        0.063        0.063         256           0          0 ISQRT2 
  0.0            0            0           1           0          0 SET_CLASS 

FUNCTION SUMMARY (mean):
---------------------------------------------------------------------------------------
%Time    Exclusive    Inclusive       #Call      #Subrs  Inclusive Name
              msec   total msec                          usec/call 
---------------------------------------------------------------------------------------
100.0      0.00502        2,555           1           1    2555506 .TAU application
100.0       0.0444        2,555           1     17.0039    2555501 APPLU 
 58.4           89        1,492           2      728161     746469 SSOR 
 27.3           44          698      100400      188250          7 EXCHANGE_1 
 23.3          595          595       94125           0          6 MPI_Recv() 
 20.3          519          519           1           0     519145 MPI_Finalize() 
 20.3       0.0382          517           1           3     517802 INIT_COMM 
 20.3          517          517           1           0     517763 MPI_Init() 
  8.5          123          217         253         506        860 RHS 
  5.1          129          129      156875           0          1 JACLD 
  5.0          127          127      156875           0          1 JACU 
  4.4          112          112      156875           0          1 BLTS 
  4.4          111          111      156875           0          1 BUTS 
  3.9           25           98         508      2857.5        194 EXCHANGE_3 
  3.8           96           96     95079.6           0          1 MPI_Send() 
  1.3           32           32     954.609           0         34 MPI_Wait() 
  0.7            7           16           2       46875       8410 SETIV 
  0.4           10           10     51268.9           0          0 EXACT 
  0.3            7            7          10           0        705 MPI_Allreduce() 
  0.2            1            5           1           2       5874 ERHS 
  0.2        0.068            5           4           4       1417 L2NORM 
  0.1            1            1     954.609           0          2 MPI_Irecv() 
  0.1        0.441            1           1     3907.25       1350 ERROR 
  0.0      0.00711            1           1     1.00391       1045 READ_INPUT 
  0.0      0.00846            1           1          10       1038 BCAST_INPUTS 
  0.0            1            1          10           0        103 MPI_Bcast() 
  0.0       0.0752        0.232           2     487.688        116 SETBV 
  0.0       0.0217        0.206           1        4.25        206 PINTGR 
  0.0       0.0976       0.0976           2           0         49 MPI_Barrier() 
  0.0       0.0408       0.0408           1           0         41 ALLOC_SPACE 
  0.0      0.00176        0.038           1       5.625         38 EXCHANGE_4 
  0.0     0.000113      0.00242       0.125    0.351562         19 EXCHANGE_6 
  0.0     0.000129      0.00232       0.125    0.351562         19 EXCHANGE_5 
  0.0      0.00175        0.002           1           1          2 PROC_GRID 
  0.0     0.000914     0.000914  0.00390625           0        234 VERIFY 
  0.0     0.000879     0.000879           1           0          1 SETCOEFF 
  0.0     0.000418     0.000418           1           0          0 MPI_Comm_size() 
  0.0     0.000281     0.000281           1           0          0 MPI_Comm_rank() 
  0.0     0.000266     0.000266           1           0          0 NEIGHBORS 
  0.0      0.00025      0.00025           1           0          0 SUBDOMAIN 
  0.0     0.000246     0.000246           1           0          0 ISQRT2 
  0.0            0            0  0.00390625           0          0 SET_CLASS 
