Reading Profile files in profile.*

FUNCTION SUMMARY (total):
---------------------------------------------------------------------------------------
%Time    Exclusive    Inclusive       #Call      #Subrs  Inclusive Name
              msec   total msec                          usec/call 
---------------------------------------------------------------------------------------
100.0        0.318 11:14:46.426          64          64  632600412 .TAU application
100.0           74 11:14:46.426          64       33217  632600407 MPSP 
 99.0          406 11:08:21.691       32064      192384    1250676 ADI 
 27.9     9:38.830  3:08:05.107       32128      449792     351255 COPY_FACES 
 24.2  2:43:13.977  2:43:13.977       32128           0     304842 COMPUTE_RHS 
 23.6    37:39.277  2:39:31.310       32064 1.85971E+06     298506 Z_SOLVE 
 23.4    42:28.988  2:38:04.141       32064 1.85971E+06     295788 Y_SOLVE 
 20.5  1:03:53.654  2:18:32.497       32064 1.85971E+06     259247 X_SOLVE 
 20.2  2:16:07.080  2:16:07.080 1.37882E+06           0       5923 MPI_Waitall() 
 11.7  1:19:03.791  1:19:03.791      256512           0      18493 LHSZ 
  7.9    52:59.769    52:59.769      256512           0      12396 LHSY 
  5.7    38:27.123    38:27.123      256512           0       8994 LHSX 
  1.9    12:52.166    12:52.166       32064           0      24082 TXINVR 
  1.7    11:37.791    11:37.791       32064           0      21762 ADD 
  1.6    10:29.338    10:29.338      256512           0       2453 TZETAR 
  0.7     4:31.577     4:31.577      256512           0       1059 NINVR 
  0.6     4:02.190     4:02.190      256512           0        944 PINVR 
  0.5     1:30.231     3:25.589         128 8.17005E+08    1606170 INITIALIZE 
  0.4     2:35.171     2:35.171 1.10053E+09           0          0 EXACT_SOLUTION 
  0.2       31,580     1:01.894          64 2.15605E+08     967096 EXACT_RHS 
  0.2     1:00.883     1:00.883 1.53946E+06           0         40 MPI_Irecv() 
  0.1            1       43,355          64         192     677434 VERIFY 
  0.1       36,572       36,572 1.53946E+06           0         24 MPI_Isend() 
  0.1            1       33,081          64         320     516906 SETUP_MPI 
  0.1       33,020       33,020          64           0     515939 MPI_Init() 
  0.1       32,047       32,047          64           0     500746 MPI_Finalize() 
  0.0        7,530       18,520          64 6.79174E+07     289383 ERROR_NORM 
  0.0        5,154        5,154         128           0      40269 MPI_Barrier() 
  0.0        4,113        4,113         128           0      32134 MPI_Allreduce() 
  0.0          480        3,102          64          64      48482 RHS_NORM 
  0.0        2,921        2,921          64           0      45648 LHSINIT 
  0.0          555          555          64           0       8686 ALLOC_SPACE 
  0.0           60           60         128           0        470 MPI_Comm_dup() 
  0.0           57           57         256           0        224 MPI_Bcast() 
  0.0            1            1          64           0         16 MPI_Reduce() 
  0.0        0.123        0.123          64           0          2 SET_CONSTANTS 
  0.0          0.1          0.1          64           0          2 MAKE_SET 
  0.0        0.051        0.051          64           0          1 COMPUTE_BUFFER_SIZE 
  0.0        0.028        0.028          64           0          0 MPI_Comm_size() 
  0.0        0.012        0.012          64           0          0 MPI_Comm_rank() 
  0.0            0            0           1           0          0 SET_CLASS 

FUNCTION SUMMARY (mean):
---------------------------------------------------------------------------------------
%Time    Exclusive    Inclusive       #Call      #Subrs  Inclusive Name
              msec   total msec                          usec/call 
---------------------------------------------------------------------------------------
100.0      0.00497    10:32.600           1           1  632600412 .TAU application
100.0            1    10:32.600           1     519.016  632600407 MPSP 
 99.0            6    10:26.588         501        3006    1250676 ADI 
 27.9        9,044     2:56.329         502        7028     351255 COPY_FACES 
 24.2     2:33.030     2:33.030         502           0     304842 COMPUTE_RHS 
 23.6       35,301     2:29.551         501       29058     298506 Z_SOLVE 
 23.4       39,827     2:28.189         501       29058     295788 Y_SOLVE 
 20.5       59,900     2:09.882         501       29058     259247 X_SOLVE 
 20.2     2:07.610     2:07.610       21544           0       5923 MPI_Waitall() 
 11.7     1:14.121     1:14.121        4008           0      18493 LHSZ 
  7.9       49,683       49,683        4008           0      12396 LHSY 
  5.7       36,048       36,048        4008           0       8994 LHSX 
  1.9       12,065       12,065         501           0      24082 TXINVR 
  1.7       10,902       10,902         501           0      21762 ADD 
  1.6        9,833        9,833        4008           0       2453 TZETAR 
  0.7        4,243        4,243        4008           0       1059 NINVR 
  0.6        3,784        3,784        4008           0        944 PINVR 
  0.5        1,409        3,212           2 1.27657E+07    1606170 INITIALIZE 
  0.4        2,424        2,424 1.71958E+07           0          0 EXACT_SOLUTION 
  0.2          493          967           1 3.36884E+06     967096 EXACT_RHS 
  0.2          951          951       24054           0         40 MPI_Irecv() 
  0.1       0.0275          677           1           3     677434 VERIFY 
  0.1          571          571       24054           0         24 MPI_Isend() 
  0.1       0.0264          516           1           5     516906 SETUP_MPI 
  0.1          515          515           1           0     515939 MPI_Init() 
  0.1          500          500           1           0     500746 MPI_Finalize() 
  0.0          117          289           1 1.06121E+06     289383 ERROR_NORM 
  0.0           80           80           2           0      40269 MPI_Barrier() 
  0.0           64           64           2           0      32134 MPI_Allreduce() 
  0.0            7           48           1           1      48482 RHS_NORM 
  0.0           45           45           1           0      45648 LHSINIT 
  0.0            8            8           1           0       8686 ALLOC_SPACE 
  0.0         0.94         0.94           2           0        470 MPI_Comm_dup() 
  0.0        0.896        0.896           4           0        224 MPI_Bcast() 
  0.0       0.0158       0.0158           1           0         16 MPI_Reduce() 
  0.0      0.00192      0.00192           1           0          2 SET_CONSTANTS 
  0.0      0.00156      0.00156           1           0          2 MAKE_SET 
  0.0     0.000797     0.000797           1           0          1 COMPUTE_BUFFER_SIZE 
  0.0     0.000438     0.000438           1           0          0 MPI_Comm_size() 
  0.0     0.000188     0.000188           1           0          0 MPI_Comm_rank() 
  0.0            0            0    0.015625           0          0 SET_CLASS 
