Reading Profile files in profile.*

FUNCTION SUMMARY (total):
---------------------------------------------------------------------------------------
%Time    Exclusive    Inclusive       #Call      #Subrs  Inclusive Name
              msec   total msec                          usec/call 
---------------------------------------------------------------------------------------
100.0        0.311     2:13.036          64          64    2078690 .TAU application
100.0           21     2:13.035          64       26817    2078686 MPSP 
 49.2           53     1:05.501       25664      153984       2552 ADI 
 25.6            1       33,993          64         320     531144 SETUP_MPI 
 25.4       33,738       33,738          64           0     527168 MPI_Init() 
 23.6       31,387       31,387          64           0     490436 MPI_Finalize() 
 18.2        4,789       24,230       25728      360192        942 COPY_FACES 
 11.7       15,540       15,540 1.10362E+06           0         14 MPI_Waitall() 
 10.9        4,932       14,534       25664 1.48851E+06        566 X_SOLVE 
  9.7        4,509       12,924       25664 1.48851E+06        504 Y_SOLVE 
  9.7       12,861       12,861       25728           0        500 COMPUTE_RHS 
  8.7        4,431       11,576       25664 1.48851E+06        451 Z_SOLVE 
  3.8        5,070        5,070      205312           0         25 LHSX 
  2.3        3,019        3,019      205312           0         15 LHSZ 
  2.3        2,996        2,996 1.23226E+06           0          2 MPI_Isend() 
  2.2        2,864        2,864      205312           0         14 LHSY 
  1.1        1,469        1,469       25664           0         57 ADD 
  0.8          513        1,085         128 3.19488E+06       8480 INITIALIZE 
  0.7          919          919      205312           0          4 TZETAR 
  0.6          798          798 4.51797E+06           0          0 EXACT_SOLUTION 
  0.6          771          771       25664           0         30 TXINVR 
  0.5          651          651 1.23226E+06           0          1 MPI_Irecv() 
  0.3          422          422         128           0       3300 MPI_Barrier() 
  0.3          215          405          64 1.06094E+06       6333 EXACT_RHS 
  0.3          345          345      205312           0          2 PINVR 
  0.3          333          333      205312           0          2 NINVR 
  0.2          252          252         128           0       1974 MPI_Comm_dup() 
  0.1        0.493          142          64         192       2225 VERIFY 
  0.1           30           78          64      262208       1228 ERROR_NORM 
  0.0           42           42         256           0        167 MPI_Bcast() 
  0.0           28           28          64           0        448 LHSINIT 
  0.0           15           15         128           0        120 MPI_Allreduce() 
  0.0        0.704            4          64          64         75 RHS_NORM 
  0.0            4            4          64           0         64 ALLOC_SPACE 
  0.0        0.729        0.729          64           0         11 MPI_Reduce() 
  0.0         0.11         0.11          64           0          2 SET_CONSTANTS 
  0.0         0.04         0.04          64           0          1 MAKE_SET 
  0.0        0.027        0.027          64           0          0 COMPUTE_BUFFER_SIZE 
  0.0        0.023        0.023          64           0          0 MPI_Comm_size() 
  0.0         0.01         0.01          64           0          0 MPI_Comm_rank() 
  0.0        0.001        0.001           1           0          1 SET_CLASS 

FUNCTION SUMMARY (mean):
---------------------------------------------------------------------------------------
%Time    Exclusive    Inclusive       #Call      #Subrs  Inclusive Name
              msec   total msec                          usec/call 
---------------------------------------------------------------------------------------
100.0      0.00486        2,078           1           1    2078690 .TAU application
100.0        0.334        2,078           1     419.016    2078686 MPSP 
 49.2        0.832        1,023         401        2406       2552 ADI 
 25.6        0.027          531           1           5     531144 SETUP_MPI 
 25.4          527          527           1           0     527168 MPI_Init() 
 23.6          490          490           1           0     490436 MPI_Finalize() 
 18.2           74          378         402        5628        942 COPY_FACES 
 11.7          242          242       17244           0         14 MPI_Waitall() 
 10.9           77          227         401       23258        566 X_SOLVE 
  9.7           70          201         401       23258        504 Y_SOLVE 
  9.7          200          200         402           0        500 COMPUTE_RHS 
  8.7           69          180         401       23258        451 Z_SOLVE 
  3.8           79           79        3208           0         25 LHSX 
  2.3           47           47        3208           0         15 LHSZ 
  2.3           46           46       19254           0          2 MPI_Isend() 
  2.2           44           44        3208           0         14 LHSY 
  1.1           22           22         401           0         57 ADD 
  0.8            8           16           2       49920       8480 INITIALIZE 
  0.7           14           14        3208           0          4 TZETAR 
  0.6           12           12     70593.2           0          0 EXACT_SOLUTION 
  0.6           12           12         401           0         30 TXINVR 
  0.5           10           10       19254           0          1 MPI_Irecv() 
  0.3            6            6           2           0       3300 MPI_Barrier() 
  0.3            3            6           1     16577.2       6333 EXACT_RHS 
  0.3            5            5        3208           0          2 PINVR 
  0.3            5            5        3208           0          2 NINVR 
  0.2            3            3           2           0       1974 MPI_Comm_dup() 
  0.1       0.0077            2           1           3       2225 VERIFY 
  0.1        0.474            1           1        4097       1228 ERROR_NORM 
  0.0        0.667        0.667           4           0        167 MPI_Bcast() 
  0.0        0.448        0.448           1           0        448 LHSINIT 
  0.0         0.24         0.24           2           0        120 MPI_Allreduce() 
  0.0        0.011       0.0754           1           1         75 RHS_NORM 
  0.0       0.0644       0.0644           1           0         64 ALLOC_SPACE 
  0.0       0.0114       0.0114           1           0         11 MPI_Reduce() 
  0.0      0.00172      0.00172           1           0          2 SET_CONSTANTS 
  0.0     0.000625     0.000625           1           0          1 MAKE_SET 
  0.0     0.000422     0.000422           1           0          0 COMPUTE_BUFFER_SIZE 
  0.0     0.000359     0.000359           1           0          0 MPI_Comm_size() 
  0.0     0.000156     0.000156           1           0          0 MPI_Comm_rank() 
  0.0     1.56E-05     1.56E-05    0.015625           0          1 SET_CLASS 
