Reading Profile files in profile.*

FUNCTION SUMMARY (total):
---------------------------------------------------------------------------------------
%Time    Exclusive    Inclusive       #Call      #Subrs  Inclusive Name
              msec   total msec                          usec/call 
---------------------------------------------------------------------------------------
100.0        0.302    24:22.460          64          64   22850939 .TAU application
100.0           45    24:22.459          64       26817   22850934 MPSP 
 94.2          173    22:58.361       25664      153984      53708 ADI 
 24.5     1:24.142     5:58.013       25664 1.48851E+06      13950 Z_SOLVE 
 23.1     1:09.276     5:37.123       25728      360192      13103 COPY_FACES 
 23.0     5:36.307     5:36.307 1.10362E+06           0        305 MPI_Waitall() 
 21.8     1:44.775     5:18.356       25664 1.48851E+06      12405 Y_SOLVE 
 19.9     2:02.861     4:50.628       25664 1.48851E+06      11324 X_SOLVE 
 13.9     3:23.817     3:23.817       25728           0       7922 COMPUTE_RHS 
 11.7     2:50.906     2:50.906      205312           0        832 LHSZ 
  5.8     1:24.950     1:24.950      205312           0        414 LHSY 
  5.5     1:20.167     1:20.167      205312           0        390 LHSX 
  2.6       37,846       37,846       25664           0       1475 ADD 
  2.5       37,021       37,021       25664           0       1443 TXINVR 
  2.2       31,819       31,819          64           0     497176 MPI_Finalize() 
  2.2            1       31,651          64         320     494558 SETUP_MPI 
  2.2       31,589       31,589          64           0     493581 MPI_Init() 
  1.8       25,623       25,623      205312           0        125 TZETAR 
  1.0        6,217       13,915         128 5.13333E+07     108712 INITIALIZE 
  0.7       10,343       10,343 7.01768E+07           0          0 EXACT_SOLUTION 
  0.6        9,159        9,159 1.23226E+06           0          7 MPI_Isend() 
  0.3        4,478        4,478 1.23226E+06           0          4 MPI_Irecv() 
  0.3        2,048        4,099          64  1.4592E+07      64052 EXACT_RHS 
  0.3        3,859        3,859      205312           0         19 PINVR 
  0.3        3,794        3,794      205312           0         18 NINVR 
  0.1        0.992        2,075          64         192      32424 VERIFY 
  0.1          484        1,167          64 4.25159E+06      18240 ERROR_NORM 
  0.0          171          171          64           0       2683 ALLOC_SPACE 
  0.0          166          166          64           0       2601 LHSINIT 
  0.0          164          164         128           0       1282 MPI_Allreduce() 
  0.0          108          108         128           0        846 MPI_Barrier() 
  0.0           28          105          64          64       1652 RHS_NORM 
  0.0           60           60         128           0        475 MPI_Comm_dup() 
  0.0           44           44         256           0        174 MPI_Bcast() 
  0.0         0.82         0.82          64           0         13 MPI_Reduce() 
  0.0        0.116        0.116          64           0          2 SET_CONSTANTS 
  0.0        0.094        0.094          64           0          1 MAKE_SET 
  0.0        0.037        0.037          64           0          1 COMPUTE_BUFFER_SIZE 
  0.0        0.028        0.028          64           0          0 MPI_Comm_size() 
  0.0         0.01         0.01          64           0          0 MPI_Comm_rank() 
  0.0            0            0           1           0          0 SET_CLASS 

FUNCTION SUMMARY (mean):
---------------------------------------------------------------------------------------
%Time    Exclusive    Inclusive       #Call      #Subrs  Inclusive Name
              msec   total msec                          usec/call 
---------------------------------------------------------------------------------------
100.0      0.00472       22,850           1           1   22850939 .TAU application
100.0        0.704       22,850           1     419.016   22850934 MPSP 
 94.2            2       21,536         401        2406      53708 ADI 
 24.5        1,314        5,593         401       23258      13950 Z_SOLVE 
 23.1        1,082        5,267         402        5628      13103 COPY_FACES 
 23.0        5,254        5,254       17244           0        305 MPI_Waitall() 
 21.8        1,637        4,974         401       23258      12405 Y_SOLVE 
 19.9        1,919        4,541         401       23258      11324 X_SOLVE 
 13.9        3,184        3,184         402           0       7922 COMPUTE_RHS 
 11.7        2,670        2,670        3208           0        832 LHSZ 
  5.8        1,327        1,327        3208           0        414 LHSY 
  5.5        1,252        1,252        3208           0        390 LHSX 
  2.6          591          591         401           0       1475 ADD 
  2.5          578          578         401           0       1443 TXINVR 
  2.2          497          497           1           0     497176 MPI_Finalize() 
  2.2       0.0274          494           1           5     494558 SETUP_MPI 
  2.2          493          493           1           0     493581 MPI_Init() 
  1.8          400          400        3208           0        125 TZETAR 
  1.0           97          217           2      802082     108712 INITIALIZE 
  0.7          161          161 1.09651E+06           0          0 EXACT_SOLUTION 
  0.6          143          143       19254           0          7 MPI_Isend() 
  0.3           69           69       19254           0          4 MPI_Irecv() 
  0.3           32           64           1      228000      64052 EXACT_RHS 
  0.3           60           60        3208           0         19 PINVR 
  0.3           59           59        3208           0         18 NINVR 
  0.1       0.0155           32           1           3      32424 VERIFY 
  0.1            7           18           1     66431.1      18240 ERROR_NORM 
  0.0            2            2           1           0       2683 ALLOC_SPACE 
  0.0            2            2           1           0       2601 LHSINIT 
  0.0            2            2           2           0       1282 MPI_Allreduce() 
  0.0            1            1           2           0        846 MPI_Barrier() 
  0.0        0.447            1           1           1       1652 RHS_NORM 
  0.0         0.95         0.95           2           0        475 MPI_Comm_dup() 
  0.0        0.697        0.697           4           0        174 MPI_Bcast() 
  0.0       0.0128       0.0128           1           0         13 MPI_Reduce() 
  0.0      0.00181      0.00181           1           0          2 SET_CONSTANTS 
  0.0      0.00147      0.00147           1           0          1 MAKE_SET 
  0.0     0.000578     0.000578           1           0          1 COMPUTE_BUFFER_SIZE 
  0.0     0.000438     0.000438           1           0          0 MPI_Comm_size() 
  0.0     0.000156     0.000156           1           0          0 MPI_Comm_rank() 
  0.0            0            0    0.015625           0          0 SET_CLASS 
