Reading Profile files in profile.*

FUNCTION SUMMARY (total):
---------------------------------------------------------------------------------------
%Time    Exclusive    Inclusive       #Call      #Subrs  Inclusive Name
              msec   total msec                          usec/call 
---------------------------------------------------------------------------------------
100.0        0.322     6:17.273          64          64    5894891 .TAU application
100.0           28     6:17.272          64       26817    5894886 MPSP 
 80.5          117     5:03.620       25664      153984      11831 ADI 
 22.1       13,755     1:23.419       25728      360192       3242 COPY_FACES 
 21.2     1:19.870     1:19.870 1.10362E+06           0         72 MPI_Waitall() 
 20.2       21,847     1:16.182       25664 1.48851E+06       2968 Z_SOLVE 
 17.6       19,061     1:06.534       25664 1.48851E+06       2593 Y_SOLVE 
 17.0       24,012     1:03.949       25664 1.48851E+06       2492 X_SOLVE 
 13.7       51,597       51,597       25728           0       2005 COMPUTE_RHS 
  8.8       33,335       33,335          64           0     520874 MPI_Finalize() 
  8.8            1       33,051          64         320     516427 SETUP_MPI 
  8.7       32,986       32,986          64           0     515411 MPI_Init() 
  7.5       28,347       28,347      205312           0        138 LHSZ 
  5.2       19,568       19,568      205312           0         95 LHSX 
  4.1       15,403       15,403      205312           0         75 LHSY 
  2.0        7,616        7,616       25664           0        297 ADD 
  1.7        6,473        6,473      205312           0         32 TZETAR 
  1.7        6,393        6,393 1.23226E+06           0          5 MPI_Isend() 
  1.6        5,991        5,991       25664           0        233 TXINVR 
  1.0        1,787        3,906         128 1.28593E+07      30520 INITIALIZE 
  0.8        2,921        2,921 1.78206E+07           0          0 EXACT_SOLUTION 
  0.4        1,682        1,682 1.23226E+06           0          1 MPI_Irecv() 
  0.4          715        1,369          64     3.9E+06      21398 EXACT_RHS 
  0.3        1,296        1,296         128           0      10127 MPI_Barrier() 
  0.3        1,054        1,054      205312           0          5 PINVR 
  0.3        1,017        1,017      205312           0          5 NINVR 
  0.1        0.789          511          64         192       7994 VERIFY 
  0.1          120          288          64 1.06127E+06       4512 ERROR_NORM 
  0.0           63           63         128           0        494 MPI_Comm_dup() 
  0.0           59           59         256           0        233 MPI_Bcast() 
  0.0           51           51          64           0        811 LHSINIT 
  0.0           45           45         128           0        353 MPI_Allreduce() 
  0.0           40           40          64           0        626 ALLOC_SPACE 
  0.0            4           30          64          64        481 RHS_NORM 
  0.0        0.985        0.985          64           0         15 MPI_Reduce() 
  0.0        0.109        0.109          64           0          2 SET_CONSTANTS 
  0.0        0.075        0.075          64           0          1 MAKE_SET 
  0.0        0.029        0.029          64           0          0 COMPUTE_BUFFER_SIZE 
  0.0        0.026        0.026          64           0          0 MPI_Comm_size() 
  0.0        0.012        0.012          64           0          0 MPI_Comm_rank() 
  0.0        0.001        0.001           1           0          1 SET_CLASS 

FUNCTION SUMMARY (mean):
---------------------------------------------------------------------------------------
%Time    Exclusive    Inclusive       #Call      #Subrs  Inclusive Name
              msec   total msec                          usec/call 
---------------------------------------------------------------------------------------
100.0      0.00503        5,894           1           1    5894891 .TAU application
100.0        0.448        5,894           1     419.016    5894886 MPSP 
 80.5            1        4,744         401        2406      11831 ADI 
 22.1          214        1,303         402        5628       3242 COPY_FACES 
 21.2        1,247        1,247       17244           0         72 MPI_Waitall() 
 20.2          341        1,190         401       23258       2968 Z_SOLVE 
 17.6          297        1,039         401       23258       2593 Y_SOLVE 
 17.0          375          999         401       23258       2492 X_SOLVE 
 13.7          806          806         402           0       2005 COMPUTE_RHS 
  8.8          520          520           1           0     520874 MPI_Finalize() 
  8.8       0.0273          516           1           5     516427 SETUP_MPI 
  8.7          515          515           1           0     515411 MPI_Init() 
  7.5          442          442        3208           0        138 LHSZ 
  5.2          305          305        3208           0         95 LHSX 
  4.1          240          240        3208           0         75 LHSY 
  2.0          119          119         401           0        297 ADD 
  1.7          101          101        3208           0         32 TZETAR 
  1.7           99           99       19254           0          5 MPI_Isend() 
  1.6           93           93         401           0        233 TXINVR 
  1.0           27           61           2      200927      30520 INITIALIZE 
  0.8           45           45      278446           0          0 EXACT_SOLUTION 
  0.4           26           26       19254           0          1 MPI_Irecv() 
  0.4           11           21           1     60937.5      21398 EXACT_RHS 
  0.3           20           20           2           0      10127 MPI_Barrier() 
  0.3           16           16        3208           0          5 PINVR 
  0.3           15           15        3208           0          5 NINVR 
  0.1       0.0123            7           1           3       7994 VERIFY 
  0.1            1            4           1     16582.4       4512 ERROR_NORM 
  0.0        0.988        0.988           2           0        494 MPI_Comm_dup() 
  0.0        0.932        0.932           4           0        233 MPI_Bcast() 
  0.0        0.811        0.811           1           0        811 LHSINIT 
  0.0        0.706        0.706           2           0        353 MPI_Allreduce() 
  0.0        0.626        0.626           1           0        626 ALLOC_SPACE 
  0.0       0.0682        0.481           1           1        481 RHS_NORM 
  0.0       0.0154       0.0154           1           0         15 MPI_Reduce() 
  0.0       0.0017       0.0017           1           0          2 SET_CONSTANTS 
  0.0      0.00117      0.00117           1           0          1 MAKE_SET 
  0.0     0.000453     0.000453           1           0          0 COMPUTE_BUFFER_SIZE 
  0.0     0.000406     0.000406           1           0          0 MPI_Comm_size() 
  0.0     0.000188     0.000188           1           0          0 MPI_Comm_rank() 
  0.0     1.56E-05     1.56E-05    0.015625           0          1 SET_CLASS 
