Reading Profile files in profile.*

FUNCTION SUMMARY (total):
---------------------------------------------------------------------------------------
%Time    Exclusive    Inclusive       #Call      #Subrs  Inclusive Name
              msec   total msec                          usec/call 
---------------------------------------------------------------------------------------
100.0        0.042    11:03.975           8           8   82996974 .TAU application
100.0        0.773    11:03.975           8         137   82996968 APPLU 
 96.1       27,635    10:38.109          16 1.04097E+08   39881873 SSOR 
 27.3     2:47.255     3:01.143        2024        4048      89498 RHS 
 15.7     1:44.076     1:44.076 2.57024E+07           0          4 JACLD 
 15.5     1:42.906     1:42.906 2.57024E+07           0          4 JACU 
 15.0     1:39.640     1:39.640 2.57024E+07           0          4 BLTS 
 14.7     1:37.421     1:37.421 2.57024E+07           0          4 BUTS 
  3.8        1,543       25,071 1.28512E+06  1.6064E+06         20 EXCHANGE_1 
  3.4       22,746       22,746      803200           0         28 MPI_Recv() 
  2.1        4,989       14,253        4064       15240       3507 EXCHANGE_3 
  1.9        5,209       12,750          16  4.9152E+07     796876 SETIV 
  1.2        8,280        8,280 5.35629E+07           0          0 EXACT 
  1.0        6,571        6,571        5098           0       1289 MPI_Wait() 
  0.9        5,745        5,745           8           0     718172 MPI_Finalize() 
  0.7        0.329        4,776           8          24     597068 INIT_COMM 
  0.7        4,776        4,776           8           0     597026 MPI_Init() 
  0.5        3,367        3,367      808298           0          4 MPI_Send() 
  0.2          911        1,277           8          16     159687 ERHS 
  0.2          456        1,140           8 4.09601E+06     142603 ERROR 
  0.0          185          185          80           0       2313 MPI_Allreduce() 
  0.0           77          182          32          32       5711 L2NORM 
  0.0           36          139          16      314928       8714 SETBV 
  0.0          106          106        5098           0         21 MPI_Irecv() 
  0.0           12           12           8           0       1571 ALLOC_SPACE 
  0.0           11           11           1           0      11375 VERIFY 
  0.0        0.705            7           8           9        908 READ_INPUT 
  0.0        0.083            6           8          80        819 BCAST_INPUTS 
  0.0            6            6          80           0         81 MPI_Bcast() 
  0.0            2            4           8          44        513 PINTGR 
  0.0        0.173        0.173          16           0         11 MPI_Barrier() 
  0.0        0.022        0.099           8          30         12 EXCHANGE_4 
  0.0        0.011         0.04           8          18          5 EXCHANGE_5 
  0.0         0.02        0.021           8           8          3 PROC_GRID 
  0.0        0.004        0.012           4           6          3 EXCHANGE_6 
  0.0        0.007        0.007           8           0          1 MPI_Comm_rank() 
  0.0        0.005        0.005           8           0          1 SETCOEFF 
  0.0        0.004        0.004           8           0          0 MPI_Comm_size() 
  0.0        0.004        0.004           8           0          0 NEIGHBORS 
  0.0        0.002        0.002           8           0          0 SUBDOMAIN 
  0.0        0.001        0.001           8           0          0 ISQRT2 
  0.0        0.001        0.001           1           0          1 SET_CLASS 

FUNCTION SUMMARY (mean):
---------------------------------------------------------------------------------------
%Time    Exclusive    Inclusive       #Call      #Subrs  Inclusive Name
              msec   total msec                          usec/call 
---------------------------------------------------------------------------------------
100.0      0.00525     1:22.996           1           1   82996974 .TAU application
100.0       0.0966     1:22.996           1      17.125   82996968 APPLU 
 96.1        3,454     1:19.763           2 1.30121E+07   39881873 SSOR 
 27.3       20,906       22,642         253         506      89498 RHS 
 15.7       13,009       13,009  3.2128E+06           0          4 JACLD 
 15.5       12,863       12,863  3.2128E+06           0          4 JACU 
 15.0       12,455       12,455  3.2128E+06           0          4 BLTS 
 14.7       12,177       12,177  3.2128E+06           0          4 BUTS 
  3.8          192        3,133      160640      200800         20 EXCHANGE_1 
  3.4        2,843        2,843      100400           0         28 MPI_Recv() 
  2.1          623        1,781         508        1905       3507 EXCHANGE_3 
  1.9          651        1,593           2   6.144E+06     796876 SETIV 
  1.2        1,035        1,035 6.69537E+06           0          0 EXACT 
  1.0          821          821      637.25           0       1289 MPI_Wait() 
  0.9          718          718           1           0     718172 MPI_Finalize() 
  0.7       0.0411          597           1           3     597068 INIT_COMM 
  0.7          597          597           1           0     597026 MPI_Init() 
  0.5          420          420      101037           0          4 MPI_Send() 
  0.2          113          159           1           2     159687 ERHS 
  0.2           57          142           1      512001     142603 ERROR 
  0.0           23           23          10           0       2313 MPI_Allreduce() 
  0.0            9           22           4           4       5711 L2NORM 
  0.0            4           17           2       39366       8714 SETBV 
  0.0           13           13      637.25           0         21 MPI_Irecv() 
  0.0            1            1           1           0       1571 ALLOC_SPACE 
  0.0            1            1       0.125           0      11375 VERIFY 
  0.0       0.0881        0.907           1       1.125        908 READ_INPUT 
  0.0       0.0104        0.819           1          10        819 BCAST_INPUTS 
  0.0        0.809        0.809          10           0         81 MPI_Bcast() 
  0.0        0.351        0.513           1         5.5        513 PINTGR 
  0.0       0.0216       0.0216           2           0         11 MPI_Barrier() 
  0.0      0.00275       0.0124           1        3.75         12 EXCHANGE_4 
  0.0      0.00137        0.005           1        2.25          5 EXCHANGE_5 
  0.0       0.0025      0.00263           1           1          3 PROC_GRID 
  0.0       0.0005       0.0015         0.5        0.75          3 EXCHANGE_6 
  0.0     0.000875     0.000875           1           0          1 MPI_Comm_rank() 
  0.0     0.000625     0.000625           1           0          1 SETCOEFF 
  0.0       0.0005       0.0005           1           0          0 MPI_Comm_size() 
  0.0       0.0005       0.0005           1           0          0 NEIGHBORS 
  0.0      0.00025      0.00025           1           0          0 SUBDOMAIN 
  0.0     0.000125     0.000125           1           0          0 ISQRT2 
  0.0     0.000125     0.000125       0.125           0          1 SET_CLASS 
