Reading Profile files in profile.*

FUNCTION SUMMARY (total):
---------------------------------------------------------------------------------------
%Time    Exclusive    Inclusive       #Call      #Subrs  Inclusive Name
              msec   total msec                          usec/call 
---------------------------------------------------------------------------------------
100.0         0.04       30,399           4           4    7599895 .TAU application
100.0            1       30,399           4         276    7599885 MG_MPI 
 73.4       22,327       22,327           4           0    5581809 MPI_Finalize() 
 15.0            1        4,567          84        3024      54379 MG3P 
 10.2        2,565        3,088         680         680       4543 RESID 
  5.1        1,556        1,556           4           0     389171 MPI_Init() 
  5.0        1,158        1,521         672         672       2265 PSINV 
  3.8            5        1,148        1948       35064        589 COMM3 
  2.7          597          828         588         588       1409 RPRJ3 
  2.2          676          682       11688       11688         58 READY 
  1.8          536          536         588         588        913 INTERP 
  1.1          160          334       11688       11688         29 GIVE3 
  1.0          149          294           8        2544      36830 ZRAN3 
  0.7          204          204         604           0        339 ZERO3 
  0.6          174          174       11688           0         15 MPI_Send() 
  0.4          117          126       11688       11688         11 TAKE3 
  0.3           88           96          16          32       6056 NORM2U3 
  0.1           43           43          24           0       1792 MPI_Barrier() 
  0.0           10           10         352           0         29 MPI_Allreduce() 
  0.0            9            9       11688           0          1 MPI_Wait() 
  0.0            6            6           4           0       1747 ALLOC_SPACE 
  0.0            5            5       11688           0          0 MPI_Irecv() 
  0.0            2            2          28           0         77 MPI_Bcast() 
  0.0        0.412        0.412        2168           0          0 BUBBLE 
  0.0        0.175        0.175         588           0          0 COMM3_EX 
  0.0        0.104        0.104           4           0         26 MPI_Reduce() 
  0.0        0.019        0.019           8           0          2 SETUP 
  0.0        0.014        0.014          24           0          1 POWER 
  0.0        0.003        0.003           4           0          1 MPI_Comm_size() 
  0.0        0.001        0.001           4           0          0 MPI_Comm_rank() 

FUNCTION SUMMARY (mean):
---------------------------------------------------------------------------------------
%Time    Exclusive    Inclusive       #Call      #Subrs  Inclusive Name
              msec   total msec                          usec/call 
---------------------------------------------------------------------------------------
100.0         0.01        7,599           1           1    7599895 .TAU application
100.0        0.428        7,599           1          69    7599885 MG_MPI 
 73.4        5,581        5,581           1           0    5581809 MPI_Finalize() 
 15.0        0.418        1,141          21         756      54379 MG3P 
 10.2          641          772         170         170       4543 RESID 
  5.1          389          389           1           0     389171 MPI_Init() 
  5.0          289          380         168         168       2265 PSINV 
  3.8            1          287         487        8766        589 COMM3 
  2.7          149          207         147         147       1409 RPRJ3 
  2.2          169          170        2922        2922         58 READY 
  1.8          134          134         147         147        913 INTERP 
  1.1           40           83        2922        2922         29 GIVE3 
  1.0           37           73           2         636      36830 ZRAN3 
  0.7           51           51         151           0        339 ZERO3 
  0.6           43           43        2922           0         15 MPI_Send() 
  0.4           29           31        2922        2922         11 TAKE3 
  0.3           22           24           4           8       6056 NORM2U3 
  0.1           10           10           6           0       1792 MPI_Barrier() 
  0.0            2            2          88           0         29 MPI_Allreduce() 
  0.0            2            2        2922           0          1 MPI_Wait() 
  0.0            1            1           1           0       1747 ALLOC_SPACE 
  0.0            1            1        2922           0          0 MPI_Irecv() 
  0.0        0.539        0.539           7           0         77 MPI_Bcast() 
  0.0        0.103        0.103         542           0          0 BUBBLE 
  0.0       0.0437       0.0437         147           0          0 COMM3_EX 
  0.0        0.026        0.026           1           0         26 MPI_Reduce() 
  0.0      0.00475      0.00475           2           0          2 SETUP 
  0.0       0.0035       0.0035           6           0          1 POWER 
  0.0      0.00075      0.00075           1           0          1 MPI_Comm_size() 
  0.0      0.00025      0.00025           1           0          0 MPI_Comm_rank() 
