Reading Profile files in profile.*

FUNCTION SUMMARY (total):
---------------------------------------------------------------------------------------
%Time    Exclusive    Inclusive       #Call      #Subrs  Inclusive Name
              msec   total msec                          usec/call 
---------------------------------------------------------------------------------------
100.0        0.327 11:21:04.132          64          64  638502065 .TAU application
100.0           81 11:21:04.131          64       33217  638502060 MPSP 
 99.1          396 11:14:42.071       32064      192384    1262540 ADI 
 27.3    10:04.024  3:06:00.292       32128      449792     347370 COPY_FACES 
 23.8  2:42:01.619  2:42:01.619       32128           0     302590 COMPUTE_RHS 
 23.7    39:50.446  2:41:36.531       32064 1.85971E+06     302412 Z_SOLVE 
 23.7    44:52.350  2:41:17.701       32064 1.85971E+06     301825 Y_SOLVE 
 20.4  1:05:36.324  2:19:13.197       32064 1.85971E+06     260516 X_SOLVE 
 19.4  2:12:18.520  2:12:18.520 1.37882E+06           0       5757 MPI_Waitall() 
 11.5  1:18:36.678  1:18:36.678      256512           0      18388 LHSZ 
  7.9    53:38.996    53:38.996      256512           0      12549 LHSY 
  5.9    39:53.987    39:53.987      256512           0       9333 LHSX 
  2.0    13:51.131    13:51.131       32064           0      25921 TXINVR 
  1.9    13:04.729    13:04.729       32064           0      24474 ADD 
  1.6    10:47.532    10:47.532      256512           0       2524 TZETAR 
  0.7     4:30.430     4:30.430      256512           0       1054 NINVR 
  0.6     4:20.948     4:20.948      256512           0       1017 PINVR 
  0.5     1:29.909     3:25.046         128 8.17005E+08    1601925 INITIALIZE 
  0.4     2:34.992     2:34.992 1.10053E+09           0          0 EXACT_SOLUTION 
  0.2       31,540     1:01.848          64 2.15605E+08     966379 EXACT_RHS 
  0.1       54,705       54,705 1.53946E+06           0         36 MPI_Irecv() 
  0.1            1       44,678          64         192     698108 VERIFY 
  0.1       41,159       41,159 1.53946E+06           0         27 MPI_Isend() 
  0.1            1       32,162          64         320     502540 SETUP_MPI 
  0.1       32,160       32,160          64           0     502508 MPI_Finalize() 
  0.1       32,098       32,098          64           0     501534 MPI_Init() 
  0.0        7,591       19,711          64 6.79174E+07     307985 ERROR_NORM 
  0.0        5,120        5,120         128           0      40001 MPI_Allreduce() 
  0.0          506        3,055          64          64      47747 RHS_NORM 
  0.0        2,993        2,993          64           0      46771 LHSINIT 
  0.0        2,479        2,479         128           0      19368 MPI_Barrier() 
  0.0          561          561          64           0       8773 ALLOC_SPACE 
  0.0           62           62         128           0        489 MPI_Comm_dup() 
  0.0           47           47         256           0        185 MPI_Bcast() 
  0.0        0.842        0.842          64           0         13 MPI_Reduce() 
  0.0        0.125        0.125          64           0          2 SET_CONSTANTS 
  0.0        0.104        0.104          64           0          2 MAKE_SET 
  0.0        0.059        0.059          64           0          1 COMPUTE_BUFFER_SIZE 
  0.0        0.025        0.025          64           0          0 MPI_Comm_size() 
  0.0        0.009        0.009          64           0          0 MPI_Comm_rank() 
  0.0            0            0           1           0          0 SET_CLASS 

FUNCTION SUMMARY (mean):
---------------------------------------------------------------------------------------
%Time    Exclusive    Inclusive       #Call      #Subrs  Inclusive Name
              msec   total msec                          usec/call 
---------------------------------------------------------------------------------------
100.0      0.00511    10:38.502           1           1  638502065 .TAU application
100.0            1    10:38.502           1     519.016  638502060 MPSP 
 99.1            6    10:32.532         501        3006    1262540 ADI 
 27.3        9,437     2:54.379         502        7028     347370 COPY_FACES 
 23.8     2:31.900     2:31.900         502           0     302590 COMPUTE_RHS 
 23.7       37,350     2:31.508         501       29058     302412 Z_SOLVE 
 23.7       42,067     2:31.214         501       29058     301825 Y_SOLVE 
 20.4     1:01.505     2:10.518         501       29058     260516 X_SOLVE 
 19.4     2:04.039     2:04.039       21544           0       5757 MPI_Waitall() 
 11.5     1:13.698     1:13.698        4008           0      18388 LHSZ 
  7.9       50,296       50,296        4008           0      12549 LHSY 
  5.9       37,406       37,406        4008           0       9333 LHSX 
  2.0       12,986       12,986         501           0      25921 TXINVR 
  1.9       12,261       12,261         501           0      24474 ADD 
  1.6       10,117       10,117        4008           0       2524 TZETAR 
  0.7        4,225        4,225        4008           0       1054 NINVR 
  0.6        4,077        4,077        4008           0       1017 PINVR 
  0.5        1,404        3,203           2 1.27657E+07    1601925 INITIALIZE 
  0.4        2,421        2,421 1.71958E+07           0          0 EXACT_SOLUTION 
  0.2          492          966           1 3.36884E+06     966379 EXACT_RHS 
  0.1          854          854       24054           0         36 MPI_Irecv() 
  0.1       0.0266          698           1           3     698108 VERIFY 
  0.1          643          643       24054           0         27 MPI_Isend() 
  0.1       0.0275          502           1           5     502540 SETUP_MPI 
  0.1          502          502           1           0     502508 MPI_Finalize() 
  0.1          501          501           1           0     501534 MPI_Init() 
  0.0          118          307           1 1.06121E+06     307985 ERROR_NORM 
  0.0           80           80           2           0      40001 MPI_Allreduce() 
  0.0            7           47           1           1      47747 RHS_NORM 
  0.0           46           46           1           0      46771 LHSINIT 
  0.0           38           38           2           0      19368 MPI_Barrier() 
  0.0            8            8           1           0       8773 ALLOC_SPACE 
  0.0        0.978        0.978           2           0        489 MPI_Comm_dup() 
  0.0        0.741        0.741           4           0        185 MPI_Bcast() 
  0.0       0.0132       0.0132           1           0         13 MPI_Reduce() 
  0.0      0.00195      0.00195           1           0          2 SET_CONSTANTS 
  0.0      0.00162      0.00162           1           0          2 MAKE_SET 
  0.0     0.000922     0.000922           1           0          1 COMPUTE_BUFFER_SIZE 
  0.0     0.000391     0.000391           1           0          0 MPI_Comm_size() 
  0.0     0.000141     0.000141           1           0          0 MPI_Comm_rank() 
  0.0            0            0    0.015625           0          0 SET_CLASS 
