Reading Profile files in profile.*

FUNCTION SUMMARY (total):
---------------------------------------------------------------------------------------
%Time    Exclusive    Inclusive       #Call      #Subrs  Inclusive Name
              msec   total msec                          usec/call 
---------------------------------------------------------------------------------------
100.0        0.416     7:13.274          81          81    5349074 .TAU application
100.0           37     7:13.274          81       33940    5349069 MPSP 
 78.2          132     5:38.844       32481      194886      10432 ADI 
 21.7       17,544     1:33.989       32562      455868       2886 COPY_FACES 
 20.5     1:28.697     1:28.697 1.59165E+06           0         56 MPI_Waitall() 
 17.8       25,496     1:17.187       32481 2.14375E+06       2376 X_SOLVE 
 17.7       22,114     1:16.604       32481 2.14375E+06       2358 Y_SOLVE 
 17.3       23,786     1:15.136       32481 2.14375E+06       2313 Z_SOLVE 
 13.2       57,234       57,234       32562           0       1758 COMPUTE_RHS 
 10.0       43,415       43,415          81           0     535996 MPI_Finalize() 
  9.8            2       42,593          81         405     525851 SETUP_MPI 
  9.8       42,502       42,502          81           0     524728 MPI_Init() 
  5.7       24,840       24,840      292329           0         85 LHSX 
  5.6       24,293       24,293      292329           0         83 LHSZ 
  4.3       18,747       18,747      292329           0         64 LHSY 
  2.3        9,843        9,843       32481           0        303 ADD 
  1.8        8,013        8,013 1.75446E+06           0          5 MPI_Isend() 
  1.7        7,446        7,446      292329           0         25 TZETAR 
  1.4        6,173        6,173       32481           0        190 TXINVR 
  1.0        2,001        4,289         162 1.28593E+07      26479 INITIALIZE 
  0.7        3,206        3,206 1.79406E+07           0          0 EXACT_SOLUTION 
  0.6        2,416        2,416 1.75446E+06           0          1 MPI_Irecv() 
  0.4          872        1,637          81    4.02E+06      20215 EXACT_RHS 
  0.3        1,187        1,187         162           0       7331 MPI_Barrier() 
  0.3        1,161        1,161      292329           0          4 PINVR 
  0.3        1,123        1,123      292329           0          4 NINVR 
  0.2        0.957        1,081          81         243      13352 VERIFY 
  0.1          120          598          81 1.06129E+06       7385 ERROR_NORM 
  0.1          578          578         162           0       3572 MPI_Allreduce() 
  0.1            4          260          81          81       3212 RHS_NORM 
  0.0           88           88         162           0        548 MPI_Comm_dup() 
  0.0           65           65          81           0        804 LHSINIT 
  0.0           60           60         324           0        186 MPI_Bcast() 
  0.0           59           59          81           0        733 ALLOC_SPACE 
  0.0            1            1          81           0         18 MPI_Reduce() 
  0.0         0.15         0.15          81           0          2 SET_CONSTANTS 
  0.0        0.104        0.104          81           0          1 MAKE_SET 
  0.0         0.04         0.04          81           0          0 MPI_Comm_size() 
  0.0        0.036        0.036          81           0          0 COMPUTE_BUFFER_SIZE 
  0.0        0.021        0.021          81           0          0 MPI_Comm_rank() 
  0.0            0            0           1           0          0 SET_CLASS 

FUNCTION SUMMARY (mean):
---------------------------------------------------------------------------------------
%Time    Exclusive    Inclusive       #Call      #Subrs  Inclusive Name
              msec   total msec                          usec/call 
---------------------------------------------------------------------------------------
100.0      0.00514        5,349           1           1    5349074 .TAU application
100.0        0.467        5,349           1     419.012    5349069 MPSP 
 78.2            1        4,183         401        2406      10432 ADI 
 21.7          216        1,160         402        5628       2886 COPY_FACES 
 20.5        1,095        1,095       19650           0         56 MPI_Waitall() 
 17.8          314          952         401       26466       2376 X_SOLVE 
 17.7          273          945         401       26466       2358 Y_SOLVE 
 17.3          293          927         401       26466       2313 Z_SOLVE 
 13.2          706          706         402           0       1758 COMPUTE_RHS 
 10.0          535          535           1           0     535996 MPI_Finalize() 
  9.8       0.0274          525           1           5     525851 SETUP_MPI 
  9.8          524          524           1           0     524728 MPI_Init() 
  5.7          306          306        3609           0         85 LHSX 
  5.6          299          299        3609           0         83 LHSZ 
  4.3          231          231        3609           0         64 LHSY 
  2.3          121          121         401           0        303 ADD 
  1.8           98           98       21660           0          5 MPI_Isend() 
  1.7           91           91        3609           0         25 TZETAR 
  1.4           76           76         401           0        190 TXINVR 
  1.0           24           52           2      158757      26479 INITIALIZE 
  0.7           39           39      221488           0          0 EXACT_SOLUTION 
  0.6           29           29       21660           0          1 MPI_Irecv() 
  0.4           10           20           1     49629.6      20215 EXACT_RHS 
  0.3           14           14           2           0       7331 MPI_Barrier() 
  0.3           14           14        3609           0          4 PINVR 
  0.3           13           13        3609           0          4 NINVR 
  0.2       0.0118           13           1           3      13352 VERIFY 
  0.1            1            7           1     13102.3       7385 ERROR_NORM 
  0.1            7            7           2           0       3572 MPI_Allreduce() 
  0.1       0.0595            3           1           1       3212 RHS_NORM 
  0.0            1            1           2           0        548 MPI_Comm_dup() 
  0.0        0.804        0.804           1           0        804 LHSINIT 
  0.0        0.746        0.746           4           0        186 MPI_Bcast() 
  0.0        0.733        0.733           1           0        733 ALLOC_SPACE 
  0.0       0.0176       0.0176           1           0         18 MPI_Reduce() 
  0.0      0.00185      0.00185           1           0          2 SET_CONSTANTS 
  0.0      0.00128      0.00128           1           0          1 MAKE_SET 
  0.0     0.000494     0.000494           1           0          0 MPI_Comm_size() 
  0.0     0.000444     0.000444           1           0          0 COMPUTE_BUFFER_SIZE 
  0.0     0.000259     0.000259           1           0          0 MPI_Comm_rank() 
  0.0            0            0   0.0123457           0          0 SET_CLASS 
