Reading Profile files in profile.*

FUNCTION SUMMARY (total):
---------------------------------------------------------------------------------------
%Time    Exclusive    Inclusive       #Call      #Subrs  Inclusive Name
              msec   total msec                          usec/call 
---------------------------------------------------------------------------------------
100.0        0.409     2:39.755          81          81    1972289 .TAU application
100.0           25     2:39.755          81       33940    1972284 MPSP 
 45.5           64     1:12.651       32481      194886       2237 ADI 
 27.4       43,816       43,816          81           0     540943 MPI_Finalize() 
 25.7            2       41,112          81         405     507556 SETUP_MPI 
 25.7       41,015       41,015          81           0     506361 MPI_Init() 
 17.2        5,940       27,447       32562      455868        843 COPY_FACES 
 11.7       18,766       18,766 1.59165E+06           0         12 MPI_Waitall() 
  9.9        5,183       15,826       32481 2.14375E+06        487 X_SOLVE 
  9.2        4,961       14,636       32481 2.14375E+06        451 Y_SOLVE 
  8.9       14,255       14,255       32562           0        438 COMPUTE_RHS 
  7.7        4,812       12,302       32481 2.14375E+06        379 Z_SOLVE 
  2.8        4,529        4,529      292329           0         15 LHSX 
  2.3        3,753        3,753 1.75446E+06           0          2 MPI_Isend() 
  1.7        2,747        2,747      292329           0          9 LHSZ 
  1.6        2,533        2,533      292329           0          9 LHSY 
  1.0        1,540        1,540       32481           0         47 ADD 
  0.7          547        1,141         162 3.19488E+06       7047 INITIALIZE 
  0.6        1,029        1,029      292329           0          4 TZETAR 
  0.6          904          904 1.75446E+06           0          1 MPI_Irecv() 
  0.6          899          899       32481           0         28 TXINVR 
  0.5          837          837  4.5641E+06           0          0 EXACT_SOLUTION 
  0.3          239          445          81 1.10707E+06       5504 EXACT_RHS 
  0.3          403          403      292329           0          1 PINVR 
  0.2          390          390      292329           0          1 NINVR 
  0.2          248          248         162           0       1533 MPI_Barrier() 
  0.1        0.609          202          81         243       2494 VERIFY 
  0.1           30           95          81      262225       1181 ERROR_NORM 
  0.1           94           94         162           0        584 MPI_Comm_dup() 
  0.0           69           69         324           0        214 MPI_Bcast() 
  0.0           66           66         162           0        408 MPI_Allreduce() 
  0.0        0.819           38          81          81        472 RHS_NORM 
  0.0           36           36          81           0        450 LHSINIT 
  0.0            5            5          81           0         65 ALLOC_SPACE 
  0.0        0.966        0.966          81           0         12 MPI_Reduce() 
  0.0        0.156        0.156          81           0          2 SET_CONSTANTS 
  0.0        0.067        0.067          81           0          1 MAKE_SET 
  0.0        0.038        0.038          81           0          0 COMPUTE_BUFFER_SIZE 
  0.0        0.035        0.035          81           0          0 MPI_Comm_size() 
  0.0        0.017        0.017          81           0          0 MPI_Comm_rank() 
  0.0            0            0           1           0          0 SET_CLASS 

FUNCTION SUMMARY (mean):
---------------------------------------------------------------------------------------
%Time    Exclusive    Inclusive       #Call      #Subrs  Inclusive Name
              msec   total msec                          usec/call 
---------------------------------------------------------------------------------------
100.0      0.00505        1,972           1           1    1972289 .TAU application
100.0         0.31        1,972           1     419.012    1972284 MPSP 
 45.5        0.802          896         401        2406       2237 ADI 
 27.4          540          540           1           0     540943 MPI_Finalize() 
 25.7       0.0261          507           1           5     507556 SETUP_MPI 
 25.7          506          506           1           0     506361 MPI_Init() 
 17.2           73          338         402        5628        843 COPY_FACES 
 11.7          231          231       19650           0         12 MPI_Waitall() 
  9.9           63          195         401       26466        487 X_SOLVE 
  9.2           61          180         401       26466        451 Y_SOLVE 
  8.9          175          175         402           0        438 COMPUTE_RHS 
  7.7           59          151         401       26466        379 Z_SOLVE 
  2.8           55           55        3609           0         15 LHSX 
  2.3           46           46       21660           0          2 MPI_Isend() 
  1.7           33           33        3609           0          9 LHSZ 
  1.6           31           31        3609           0          9 LHSY 
  1.0           19           19         401           0         47 ADD 
  0.7            6           14           2       39443       7047 INITIALIZE 
  0.6           12           12        3609           0          4 TZETAR 
  0.6           11           11       21660           0          1 MPI_Irecv() 
  0.6           11           11         401           0         28 TXINVR 
  0.5           10           10     56346.9           0          0 EXACT_SOLUTION 
  0.3            2            5           1     13667.6       5504 EXACT_RHS 
  0.3            4            4        3609           0          1 PINVR 
  0.2            4            4        3609           0          1 NINVR 
  0.2            3            3           2           0       1533 MPI_Barrier() 
  0.1      0.00752            2           1           3       2494 VERIFY 
  0.1        0.373            1           1     3237.35       1181 ERROR_NORM 
  0.1            1            1           2           0        584 MPI_Comm_dup() 
  0.0        0.854        0.854           4           0        214 MPI_Bcast() 
  0.0        0.817        0.817           2           0        408 MPI_Allreduce() 
  0.0       0.0101        0.472           1           1        472 RHS_NORM 
  0.0         0.45         0.45           1           0        450 LHSINIT 
  0.0       0.0651       0.0651           1           0         65 ALLOC_SPACE 
  0.0       0.0119       0.0119           1           0         12 MPI_Reduce() 
  0.0      0.00193      0.00193           1           0          2 SET_CONSTANTS 
  0.0     0.000827     0.000827           1           0          1 MAKE_SET 
  0.0     0.000469     0.000469           1           0          0 COMPUTE_BUFFER_SIZE 
  0.0     0.000432     0.000432           1           0          0 MPI_Comm_size() 
  0.0      0.00021      0.00021           1           0          0 MPI_Comm_rank() 
  0.0            0            0   0.0123457           0          0 SET_CLASS 
