Reading Profile files in profile.*

FUNCTION SUMMARY (total):
---------------------------------------------------------------------------------------
%Time    Exclusive    Inclusive       #Call      #Subrs  Inclusive Name
              msec   total msec                          usec/call 
---------------------------------------------------------------------------------------
100.0            2     9:03.593         256         256    2123411 .TAU application
100.0           36     9:03.591         256       17664    2123403 MG_MPI 
 43.4     3:56.035     3:56.035         256           0     922015 MPI_Init() 
 29.6     2:40.687     2:40.687         256           0     627686 MPI_Finalize() 
 19.4           86     1:45.677        5376      220416      19657 MG3P 
 16.4          334     1:29.380      140800  2.1517E+06        635 COMM3 
 11.9       22,871     1:04.586       48896       48896       1321 RESID 
  7.5       40,611       40,611      731232           0         56 MPI_Wait() 
  7.2        1,974       39,221      709728      709728         55 TAKE3 
  7.2        2,189       39,097      709728      709728         55 GIVE3 
  6.8       36,928       36,928      731232           0         51 MPI_Send() 
  6.0        9,946       32,726       48384       48384        676 PSINV 
  5.2        4,328       28,359       43008       43008        659 RPRJ3 
  2.0       10,558       10,993      731232      731232         15 READY 
  1.5        4,251        7,947       43008       43008        185 INTERP 
  1.0        5,365        5,365        1536           0       3493 MPI_Barrier() 
  0.9        1,061        4,730         512      144852       9240 ZRAN3 
  0.7           20        3,695       43008       64512         86 COMM3_EX 
  0.6            9        3,373       21504       21504        157 TAKE3_EX 
  0.6          751        3,073        1024        2048       3001 NORM2U3 
  0.5        2,720        2,720       22528           0        121 MPI_Allreduce() 
  0.3        1,730        1,730       66544           0         26 ZERO3 
  0.1          435          435      731232           0          1 MPI_Irecv() 
  0.1          331          331        1792           0        185 MPI_Bcast() 
  0.1          286          286         256           0       1120 ALLOC_SPACE 
  0.0            9           30       21504       21504          1 GIVE3_EX 
  0.0           21           21      120788           0          0 BUBBLE 
  0.0            3            3         256           0         12 MPI_Reduce() 
  0.0            1            1         512           0          3 SETUP 
  0.0        0.692        0.692        1536           0          0 POWER 
  0.0        0.116        0.116         256           0          0 MPI_Comm_size() 
  0.0        0.049        0.049         256           0          0 MPI_Comm_rank() 

FUNCTION SUMMARY (mean):
---------------------------------------------------------------------------------------
%Time    Exclusive    Inclusive       #Call      #Subrs  Inclusive Name
              msec   total msec                          usec/call 
---------------------------------------------------------------------------------------
100.0      0.00783        2,123           1           1    2123411 .TAU application
100.0        0.144        2,123           1          69    2123403 MG_MPI 
 43.4          922          922           1           0     922015 MPI_Init() 
 29.6          627          627           1           0     627686 MPI_Finalize() 
 19.4        0.337          412          21         861      19657 MG3P 
 16.4            1          349         550     8405.06        635 COMM3 
 11.9           89          252         191         191       1321 RESID 
  7.5          158          158     2856.38           0         56 MPI_Wait() 
  7.2            7          153     2772.38     2772.38         55 TAKE3 
  7.2            8          152     2772.38     2772.38         55 GIVE3 
  6.8          144          144     2856.38           0         51 MPI_Send() 
  6.0           38          127         189         189        676 PSINV 
  5.2           16          110         168         168        659 RPRJ3 
  2.0           41           42     2856.38     2856.38         15 READY 
  1.5           16           31         168         168        185 INTERP 
  1.0           20           20           6           0       3493 MPI_Barrier() 
  0.9            4           18           2     565.828       9240 ZRAN3 
  0.7       0.0803           14         168         252         86 COMM3_EX 
  0.6        0.036           13          84          84        157 TAKE3_EX 
  0.6            2           12           4           8       3001 NORM2U3 
  0.5           10           10          88           0        121 MPI_Allreduce() 
  0.3            6            6     259.938           0         26 ZERO3 
  0.1            1            1     2856.38           0          1 MPI_Irecv() 
  0.1            1            1           7           0        185 MPI_Bcast() 
  0.1            1            1           1           0       1120 ALLOC_SPACE 
  0.0       0.0362        0.118          84          84          1 GIVE3_EX 
  0.0       0.0835       0.0835     471.828           0          0 BUBBLE 
  0.0       0.0124       0.0124           1           0         12 MPI_Reduce() 
  0.0      0.00526      0.00526           2           0          3 SETUP 
  0.0       0.0027       0.0027           6           0          0 POWER 
  0.0     0.000453     0.000453           1           0          0 MPI_Comm_size() 
  0.0     0.000191     0.000191           1           0          0 MPI_Comm_rank() 
