Reading Profile files in profile.*

FUNCTION SUMMARY (total):
---------------------------------------------------------------------------------------
%Time    Exclusive    Inclusive       #Call      #Subrs  Inclusive Name
              msec   total msec                          usec/call 
---------------------------------------------------------------------------------------
100.0        0.034     1:21.725           4           4   20431291 .TAU application
100.0            1     1:21.725           4         276   20431282 MG_MPI 
 50.5            3       41,291          84        3444     491560 MG3P 
 35.5       25,223       28,974         764         764      37925 RESID 
 27.2       22,256       22,256           4           0    5564120 MPI_Finalize() 
 17.3       11,333       14,134         756         756      18697 PSINV 
 10.5            8        8,545        2200       39600       3884 COMM3 
  8.2        4,839        6,737         672         672      10027 RPRJ3 
  6.2        5,047        5,059       13200       13200        383 READY 
  5.7        4,624        4,624         672         672       6882 INTERP 
  2.9          837        2,373       13200       13200        180 GIVE3 
  2.1        1,042        1,684           8        2906     210574 ZRAN3 
  1.9        1,565        1,565         688           0       2275 ZERO3 
  1.9        1,535        1,535       13200           0        116 MPI_Send() 
  1.9        1,513        1,513           4           0     378336 MPI_Init() 
  1.4          651        1,103       13200       13200         84 TAKE3 
  0.8          673          685          16          32      42817 NORM2U3 
  0.6          451          451       13200           0         34 MPI_Wait() 
  0.1           80           80          24           0       3344 MPI_Barrier() 
  0.0           12           12         352           0         37 MPI_Allreduce() 
  0.0           12           12       13200           0          1 MPI_Irecv() 
  0.0            6            6           4           0       1740 ALLOC_SPACE 
  0.0            2            2          28           0         76 MPI_Bcast() 
  0.0         0.42         0.42        2530           0          0 BUBBLE 
  0.0        0.291        0.291         672           0          0 COMM3_EX 
  0.0        0.097        0.097           4           0         24 MPI_Reduce() 
  0.0         0.02         0.02           8           0          2 SETUP 
  0.0        0.009        0.009          24           0          0 POWER 
  0.0        0.002        0.002           4           0          0 MPI_Comm_rank() 
  0.0        0.001        0.001           4           0          0 MPI_Comm_size() 

FUNCTION SUMMARY (mean):
---------------------------------------------------------------------------------------
%Time    Exclusive    Inclusive       #Call      #Subrs  Inclusive Name
              msec   total msec                          usec/call 
---------------------------------------------------------------------------------------
100.0       0.0085       20,431           1           1   20431291 .TAU application
100.0        0.454       20,431           1          69   20431282 MG_MPI 
 50.5        0.896       10,322          21         861     491560 MG3P 
 35.5        6,305        7,243         191         191      37925 RESID 
 27.2        5,564        5,564           1           0    5564120 MPI_Finalize() 
 17.3        2,833        3,533         189         189      18697 PSINV 
 10.5            2        2,136         550        9900       3884 COMM3 
  8.2        1,209        1,684         168         168      10027 RPRJ3 
  6.2        1,261        1,264        3300        3300        383 READY 
  5.7        1,156        1,156         168         168       6882 INTERP 
  2.9          209          593        3300        3300        180 GIVE3 
  2.1          260          421           2       726.5     210574 ZRAN3 
  1.9          391          391         172           0       2275 ZERO3 
  1.9          383          383        3300           0        116 MPI_Send() 
  1.9          378          378           1           0     378336 MPI_Init() 
  1.4          162          275        3300        3300         84 TAKE3 
  0.8          168          171           4           8      42817 NORM2U3 
  0.6          112          112        3300           0         34 MPI_Wait() 
  0.1           20           20           6           0       3344 MPI_Barrier() 
  0.0            3            3          88           0         37 MPI_Allreduce() 
  0.0            3            3        3300           0          1 MPI_Irecv() 
  0.0            1            1           1           0       1740 ALLOC_SPACE 
  0.0        0.534        0.534           7           0         76 MPI_Bcast() 
  0.0        0.105        0.105       632.5           0          0 BUBBLE 
  0.0       0.0727       0.0727         168           0          0 COMM3_EX 
  0.0       0.0243       0.0243           1           0         24 MPI_Reduce() 
  0.0        0.005        0.005           2           0          2 SETUP 
  0.0      0.00225      0.00225           6           0          0 POWER 
  0.0       0.0005       0.0005           1           0          0 MPI_Comm_rank() 
  0.0      0.00025      0.00025           1           0          0 MPI_Comm_size() 
