Reading Profile files in profile.*

FUNCTION SUMMARY (total):
---------------------------------------------------------------------------------------
%Time    Exclusive    Inclusive       #Call      #Subrs  Inclusive Name
              msec   total msec                          usec/call 
---------------------------------------------------------------------------------------
100.0        0.238     2:05.034          49          49    2551722 .TAU application
100.0           18     2:05.034          49       20532    2551717 MPSP 
 59.3           46     1:14.153       19649      117894       3774 ADI 
 19.6       24,486       24,486          49           0     499716 MPI_Finalize() 
 19.5            1       24,402          49         245     498019 SETUP_MPI 
 19.5       24,365       24,365          49           0     497249 MPI_Init() 
 18.9        4,306       23,676       19698      275772       1202 COPY_FACES 
 18.7       23,432       23,432      727062           0         32 MPI_Waitall() 
 15.7        4,373       19,617       19649      982450        998 Y_SOLVE 
 12.4        5,035       15,453       19649      982450        787 X_SOLVE 
 10.2        4,387       12,750       19649      982450        649 Z_SOLVE 
 10.2       12,727       12,727       19698           0        646 COMPUTE_RHS 
  4.8        6,015        6,015      137543           0         44 LHSX 
  2.6        3,241        3,241      137543           0         24 LHSZ 
  2.5        3,107        3,107      137543           0         23 LHSY 
  1.9        2,430        2,430      825552           0          3 MPI_Isend() 
  1.5        1,903        1,903       19649           0         97 ADD 
  0.9        1,161        1,161      137543           0          8 TZETAR 
  0.9          520        1,103          98 3.19488E+06      11259 INITIALIZE 
  0.6          804          804 4.47184E+06           0          0 EXACT_SOLUTION 
  0.6          766          766       19649           0         39 TXINVR 
  0.5          641          641      825552           0          1 MPI_Irecv() 
  0.3          211          396          49 1.01482E+06       8099 EXACT_RHS 
  0.3          322          322      137543           0          2 PINVR 
  0.3          314          314      137543           0          2 NINVR 
  0.2          243          243          98           0       2490 MPI_Barrier() 
  0.1        0.433          161          49         147       3287 VERIFY 
  0.1           30           89          49      262193       1827 ERROR_NORM 
  0.0           36           36          98           0        371 MPI_Comm_dup() 
  0.0           32           32         196           0        168 MPI_Bcast() 
  0.0           32           32          98           0        328 MPI_Allreduce() 
  0.0           30           30          49           0        627 LHSINIT 
  0.0        0.699           10          49          49        209 RHS_NORM 
  0.0            3            3          49           0         65 ALLOC_SPACE 
  0.0         0.79         0.79          49           0         16 MPI_Reduce() 
  0.0         0.08         0.08          49           0          2 SET_CONSTANTS 
  0.0        0.034        0.034          49           0          1 MAKE_SET 
  0.0        0.027        0.027          49           0          1 COMPUTE_BUFFER_SIZE 
  0.0        0.017        0.017          49           0          0 MPI_Comm_size() 
  0.0        0.011        0.011          49           0          0 MPI_Comm_rank() 
  0.0            0            0           1           0          0 SET_CLASS 

FUNCTION SUMMARY (mean):
---------------------------------------------------------------------------------------
%Time    Exclusive    Inclusive       #Call      #Subrs  Inclusive Name
              msec   total msec                          usec/call 
---------------------------------------------------------------------------------------
100.0      0.00486        2,551           1           1    2551722 .TAU application
100.0        0.369        2,551           1      419.02    2551717 MPSP 
 59.3        0.945        1,513         401        2406       3774 ADI 
 19.6          499          499           1           0     499716 MPI_Finalize() 
 19.5       0.0267          498           1           5     498019 SETUP_MPI 
 19.5          497          497           1           0     497249 MPI_Init() 
 18.9           87          483         402        5628       1202 COPY_FACES 
 18.7          478          478       14838           0         32 MPI_Waitall() 
 15.7           89          400         401       20050        998 Y_SOLVE 
 12.4          102          315         401       20050        787 X_SOLVE 
 10.2           89          260         401       20050        649 Z_SOLVE 
 10.2          259          259         402           0        646 COMPUTE_RHS 
  4.8          122          122        2807           0         44 LHSX 
  2.6           66           66        2807           0         24 LHSZ 
  2.5           63           63        2807           0         23 LHSY 
  1.9           49           49       16848           0          3 MPI_Isend() 
  1.5           38           38         401           0         97 ADD 
  0.9           23           23        2807           0          8 TZETAR 
  0.9           10           22           2     65201.6      11259 INITIALIZE 
  0.6           16           16       91262           0          0 EXACT_SOLUTION 
  0.6           15           15         401           0         39 TXINVR 
  0.5           13           13       16848           0          1 MPI_Irecv() 
  0.3            4            8           1     20710.5       8099 EXACT_RHS 
  0.3            6            6        2807           0          2 PINVR 
  0.3            6            6        2807           0          2 NINVR 
  0.2            4            4           2           0       2490 MPI_Barrier() 
  0.1      0.00884            3           1           3       3287 VERIFY 
  0.1        0.617            1           1     5350.88       1827 ERROR_NORM 
  0.0        0.743        0.743           2           0        371 MPI_Comm_dup() 
  0.0        0.673        0.673           4           0        168 MPI_Bcast() 
  0.0        0.655        0.655           2           0        328 MPI_Allreduce() 
  0.0        0.627        0.627           1           0        627 LHSINIT 
  0.0       0.0143        0.209           1           1        209 RHS_NORM 
  0.0       0.0654       0.0654           1           0         65 ALLOC_SPACE 
  0.0       0.0161       0.0161           1           0         16 MPI_Reduce() 
  0.0      0.00163      0.00163           1           0          2 SET_CONSTANTS 
  0.0     0.000694     0.000694           1           0          1 MAKE_SET 
  0.0     0.000551     0.000551           1           0          1 COMPUTE_BUFFER_SIZE 
  0.0     0.000347     0.000347           1           0          0 MPI_Comm_size() 
  0.0     0.000224     0.000224           1           0          0 MPI_Comm_rank() 
  0.0            0            0   0.0204082           0          0 SET_CLASS 
