Reading Profile files in profile.*

FUNCTION SUMMARY (total):
---------------------------------------------------------------------------------------
%Time    Exclusive    Inclusive       #Call      #Subrs  Inclusive Name
              msec   total msec                          usec/call 
---------------------------------------------------------------------------------------
100.0            1    10:02.985         225         225    2679935 .TAU application
100.0           87    10:02.984         225       94276    2679930 MPSP 
 59.9          211     6:01.024       90225      541350       4001 ADI 
 19.9       26,397     2:00.133       90450  1.2663E+06       1328 COPY_FACES 
 19.6     1:58.322     1:58.322 7.66935E+06           0         15 MPI_Waitall() 
 19.5     1:57.583     1:57.583         225           0     522591 MPI_Finalize() 
 19.2            5     1:55.600         225        1125     513780 SETUP_MPI 
 19.1     1:55.255     1:55.255         225           0     512245 MPI_Init() 
 13.8       20,212     1:23.282       90225 1.02856E+07        923 X_SOLVE 
 13.8       20,197     1:22.915       90225 1.02856E+07        919 Y_SOLVE 
 10.4       20,120     1:02.464       90225 1.02856E+07        692 Z_SOLVE 
  9.4       56,750       56,750       90450           0        627 COMPUTE_RHS 
  5.0       30,366       30,366 1.35338E+06           0         22 LHSX 
  2.7       16,556       16,556  8.1216E+06           0          2 MPI_Isend() 
  2.3       14,035       14,035 1.35338E+06           0         10 LHSZ 
  2.3       13,656       13,656 1.35338E+06           0         10 LHSY 
  1.4        8,636        8,636       90225           0         96 ADD 
  0.8        4,629        4,629 1.35338E+06           0          3 TZETAR 
  0.7        2,109        4,455         450 1.28593E+07       9902 INITIALIZE 
  0.7        4,138        4,138  8.1216E+06           0          1 MPI_Irecv() 
  0.6        3,679        3,679       90225           0         41 TXINVR 
  0.6        3,367        3,367 1.86606E+07           0          0 EXACT_SOLUTION 
  0.3          988        1,858         225    4.74E+06       8260 EXACT_RHS 
  0.3        1,723        1,723 1.35338E+06           0          1 PINVR 
  0.3        1,690        1,690 1.35338E+06           0          1 NINVR 
  0.2        1,123        1,123         450           0       2496 MPI_Barrier() 
  0.2            1          931         225         675       4139 VERIFY 
  0.1          124          411         225 1.06143E+06       1829 ERROR_NORM 
  0.1          352          352         450           0        782 MPI_Allreduce() 
  0.1          340          340         450           0        756 MPI_Comm_dup() 
  0.0            3          218         225         225        971 RHS_NORM 
  0.0          204          204         900           0        227 MPI_Bcast() 
  0.0           94           94         225           0        419 LHSINIT 
  0.0           14           14         225           0         66 ALLOC_SPACE 
  0.0            4            4         225           0         22 MPI_Reduce() 
  0.0        0.418        0.418         225           0          2 SET_CONSTANTS 
  0.0        0.229        0.229         225           0          1 MAKE_SET 
  0.0        0.115        0.115         225           0          1 COMPUTE_BUFFER_SIZE 
  0.0        0.081        0.081         225           0          0 MPI_Comm_size() 
  0.0        0.049        0.049         225           0          0 MPI_Comm_rank() 
  0.0        0.001        0.001           1           0          1 SET_CLASS 

FUNCTION SUMMARY (mean):
---------------------------------------------------------------------------------------
%Time    Exclusive    Inclusive       #Call      #Subrs  Inclusive Name
              msec   total msec                          usec/call 
---------------------------------------------------------------------------------------
100.0      0.00492        2,679           1           1    2679935 .TAU application
100.0        0.387        2,679           1     419.004    2679930 MPSP 
 59.9        0.941        1,604         401        2406       4001 ADI 
 19.9          117          533         402        5628       1328 COPY_FACES 
 19.6          525          525       34086           0         15 MPI_Waitall() 
 19.5          522          522           1           0     522591 MPI_Finalize() 
 19.2       0.0236          513           1           5     513780 SETUP_MPI 
 19.1          512          512           1           0     512245 MPI_Init() 
 13.8           89          370         401       45714        923 X_SOLVE 
 13.8           89          368         401       45714        919 Y_SOLVE 
 10.4           89          277         401       45714        692 Z_SOLVE 
  9.4          252          252         402           0        627 COMPUTE_RHS 
  5.0          134          134        6015           0         22 LHSX 
  2.7           73           73       36096           0          2 MPI_Isend() 
  2.3           62           62        6015           0         10 LHSZ 
  2.3           60           60        6015           0         10 LHSY 
  1.4           38           38         401           0         96 ADD 
  0.8           20           20        6015           0          3 TZETAR 
  0.7            9           19           2     57152.6       9902 INITIALIZE 
  0.7           18           18       36096           0          1 MPI_Irecv() 
  0.6           16           16         401           0         41 TXINVR 
  0.6           14           14     82935.8           0          0 EXACT_SOLUTION 
  0.3            4            8           1     21066.7       8260 EXACT_RHS 
  0.3            7            7        6015           0          1 PINVR 
  0.3            7            7        6015           0          1 NINVR 
  0.2            4            4           2           0       2496 MPI_Barrier() 
  0.2      0.00719            4           1           3       4139 VERIFY 
  0.1        0.552            1           1     4717.48       1829 ERROR_NORM 
  0.1            1            1           2           0        782 MPI_Allreduce() 
  0.1            1            1           2           0        756 MPI_Comm_dup() 
  0.0       0.0144        0.971           1           1        971 RHS_NORM 
  0.0        0.908        0.908           4           0        227 MPI_Bcast() 
  0.0        0.419        0.419           1           0        419 LHSINIT 
  0.0       0.0664       0.0664           1           0         66 ALLOC_SPACE 
  0.0       0.0221       0.0221           1           0         22 MPI_Reduce() 
  0.0      0.00186      0.00186           1           0          2 SET_CONSTANTS 
  0.0      0.00102      0.00102           1           0          1 MAKE_SET 
  0.0     0.000511     0.000511           1           0          1 COMPUTE_BUFFER_SIZE 
  0.0      0.00036      0.00036           1           0          0 MPI_Comm_size() 
  0.0     0.000218     0.000218           1           0          0 MPI_Comm_rank() 
  0.0     4.44E-06     4.44E-06  0.00444444           0          1 SET_CLASS 
