Reading Profile files in profile.*

FUNCTION SUMMARY (total):
---------------------------------------------------------------------------------------
%Time    Exclusive    Inclusive       #Call      #Subrs  Inclusive Name
              msec   total msec                          usec/call 
---------------------------------------------------------------------------------------
100.0        0.969     4:24.180         128         128    2063913 .TAU application
100.0           13     4:24.179         128        4736    2063905 MG_MPI 
 71.2     3:08.164     3:08.164         128           0    1470032 MPI_Finalize() 
 26.5     1:10.017     1:10.017         128           0     547010 MPI_Init() 
  0.9           10        2,413         640       23040       3772 MG3P 
  0.7           42        1,871       15232      237456        123 COMM3 
  0.7        1,799        1,799         768           0       2343 MPI_Barrier() 
  0.6          774        1,696        5376        5376        316 RESID 
  0.3          112          882       78432       78432         11 GIVE3 
  0.3          336          854        5120        5120        167 PSINV 
  0.3          772          772       80672           0         10 MPI_Send() 
  0.2          143          644         256       65274       2519 ZRAN3 
  0.2          111          596       78432       78432          8 TAKE3 
  0.2          590          590       80672           0          7 MPI_Wait() 
  0.2          120          436        4480        4480         97 RPRJ3 
  0.1          316          358       80672       80672          4 READY 
  0.1          248          248       11264           0         22 MPI_Allreduce() 
  0.1          232          232        7152           0         33 ZERO3 
  0.1          109          231        4480        4480         52 INTERP 
  0.1           95          183         512        1024        358 NORM2U3 
  0.0            2          121        4480        6720         27 COMM3_EX 
  0.0            1          107        2240        2240         48 TAKE3_EX 
  0.0          105          105         896           0        118 MPI_Bcast() 
  0.0           42           42       80672           0          1 MPI_Irecv() 
  0.0            9            9       53242           0          0 BUBBLE 
  0.0            3            3         128           0         28 ALLOC_SPACE 
  0.0         0.99            2        2240        2240          1 GIVE3_EX 
  0.0            1            1         128           0         10 MPI_Reduce() 
  0.0        0.501        0.501         256           0          2 SETUP 
  0.0        0.283        0.283         768           0          0 POWER 
  0.0        0.061        0.061         128           0          0 MPI_Comm_size() 
  0.0         0.03         0.03         128           0          0 MPI_Comm_rank() 

FUNCTION SUMMARY (mean):
---------------------------------------------------------------------------------------
%Time    Exclusive    Inclusive       #Call      #Subrs  Inclusive Name
              msec   total msec                          usec/call 
---------------------------------------------------------------------------------------
100.0      0.00757        2,063           1           1    2063913 .TAU application
100.0        0.105        2,063           1          37    2063905 MG_MPI 
 71.2        1,470        1,470           1           0    1470032 MPI_Finalize() 
 26.5          547          547           1           0     547010 MPI_Init() 
  0.9       0.0796           18           5         180       3772 MG3P 
  0.7        0.329           14         119     1855.12        123 COMM3 
  0.7           14           14           6           0       2343 MPI_Barrier() 
  0.6            6           13          42          42        316 RESID 
  0.3        0.879            6      612.75      612.75         11 GIVE3 
  0.3            2            6          40          40        167 PSINV 
  0.3            6            6      630.25           0         10 MPI_Send() 
  0.2            1            5           2     509.953       2519 ZRAN3 
  0.2        0.875            4      612.75      612.75          8 TAKE3 
  0.2            4            4      630.25           0          7 MPI_Wait() 
  0.2        0.945            3          35          35         97 RPRJ3 
  0.1            2            2      630.25      630.25          4 READY 
  0.1            1            1          88           0         22 MPI_Allreduce() 
  0.1            1            1      55.875           0         33 ZERO3 
  0.1        0.857            1          35          35         52 INTERP 
  0.1        0.746            1           4           8        358 NORM2U3 
  0.0        0.019        0.951          35        52.5         27 COMM3_EX 
  0.0      0.00856        0.836        17.5        17.5         48 TAKE3_EX 
  0.0        0.825        0.825           7           0        118 MPI_Bcast() 
  0.0         0.33         0.33      630.25           0          1 MPI_Irecv() 
  0.0       0.0774       0.0774     415.953           0          0 BUBBLE 
  0.0        0.028        0.028           1           0         28 ALLOC_SPACE 
  0.0      0.00773       0.0234        17.5        17.5          1 GIVE3_EX 
  0.0      0.00965      0.00965           1           0         10 MPI_Reduce() 
  0.0      0.00391      0.00391           2           0          2 SETUP 
  0.0      0.00221      0.00221           6           0          0 POWER 
  0.0     0.000477     0.000477           1           0          0 MPI_Comm_size() 
  0.0     0.000234     0.000234           1           0          0 MPI_Comm_rank() 
