Reading Profile files in profile.*

FUNCTION SUMMARY (total):
---------------------------------------------------------------------------------------
%Time    Exclusive    Inclusive       #Call      #Subrs  Inclusive Name
              msec   total msec                          usec/call 
---------------------------------------------------------------------------------------
100.0        0.988     9:31.555         196         196    2916099 .TAU application
100.0           91     9:31.554         196       82125    2916094 MPSP 
 62.5          238     5:57.210       78596      471576       4545 ADI 
 22.5       31,148     2:08.576       78792 1.10309E+06       1632 COPY_FACES 
 18.3            4     1:44.418         196         980     532748 SETUP_MPI 
 18.2     1:44.137     1:44.137         196           0     531315 MPI_Init() 
 17.6     1:40.873     1:40.873         196           0     514660 MPI_Finalize() 
 17.3     1:38.985     1:38.985 6.20928E+06           0         16 MPI_Waitall() 
 13.5       22,386     1:17.107       78596 8.33118E+06        981 X_SOLVE 
 12.2       20,691     1:09.455       78596 8.33118E+06        884 Y_SOLVE 
 11.3     1:04.600     1:04.600       78792           0        820 COMPUTE_RHS 
 11.2       22,176     1:04.186       78596 8.33118E+06        817 Z_SOLVE 
  4.1       23,517       23,517 1.10034E+06           0         21 LHSX 
  3.0       17,015       17,015 6.60324E+06           0          3 MPI_Isend() 
  2.4       13,614       13,614 1.10034E+06           0         12 LHSZ 
  2.4       13,575       13,575       78596           0        173 ADD 
  2.0       11,672       11,672 1.10034E+06           0         11 LHSY 
  1.2        6,601        6,601 1.10034E+06           0          6 TZETAR 
  0.8        2,232        4,655         392 1.28593E+07      11876 INITIALIZE 
  0.8        4,398        4,398       78596           0         56 TXINVR 
  0.7        3,735        3,735 6.60324E+06           0          1 MPI_Irecv() 
  0.6        3,445        3,445 1.85406E+07           0          0 EXACT_SOLUTION 
  0.3        1,009        1,882         196    4.62E+06       9603 EXACT_RHS 
  0.3        1,614        1,614 1.10034E+06           0          1 PINVR 
  0.3        1,566        1,566 1.10034E+06           0          1 NINVR 
  0.2            1        1,160         196         588       5923 VERIFY 
  0.2          965          965         392           0       2462 MPI_Barrier() 
  0.1          554          554         392           0       1414 MPI_Allreduce() 
  0.1          122          506         196  1.0614E+06       2586 ERROR_NORM 
  0.1            3          323         196         196       1651 RHS_NORM 
  0.0          276          276         392           0        704 MPI_Comm_dup() 
  0.0          141          141         784           0        180 MPI_Bcast() 
  0.0          139          139         196           0        709 LHSINIT 
  0.0           13           13         196           0         70 ALLOC_SPACE 
  0.0            2            2         196           0         14 MPI_Reduce() 
  0.0        0.339        0.339         196           0          2 SET_CONSTANTS 
  0.0        0.202        0.202         196           0          1 MAKE_SET 
  0.0        0.102        0.102         196           0          1 COMPUTE_BUFFER_SIZE 
  0.0        0.073        0.073         196           0          0 MPI_Comm_size() 
  0.0        0.034        0.034         196           0          0 MPI_Comm_rank() 
  0.0            0            0           1           0          0 SET_CLASS 

FUNCTION SUMMARY (mean):
---------------------------------------------------------------------------------------
%Time    Exclusive    Inclusive       #Call      #Subrs  Inclusive Name
              msec   total msec                          usec/call 
---------------------------------------------------------------------------------------
100.0      0.00504        2,916           1           1    2916099 .TAU application
100.0        0.465        2,916           1     419.005    2916094 MPSP 
 62.5            1        1,822         401        2406       4545 ADI 
 22.5          158          656         402        5628       1632 COPY_FACES 
 18.3       0.0241          532           1           5     532748 SETUP_MPI 
 18.2          531          531           1           0     531315 MPI_Init() 
 17.6          514          514           1           0     514660 MPI_Finalize() 
 17.3          505          505       31680           0         16 MPI_Waitall() 
 13.5          114          393         401       42506        981 X_SOLVE 
 12.2          105          354         401       42506        884 Y_SOLVE 
 11.3          329          329         402           0        820 COMPUTE_RHS 
 11.2          113          327         401       42506        817 Z_SOLVE 
  4.1          119          119        5614           0         21 LHSX 
  3.0           86           86       33690           0          3 MPI_Isend() 
  2.4           69           69        5614           0         12 LHSZ 
  2.4           69           69         401           0        173 ADD 
  2.0           59           59        5614           0         11 LHSY 
  1.2           33           33        5614           0          6 TZETAR 
  0.8           11           23           2     65608.9      11876 INITIALIZE 
  0.8           22           22         401           0         56 TXINVR 
  0.7           19           19       33690           0          1 MPI_Irecv() 
  0.6           17           17     94594.7           0          0 EXACT_SOLUTION 
  0.3            5            9           1     23571.4       9603 EXACT_RHS 
  0.3            8            8        5614           0          1 PINVR 
  0.3            7            7        5614           0          1 NINVR 
  0.2      0.00835            5           1           3       5923 VERIFY 
  0.2            4            4           2           0       2462 MPI_Barrier() 
  0.1            2            2           2           0       1414 MPI_Allreduce() 
  0.1        0.625            2           1     5415.33       2586 ERROR_NORM 
  0.1       0.0188            1           1           1       1651 RHS_NORM 
  0.0            1            1           2           0        704 MPI_Comm_dup() 
  0.0         0.72         0.72           4           0        180 MPI_Bcast() 
  0.0        0.709        0.709           1           0        709 LHSINIT 
  0.0       0.0701       0.0701           1           0         70 ALLOC_SPACE 
  0.0       0.0142       0.0142           1           0         14 MPI_Reduce() 
  0.0      0.00173      0.00173           1           0          2 SET_CONSTANTS 
  0.0      0.00103      0.00103           1           0          1 MAKE_SET 
  0.0      0.00052      0.00052           1           0          1 COMPUTE_BUFFER_SIZE 
  0.0     0.000372     0.000372           1           0          0 MPI_Comm_size() 
  0.0     0.000173     0.000173           1           0          0 MPI_Comm_rank() 
  0.0            0            0  0.00510204           0          0 SET_CLASS 
