Reading Profile files in profile.*

FUNCTION SUMMARY (total):
---------------------------------------------------------------------------------------
%Time    Exclusive    Inclusive       #Call      #Subrs  Inclusive Name
              msec   total msec                          usec/call 
---------------------------------------------------------------------------------------
100.0        0.702     7:41.314         144         144    3203576 .TAU application
100.0           64     7:41.314         144       60337    3203571 MPSP 
 66.5          173     5:07.000       57744      346464       5317 ADI 
 22.6       22,027     1:44.094       57888      810432       1798 COPY_FACES 
 17.5     1:20.782     1:20.782 3.86899E+06           0         21 MPI_Waitall() 
 16.0     1:13.631     1:13.631         144           0     511331 MPI_Finalize() 
 15.6            3     1:12.167         144         720     501165 SETUP_MPI 
 15.6     1:11.982     1:11.982         144           0     499880 MPI_Init() 
 14.8       20,806     1:08.132       57744 5.19696E+06       1180 X_SOLVE 
 13.7       18,444     1:03.057       57744 5.19696E+06       1092 Y_SOLVE 
 12.5       19,995       57,649       57744 5.19696E+06        998 Z_SOLVE 
 12.0       55,351       55,351       57888           0        956 COMPUTE_RHS 
  4.9       22,684       22,684      692928           0         33 LHSX 
  3.2       14,640       14,640 4.15843E+06           0          4 MPI_Isend() 
  3.1       14,247       14,247      692928           0         21 LHSZ 
  2.7       12,682       12,682      692928           0         18 LHSY 
  2.3       10,449       10,449       57744           0        181 ADD 
  1.3        5,992        5,992      692928           0          9 TZETAR 
  1.0        2,100        4,457         288 1.28593E+07      15477 INITIALIZE 
  0.8        3,702        3,702       57744           0         64 TXINVR 
  0.7        3,313        3,313 1.83006E+07           0          0 EXACT_SOLUTION 
  0.6        2,590        2,590 4.15843E+06           0          1 MPI_Irecv() 
  0.4          909        1,714         144    4.38E+06      11904 EXACT_RHS 
  0.3        1,365        1,365      692928           0          2 PINVR 
  0.3        1,325        1,325      692928           0          2 NINVR 
  0.2            1        1,071         144         432       7444 VERIFY 
  0.2          990          990         288           0       3440 MPI_Barrier() 
  0.1          123          603         144 1.06135E+06       4190 ERROR_NORM 
  0.1          533          533         288           0       1854 MPI_Allreduce() 
  0.0            3          208         144         144       1445 RHS_NORM 
  0.0          181          181         288           0        629 MPI_Comm_dup() 
  0.0          105          105         576           0        183 MPI_Bcast() 
  0.0           97           97         144           0        680 LHSINIT 
  0.0            9            9         144           0         65 ALLOC_SPACE 
  0.0            2            2         144           0         15 MPI_Reduce() 
  0.0         0.23         0.23         144           0          2 SET_CONSTANTS 
  0.0         0.13         0.13         144           0          1 MAKE_SET 
  0.0        0.074        0.074         144           0          1 COMPUTE_BUFFER_SIZE 
  0.0         0.04         0.04         144           0          0 MPI_Comm_size() 
  0.0        0.026        0.026         144           0          0 MPI_Comm_rank() 
  0.0        0.001        0.001           1           0          1 SET_CLASS 

FUNCTION SUMMARY (mean):
---------------------------------------------------------------------------------------
%Time    Exclusive    Inclusive       #Call      #Subrs  Inclusive Name
              msec   total msec                          usec/call 
---------------------------------------------------------------------------------------
100.0      0.00487        3,203           1           1    3203576 .TAU application
100.0        0.451        3,203           1     419.007    3203571 MPSP 
 66.5            1        2,131         401        2406       5317 ADI 
 22.6          152          722         402        5628       1798 COPY_FACES 
 17.5          560          560       26868           0         21 MPI_Waitall() 
 16.0          511          511           1           0     511331 MPI_Finalize() 
 15.6       0.0265          501           1           5     501165 SETUP_MPI 
 15.6          499          499           1           0     499880 MPI_Init() 
 14.8          144          473         401       36090       1180 X_SOLVE 
 13.7          128          437         401       36090       1092 Y_SOLVE 
 12.5          138          400         401       36090        998 Z_SOLVE 
 12.0          384          384         402           0        956 COMPUTE_RHS 
  4.9          157          157        4812           0         33 LHSX 
  3.2          101          101       28878           0          4 MPI_Isend() 
  3.1           98           98        4812           0         21 LHSZ 
  2.7           88           88        4812           0         18 LHSY 
  2.3           72           72         401           0        181 ADD 
  1.3           41           41        4812           0          9 TZETAR 
  1.0           14           30           2       89301      15477 INITIALIZE 
  0.8           25           25         401           0         64 TXINVR 
  0.7           23           23      127087           0          0 EXACT_SOLUTION 
  0.6           17           17       28878           0          1 MPI_Irecv() 
  0.4            6           11           1     30416.7      11904 EXACT_RHS 
  0.3            9            9        4812           0          2 PINVR 
  0.3            9            9        4812           0          2 NINVR 
  0.2      0.00948            7           1           3       7444 VERIFY 
  0.2            6            6           2           0       3440 MPI_Barrier() 
  0.1        0.855            4           1      7370.5       4190 ERROR_NORM 
  0.1            3            3           2           0       1854 MPI_Allreduce() 
  0.0       0.0232            1           1           1       1445 RHS_NORM 
  0.0            1            1           2           0        629 MPI_Comm_dup() 
  0.0        0.731        0.731           4           0        183 MPI_Bcast() 
  0.0         0.68         0.68           1           0        680 LHSINIT 
  0.0       0.0652       0.0652           1           0         65 ALLOC_SPACE 
  0.0       0.0151       0.0151           1           0         15 MPI_Reduce() 
  0.0       0.0016       0.0016           1           0          2 SET_CONSTANTS 
  0.0     0.000903     0.000903           1           0          1 MAKE_SET 
  0.0     0.000514     0.000514           1           0          1 COMPUTE_BUFFER_SIZE 
  0.0     0.000278     0.000278           1           0          0 MPI_Comm_size() 
  0.0     0.000181     0.000181           1           0          0 MPI_Comm_rank() 
  0.0     6.94E-06     6.94E-06  0.00694444           0          1 SET_CLASS 
