Reading Profile files in profile.*

FUNCTION SUMMARY (total):
---------------------------------------------------------------------------------------
%Time    Exclusive    Inclusive       #Call      #Subrs  Inclusive Name
              msec   total msec                          usec/call 
---------------------------------------------------------------------------------------
100.0        0.795  9:46:39.678         169         169  208282122 .TAU application
100.0          178  9:46:39.677         169       87712  208282117 MPSP 
 98.6          746  9:38:19.753       84669      508014     409828 ADI 
 28.3    19:32.056  2:46:17.191       84838 1.18773E+06     117603 COPY_FACES 
 23.2  2:16:17.192  2:16:17.192       84838           0      96386 COMPUTE_RHS 
 22.5  1:00:12.803  2:12:14.338       84669 8.29756E+06      93710 X_SOLVE 
 22.1    31:41.456  2:09:53.419       84669 8.29756E+06      92046 Z_SOLVE 
 20.5    44:08.350  2:00:04.332       84669 8.29756E+06      85088 Y_SOLVE 
 16.1  1:34:15.937  1:34:15.937 6.18101E+06           0        915 MPI_Waitall() 
 11.7  1:08:36.906  1:08:36.906  1.1007E+06           0       3740 LHSZ 
  7.4    43:23.175    43:23.175  1.1007E+06           0       2365 LHSY 
  5.7    33:26.758    33:26.758  1.1007E+06           0       1823 LHSX 
  2.6    15:22.481    15:22.481       84669           0      10895 ADD 
  2.5    14:47.474    14:47.474       84669           0      10482 TXINVR 
  1.6     9:27.979     9:27.979  1.1007E+06           0        516 TZETAR 
  0.6     1:31.737     3:27.891         338 8.17005E+08     615063 INITIALIZE 
  0.4     2:37.415     2:37.415 1.11042E+09           0          0 EXACT_SOLUTION 
  0.4     2:07.337     2:07.337  1.1007E+06           0        116 NINVR 
  0.3     1:56.905     1:56.905  6.6052E+06           0         18 MPI_Isend() 
  0.3     1:43.406     1:43.406  1.1007E+06           0         94 PINVR 
  0.3     1:39.014     1:39.014  6.6052E+06           0         15 MPI_Irecv() 
  0.3            4     1:31.578         169         845     541885 SETUP_MPI 
  0.3     1:31.354     1:31.354         169           0     540558 MPI_Init() 
  0.2     1:26.292     1:26.292         169           0     510608 MPI_Finalize() 
  0.2       32,002     1:03.720         169 2.25496E+08     377042 EXACT_RHS 
  0.1            3       43,507         169         507     257441 VERIFY 
  0.1        7,613       18,512         169 6.79175E+07     109543 ERROR_NORM 
  0.0        5,580        5,580         338           0      16510 MPI_Allreduce() 
  0.0          536        4,762         169         169      28178 RHS_NORM 
  0.0        2,655        2,655         169           0      15714 LHSINIT 
  0.0        2,430        2,430         338           0       7191 MPI_Barrier() 
  0.0        1,522        1,522         169           0       9009 ALLOC_SPACE 
  0.0          219          219         338           0        650 MPI_Comm_dup() 
  0.0          142          142         676           0        211 MPI_Bcast() 
  0.0            3            3         169           0         18 MPI_Reduce() 
  0.0        0.443        0.443         169           0          3 SET_CONSTANTS 
  0.0        0.423        0.423         169           0          3 MAKE_SET 
  0.0        0.132        0.132         169           0          1 COMPUTE_BUFFER_SIZE 
  0.0        0.064        0.064         169           0          0 MPI_Comm_size() 
  0.0        0.032        0.032         169           0          0 MPI_Comm_rank() 
  0.0        0.001        0.001           1           0          1 SET_CLASS 

FUNCTION SUMMARY (mean):
---------------------------------------------------------------------------------------
%Time    Exclusive    Inclusive       #Call      #Subrs  Inclusive Name
              msec   total msec                          usec/call 
---------------------------------------------------------------------------------------
100.0       0.0047     3:28.282           1           1  208282122 .TAU application
100.0            1     3:28.282           1     519.006  208282117 MPSP 
 98.6            4     3:25.323         501        3006     409828 ADI 
 28.3        6,935       59,036         502        7028     117603 COPY_FACES 
 23.2       48,385       48,385         502           0      96386 COMPUTE_RHS 
 22.5       21,377       46,948         501       49098      93710 X_SOLVE 
 22.1       11,251       46,114         501       49098      92046 Z_SOLVE 
 20.5       15,670       42,629         501       49098      85088 Y_SOLVE 
 16.1       33,467       33,467       36574           0        915 MPI_Waitall() 
 11.7       24,360       24,360        6513           0       3740 LHSZ 
  7.4       15,403       15,403        6513           0       2365 LHSY 
  5.7       11,874       11,874        6513           0       1823 LHSX 
  2.6        5,458        5,458         501           0      10895 ADD 
  2.5        5,251        5,251         501           0      10482 TXINVR 
  1.6        3,360        3,360        6513           0        516 TZETAR 
  0.6          542        1,230           2 4.83435E+06     615063 INITIALIZE 
  0.4          931          931 6.57052E+06           0          0 EXACT_SOLUTION 
  0.4          753          753        6513           0        116 NINVR 
  0.3          691          691       39084           0         18 MPI_Isend() 
  0.3          611          611        6513           0         94 PINVR 
  0.3          585          585       39084           0         15 MPI_Irecv() 
  0.3       0.0272          541           1           5     541885 SETUP_MPI 
  0.3          540          540           1           0     540558 MPI_Init() 
  0.2          510          510           1           0     510608 MPI_Finalize() 
  0.2          189          377           1 1.33429E+06     377042 EXACT_RHS 
  0.1       0.0209          257           1           3     257441 VERIFY 
  0.1           45          109           1      401879     109543 ERROR_NORM 
  0.0           33           33           2           0      16510 MPI_Allreduce() 
  0.0            3           28           1           1      28178 RHS_NORM 
  0.0           15           15           1           0      15714 LHSINIT 
  0.0           14           14           2           0       7191 MPI_Barrier() 
  0.0            9            9           1           0       9009 ALLOC_SPACE 
  0.0            1            1           2           0        650 MPI_Comm_dup() 
  0.0        0.843        0.843           4           0        211 MPI_Bcast() 
  0.0       0.0181       0.0181           1           0         18 MPI_Reduce() 
  0.0      0.00262      0.00262           1           0          3 SET_CONSTANTS 
  0.0       0.0025       0.0025           1           0          3 MAKE_SET 
  0.0     0.000781     0.000781           1           0          1 COMPUTE_BUFFER_SIZE 
  0.0     0.000379     0.000379           1           0          0 MPI_Comm_size() 
  0.0     0.000189     0.000189           1           0          0 MPI_Comm_rank() 
  0.0     5.92E-06     5.92E-06  0.00591716           0          1 SET_CLASS 
