Reading Profile files in profile.*

FUNCTION SUMMARY (total):
---------------------------------------------------------------------------------------
%Time    Exclusive    Inclusive       #Call      #Subrs  Inclusive Name
              msec   total msec                          usec/call 
---------------------------------------------------------------------------------------
100.0         0.82     8:15.343         169         169    2931025 .TAU application
100.0           77     8:15.342         169       70812    2931021 MPSP 
 63.4          198     5:13.892       67769      406614       4632 ADI 
 22.9       27,012     1:53.636       67938      951132       1673 COPY_FACES 
 17.7            4     1:27.478         169         845     517622 SETUP_MPI 
 17.6     1:27.251     1:27.251         169           0     516281 MPI_Init() 
 17.3     1:25.585     1:25.585         169           0     506422 MPI_Finalize() 
 17.2     1:25.163     1:25.163 4.94731E+06           0         17 MPI_Waitall() 
 13.6       21,350     1:07.338       67769 6.64136E+06        994 X_SOLVE 
 12.7       19,354     1:02.740       67769 6.64136E+06        926 Y_SOLVE 
 11.4       56,451       56,451       67938           0        831 COMPUTE_RHS 
 10.9       20,268       54,077       67769 6.64136E+06        798 Z_SOLVE 
  4.0       19,803       19,803      880997           0         22 LHSX 
  3.0       14,726       14,726   5.287E+06           0          3 MPI_Isend() 
  2.5       12,507       12,507       67769           0        185 ADD 
  2.4       11,868       11,868      880997           0         13 LHSZ 
  2.1       10,531       10,531      880997           0         12 LHSY 
  1.1        5,395        5,395      880997           0          6 TZETAR 
  0.9        2,091        4,426         338 1.28593E+07      13096 INITIALIZE 
  0.7        3,681        3,681       67769           0         54 TXINVR 
  0.7        3,303        3,303 1.84206E+07           0          0 EXACT_SOLUTION 
  0.6        3,000        3,000   5.287E+06           0          1 MPI_Irecv() 
  0.4          921        1,740         169     4.5E+06      10300 EXACT_RHS 
  0.3        1,456        1,456      880997           0          2 PINVR 
  0.3        1,407        1,407      880997           0          2 NINVR 
  0.2        1,014        1,014         338           0       3000 MPI_Barrier() 
  0.2            1          851         169         507       5041 VERIFY 
  0.1          119          356         169 1.06138E+06       2111 ERROR_NORM 
  0.1          289          289         338           0        858 MPI_Allreduce() 
  0.0          222          222         338           0        657 MPI_Comm_dup() 
  0.0            3          206         169         169       1222 RHS_NORM 
  0.0          150          150         676           0        223 MPI_Bcast() 
  0.0          110          110         169           0        652 LHSINIT 
  0.0           11           11         169           0         66 ALLOC_SPACE 
  0.0            2            2         169           0         14 MPI_Reduce() 
  0.0        0.279        0.279         169           0          2 SET_CONSTANTS 
  0.0         0.15         0.15         169           0          1 MAKE_SET 
  0.0        0.084        0.084         169           0          0 COMPUTE_BUFFER_SIZE 
  0.0         0.07         0.07         169           0          0 MPI_Comm_size() 
  0.0        0.048        0.048         169           0          0 MPI_Comm_rank() 
  0.0            0            0           1           0          0 SET_CLASS 

FUNCTION SUMMARY (mean):
---------------------------------------------------------------------------------------
%Time    Exclusive    Inclusive       #Call      #Subrs  Inclusive Name
              msec   total msec                          usec/call 
---------------------------------------------------------------------------------------
100.0      0.00485        2,931           1           1    2931025 .TAU application
100.0        0.461        2,931           1     419.006    2931021 MPSP 
 63.4            1        1,857         401        2406       4632 ADI 
 22.9          159          672         402        5628       1673 COPY_FACES 
 17.7       0.0263          517           1           5     517622 SETUP_MPI 
 17.6          516          516           1           0     516281 MPI_Init() 
 17.3          506          506           1           0     506422 MPI_Finalize() 
 17.2          503          503       29274           0         17 MPI_Waitall() 
 13.6          126          398         401       39298        994 X_SOLVE 
 12.7          114          371         401       39298        926 Y_SOLVE 
 11.4          334          334         402           0        831 COMPUTE_RHS 
 10.9          119          319         401       39298        798 Z_SOLVE 
  4.0          117          117        5213           0         22 LHSX 
  3.0           87           87       31284           0          3 MPI_Isend() 
  2.5           74           74         401           0        185 ADD 
  2.4           70           70        5213           0         13 LHSZ 
  2.1           62           62        5213           0         12 LHSY 
  1.1           31           31        5213           0          6 TZETAR 
  0.9           12           26           2     76090.8      13096 INITIALIZE 
  0.7           21           21         401           0         54 TXINVR 
  0.7           19           19      108997           0          0 EXACT_SOLUTION 
  0.6           17           17       31284           0          1 MPI_Irecv() 
  0.4            5           10           1     26627.2      10300 EXACT_RHS 
  0.3            8            8        5213           0          2 PINVR 
  0.3            8            8        5213           0          2 NINVR 
  0.2            6            6           2           0       3000 MPI_Barrier() 
  0.2      0.00888            5           1           3       5041 VERIFY 
  0.1        0.709            2           1     6280.34       2111 ERROR_NORM 
  0.1            1            1           2           0        858 MPI_Allreduce() 
  0.0            1            1           2           0        657 MPI_Comm_dup() 
  0.0       0.0203            1           1           1       1222 RHS_NORM 
  0.0        0.893        0.893           4           0        223 MPI_Bcast() 
  0.0        0.652        0.652           1           0        652 LHSINIT 
  0.0       0.0661       0.0661           1           0         66 ALLOC_SPACE 
  0.0       0.0143       0.0143           1           0         14 MPI_Reduce() 
  0.0      0.00165      0.00165           1           0          2 SET_CONSTANTS 
  0.0     0.000888     0.000888           1           0          1 MAKE_SET 
  0.0     0.000497     0.000497           1           0          0 COMPUTE_BUFFER_SIZE 
  0.0     0.000414     0.000414           1           0          0 MPI_Comm_size() 
  0.0     0.000284     0.000284           1           0          0 MPI_Comm_rank() 
  0.0            0            0  0.00591716           0          0 SET_CLASS 
