Reading Profile files in profile.*

FUNCTION SUMMARY (total):
---------------------------------------------------------------------------------------
%Time    Exclusive    Inclusive       #Call      #Subrs  Inclusive Name
              msec   total msec                          usec/call 
---------------------------------------------------------------------------------------
100.0            1  4:00:32.013         256         256   56375052 .TAU application
100.0           17  4:00:32.012         256        4353   56375047 APPLU 
 97.6  2:12:00.684  3:54:42.544         512  2.2762E+08   27504970 SSOR 
 25.0    52:04.000  1:00:01.234       77568      155136      46427 RHS 
 15.6     2:30.601    37:34.898 1.25139E+08 1.42853E+08         18 EXCHANGE_1 
 14.5    34:47.936    34:47.936 1.17318E+08           0         18 MPI_Recv() 
  3.4     5:18.181     8:11.154      155648      648968       3156 EXCHANGE_3 
  1.0           11     2:17.743         256         768     538062 INIT_COMM 
  1.0     2:17.732     2:17.732         256           0     538018 MPI_Init() 
  0.9     2:11.179     2:11.179      292380           0        449 MPI_Wait() 
  0.8     2:01.684     2:01.684         256           0     475331 MPI_Finalize() 
  0.5     1:09.039     1:09.039 2.56003E+07           0          3 JACLD [THROTTLED]
  0.5     1:08.720     1:08.720 2.56003E+07           0          3 JACU [THROTTLED]
  0.4     1:04.483     1:04.483 2.56003E+07           0          3 BLTS [THROTTLED]
  0.4     1:03.010     1:03.010 2.56003E+07           0          2 BUTS [THROTTLED]
  0.4       56,415       56,415 2.56003E+07           0          2 MPI_Send() [THROTTLED]
  0.4       51,141       55,902         512 2.46015E+07     109184 SETIV 
  0.3       40,183       40,183        2560           0      15696 MPI_Allreduce() 
  0.2       14,028       27,950         256         512     109180 ERHS 
  0.2        1,303       27,194        1024        1024      26557 L2NORM 
  0.0        5,175        5,175 2.56003E+07           0          0 EXACT [THROTTLED]
  0.0        3,768        4,695         256         256      18343 ERROR 
  0.0        1,756        1,756      292380           0          6 MPI_Irecv() 
  0.0          229          643         512      998784       1258 SETBV 
  0.0          421          421         256           0       1645 ALLOC_SPACE 
  0.0        0.992          232         256         257        907 READ_INPUT 
  0.0            2          231         256        2560        903 BCAST_INPUTS 
  0.0          228          228        2560           0         89 MPI_Bcast() 
  0.0           51          175         256        1088        684 PINTGR 
  0.0           17           17         512           0         33 MPI_Barrier() 
  0.0            1           16         256         960         66 EXCHANGE_4 
  0.0        0.111            1          32          60         45 EXCHANGE_6 
  0.0        0.111            1          32          60         34 EXCHANGE_5 
  0.0        0.599        0.659         256         256          3 PROC_GRID 
  0.0        0.201        0.201           1           0        201 VERIFY 
  0.0        0.188        0.188         256           0          1 SETCOEFF 
  0.0        0.123        0.123         256           0          0 MPI_Comm_size() 
  0.0        0.091        0.091         256           0          0 NEIGHBORS 
  0.0        0.085        0.085         256           0          0 SUBDOMAIN 
  0.0        0.083        0.083         256           0          0 MPI_Comm_rank() 
  0.0         0.06         0.06         256           0          0 ISQRT2 
  0.0        0.001        0.001           1           0          1 SET_CLASS 

FUNCTION SUMMARY (mean):
---------------------------------------------------------------------------------------
%Time    Exclusive    Inclusive       #Call      #Subrs  Inclusive Name
              msec   total msec                          usec/call 
---------------------------------------------------------------------------------------
100.0      0.00535       56,375           1           1   56375052 .TAU application
100.0        0.068       56,375           1     17.0039   56375047 APPLU 
 97.6       30,940       55,009           2      889139   27504970 SSOR 
 25.0       12,203       14,067         303         606      46427 RHS 
 15.6          588        8,808      488824      558018         18 EXCHANGE_1 
 14.5        8,156        8,156      458272           0         18 MPI_Recv() 
  3.4        1,242        1,918         608     2535.03       3156 EXCHANGE_3 
  1.0       0.0431          538           1           3     538062 INIT_COMM 
  1.0          538          538           1           0     538018 MPI_Init() 
  0.9          512          512     1142.11           0        449 MPI_Wait() 
  0.8          475          475           1           0     475331 MPI_Finalize() 
  0.5          269          269      100001           0          3 JACLD [THROTTLED]
  0.5          268          268      100001           0          3 JACU [THROTTLED]
  0.4          251          251      100001           0          3 BLTS [THROTTLED]
  0.4          246          246      100001           0          2 BUTS [THROTTLED]
  0.4          220          220      100001           0          2 MPI_Send() [THROTTLED]
  0.4          199          218           2     96099.5     109184 SETIV 
  0.3          156          156          10           0      15696 MPI_Allreduce() 
  0.2           54          109           1           2     109180 ERHS 
  0.2            5          106           4           4      26557 L2NORM 
  0.0           20           20      100001           0          0 EXACT [THROTTLED]
  0.0           14           18           1           1      18343 ERROR 
  0.0            6            6     1142.11           0          6 MPI_Irecv() 
  0.0        0.896            2           2      3901.5       1258 SETBV 
  0.0            1            1           1           0       1645 ALLOC_SPACE 
  0.0      0.00387        0.907           1     1.00391        907 READ_INPUT 
  0.0      0.00922        0.903           1          10        903 BCAST_INPUTS 
  0.0        0.894        0.894          10           0         89 MPI_Bcast() 
  0.0        0.203        0.684           1        4.25        684 PINTGR 
  0.0       0.0665       0.0665           2           0         33 MPI_Barrier() 
  0.0      0.00476       0.0661           1        3.75         66 EXCHANGE_4 
  0.0     0.000434      0.00564       0.125    0.234375         45 EXCHANGE_6 
  0.0     0.000434       0.0042       0.125    0.234375         34 EXCHANGE_5 
  0.0      0.00234      0.00257           1           1          3 PROC_GRID 
  0.0     0.000785     0.000785  0.00390625           0        201 VERIFY 
  0.0     0.000734     0.000734           1           0          1 SETCOEFF 
  0.0      0.00048      0.00048           1           0          0 MPI_Comm_size() 
  0.0     0.000355     0.000355           1           0          0 NEIGHBORS 
  0.0     0.000332     0.000332           1           0          0 SUBDOMAIN 
  0.0     0.000324     0.000324           1           0          0 MPI_Comm_rank() 
  0.0     0.000234     0.000234           1           0          0 ISQRT2 
  0.0     3.91E-06     3.91E-06  0.00390625           0          1 SET_CLASS 
