Reading Profile files in profile.*

FUNCTION SUMMARY (total):
---------------------------------------------------------------------------------------
%Time    Exclusive    Inclusive       #Call      #Subrs  Inclusive Name
              msec   total msec                          usec/call 
---------------------------------------------------------------------------------------
100.0            1    21:48.534         256         256    5111462 .TAU application
100.0           12    21:48.532         256        4353    5111456 APPLU 
 73.1     6:53.228    15:56.724         512 1.32009E+08    1868602 SSOR 
 18.6       12,567     4:03.731 2.59143E+07 4.83119E+07          9 EXCHANGE_1 [THROTTLED]
 16.4           11     3:34.730         256         768     838792 INIT_COMM 
 16.4     3:34.719     3:34.719         256           0     838748 MPI_Init() 
 13.2     2:52.581     2:52.581  2.0472E+07           0          8 MPI_Recv() [THROTTLED]
 12.3     1:52.981     2:40.671       64768      129536       2481 RHS 
  9.2     2:00.486     2:00.486         256           0     470648 MPI_Finalize() 
  5.3     1:09.376     1:09.376 6.10432E+06           0         11 MPI_Recv() 
  4.0       18,454       51,764      130048      648864        398 EXCHANGE_3 
  2.3       30,565       30,565 2.56003E+07           0          1 JACLD [THROTTLED]
  2.3       29,944       29,944 2.56003E+07           0          1 JACU [THROTTLED]
  2.1       27,256       27,256 2.56003E+07           0          1 BLTS [THROTTLED]
  2.1       27,027       27,027 2.56003E+07           0          1 BUTS [THROTTLED]
  2.0       26,745       26,745 2.52003E+07           0          1 MPI_Send() [THROTTLED]
  1.3       16,667       16,667      244380           0         68 MPI_Wait() 
  0.8        5,675       10,641         512 2.52989E+07      20784 SETIV 
  0.4        1,194        5,269         256         512      20585 ERHS 
  0.4        5,058        5,058 2.56003E+07           0          0 EXACT [THROTTLED]
  0.2        2,739        2,739        2560           0       1070 MPI_Allreduce() 
  0.2           48        2,081        1024        1024       2032 L2NORM 
  0.0          351          351      244380           0          1 MPI_Irecv() 
  0.0          317          317      323320           0          1 MPI_Send() 
  0.0          230          283         256         256       1106 ERROR 
  0.0            1          167         256         257        653 READ_INPUT 
  0.0            2          166         256        2560        649 BCAST_INPUTS 
  0.0          164          164        2560           0         64 MPI_Bcast() 
  0.0           45          138         512      301307        270 SETBV 
  0.0           10           66         256        1088        259 PINTGR 
  0.0           52           52         512           0        103 MPI_Barrier() 
  0.0           11           11         256           0         45 ALLOC_SPACE 
  0.0        0.636           11         256         964         44 EXCHANGE_4 
  0.0        0.064        0.888          32          62         28 EXCHANGE_6 
  0.0        0.629        0.684         256         256          3 PROC_GRID 
  0.0        0.051        0.625          32          62         20 EXCHANGE_5 
  0.0        0.202        0.202         256           0          1 SETCOEFF 
  0.0         0.16         0.16           1           0        160 VERIFY 
  0.0         0.12         0.12         256           0          0 MPI_Comm_size() 
  0.0         0.09         0.09         256           0          0 MPI_Comm_rank() 
  0.0        0.071        0.071         256           0          0 SUBDOMAIN 
  0.0        0.066        0.066         256           0          0 NEIGHBORS 
  0.0        0.055        0.055         256           0          0 ISQRT2 
  0.0        0.001        0.001           1           0          1 SET_CLASS 

FUNCTION SUMMARY (mean):
---------------------------------------------------------------------------------------
%Time    Exclusive    Inclusive       #Call      #Subrs  Inclusive Name
              msec   total msec                          usec/call 
---------------------------------------------------------------------------------------
100.0      0.00545        5,111           1           1    5111462 .TAU application
100.0         0.05        5,111           1     17.0039    5111456 APPLU 
 73.1        1,614        3,737           2      515660    1868602 SSOR 
 18.6           49          952      101228      188718          9 EXCHANGE_1 [THROTTLED]
 16.4       0.0432          838           1           3     838792 INIT_COMM 
 16.4          838          838           1           0     838748 MPI_Init() 
 13.2          674          674     79968.8           0          8 MPI_Recv() [THROTTLED]
 12.3          441          627         253         506       2481 RHS 
  9.2          470          470           1           0     470648 MPI_Finalize() 
  5.3          271          271       23845           0         11 MPI_Recv() 
  4.0           72          202         508     2534.62        398 EXCHANGE_3 
  2.3          119          119      100001           0          1 JACLD [THROTTLED]
  2.3          116          116      100001           0          1 JACU [THROTTLED]
  2.1          106          106      100001           0          1 BLTS [THROTTLED]
  2.1          105          105      100001           0          1 BUTS [THROTTLED]
  2.0          104          104     98438.5           0          1 MPI_Send() [THROTTLED]
  1.3           65           65     954.609           0         68 MPI_Wait() 
  0.8           22           41           2       98824      20784 SETIV 
  0.4            4           20           1           2      20585 ERHS 
  0.4           19           19      100001           0          0 EXACT [THROTTLED]
  0.2           10           10          10           0       1070 MPI_Allreduce() 
  0.2        0.191            8           4           4       2032 L2NORM 
  0.0            1            1     954.609           0          1 MPI_Irecv() 
  0.0            1            1     1262.97           0          1 MPI_Send() 
  0.0          0.9            1           1           1       1106 ERROR 
  0.0      0.00394        0.653           1     1.00391        653 READ_INPUT 
  0.0       0.0088        0.649           1          10        649 BCAST_INPUTS 
  0.0        0.641        0.641          10           0         64 MPI_Bcast() 
  0.0        0.179        0.541           2     1176.98        270 SETBV 
  0.0       0.0409        0.259           1        4.25        259 PINTGR 
  0.0        0.206        0.206           2           0        103 MPI_Barrier() 
  0.0       0.0453       0.0453           1           0         45 ALLOC_SPACE 
  0.0      0.00248       0.0441           1     3.76562         44 EXCHANGE_4 
  0.0      0.00025      0.00347       0.125    0.242188         28 EXCHANGE_6 
  0.0      0.00246      0.00267           1           1          3 PROC_GRID 
  0.0     0.000199      0.00244       0.125    0.242188         20 EXCHANGE_5 
  0.0     0.000789     0.000789           1           0          1 SETCOEFF 
  0.0     0.000625     0.000625  0.00390625           0        160 VERIFY 
  0.0     0.000469     0.000469           1           0          0 MPI_Comm_size() 
  0.0     0.000352     0.000352           1           0          0 MPI_Comm_rank() 
  0.0     0.000277     0.000277           1           0          0 SUBDOMAIN 
  0.0     0.000258     0.000258           1           0          0 NEIGHBORS 
  0.0     0.000215     0.000215           1           0          0 ISQRT2 
  0.0     3.91E-06     3.91E-06  0.00390625           0          1 SET_CLASS 
