Reading Profile files in profile.*

FUNCTION SUMMARY (total):
---------------------------------------------------------------------------------------
%Time    Exclusive    Inclusive       #Call      #Subrs  Inclusive Name
              msec   total msec                          usec/call 
---------------------------------------------------------------------------------------
100.0        0.011  3:13:16.935           2           2 5798467561 .TAU application
100.0        0.316  3:13:16.935           2          35 5798467556 APPLU 
 97.8     5:36.974  3:08:58.918           4 3.97903E+08 2834729653 SSOR 
 28.1    53:43.996    54:19.986         606        1212    5379516 RHS 
 16.8    32:22.735    32:22.735 9.92313E+07           0         20 JACLD 
 16.6    32:03.668    32:03.668 9.92313E+07           0         19 BLTS 
 16.4    31:40.272    31:40.272 9.92313E+07           0         19 BUTS 
 16.3    31:30.215    31:30.215 9.92313E+07           0         19 JACU 
  1.8     1:25.959     3:27.761           4 8.03081E+08   51940311 SETIV 
  1.1     2:12.915     2:12.915 8.72002E+08           0          0 EXACT 
  0.7        3,769     1:23.673      977648      488824         86 EXCHANGE_1 
  0.5     1:03.046     1:03.046      244412           0        258 MPI_Recv() 
  0.3       16,783       36,204        1216        1824      29774 EXCHANGE_3 
  0.2       18,712       18,712      245023           0         76 MPI_Send() 
  0.2        7,461       17,640           2 6.69234E+07    8820490 ERROR 
  0.2       17,564       17,564         611           0      28747 MPI_Wait() 
  0.1       15,825       15,825           2           0    7912928 MPI_Finalize() 
  0.1       14,316       14,530           2           4    7265238 ERHS 
  0.0        1,102        1,346           8           8     168368 L2NORM 
  0.0          204        1,143           4 1.99757E+06     285976 SETBV 
  0.0        0.093        1,093           2           6     546813 INIT_COMM 
  0.0        1,093        1,093           2           0     546766 MPI_Init() 
  0.0          295          295          20           0      14774 MPI_Allreduce() 
  0.0           12           13           2          14       6704 PINTGR 
  0.0            4            4           2           0       2242 ALLOC_SPACE 
  0.0            2            2         611           0          4 MPI_Irecv() 
  0.0        0.612            2           2           3       1006 READ_INPUT 
  0.0        0.019            1           2          20        700 BCAST_INPUTS 
  0.0            1            1          20           0         69 MPI_Bcast() 
  0.0        0.185        0.185           1           0        185 VERIFY 
  0.0        0.006        0.059           4           6         15 EXCHANGE_5 
  0.0        0.015        0.055           2           3         28 EXCHANGE_4 
  0.0        0.045        0.045           4           0         11 MPI_Barrier() 
  0.0        0.003        0.003           2           2          2 PROC_GRID 
  0.0        0.002        0.002           2           0          1 MPI_Comm_size() 
  0.0        0.001        0.001           2           0          0 SETCOEFF 
  0.0        0.001        0.001           2           0          0 SUBDOMAIN 
  0.0            0            0           2           0          0 EXCHANGE_6 
  0.0            0            0           2           0          0 ISQRT2 
  0.0            0            0           2           0          0 MPI_Comm_rank() 
  0.0            0            0           2           0          0 NEIGHBORS 
  0.0            0            0           1           0          0 SET_CLASS 

FUNCTION SUMMARY (mean):
---------------------------------------------------------------------------------------
%Time    Exclusive    Inclusive       #Call      #Subrs  Inclusive Name
              msec   total msec                          usec/call 
---------------------------------------------------------------------------------------
100.0       0.0055  1:36:38.467           1           1 5798467561 .TAU application
100.0        0.158  1:36:38.467           1        17.5 5798467556 APPLU 
 97.8     2:48.487  1:34:29.459           2 1.98952E+08 2834729653 SSOR 
 28.1    26:51.998    27:09.993         303         606    5379516 RHS 
 16.8    16:11.367    16:11.367 4.96156E+07           0         20 JACLD 
 16.6    16:01.834    16:01.834 4.96156E+07           0         19 BLTS 
 16.4    15:50.136    15:50.136 4.96156E+07           0         19 BUTS 
 16.3    15:45.107    15:45.107 4.96156E+07           0         19 JACU 
  1.8       42,979     1:43.880           2  4.0154E+08   51940311 SETIV 
  1.1     1:06.457     1:06.457 4.36001E+08           0          0 EXACT 
  0.7        1,884       41,836      488824      244412         86 EXCHANGE_1 
  0.5       31,523       31,523      122206           0        258 MPI_Recv() 
  0.3        8,391       18,102         608         912      29774 EXCHANGE_3 
  0.2        9,356        9,356      122512           0         76 MPI_Send() 
  0.2        3,730        8,820           1 3.34617E+07    8820490 ERROR 
  0.2        8,782        8,782       305.5           0      28747 MPI_Wait() 
  0.1        7,912        7,912           1           0    7912928 MPI_Finalize() 
  0.1        7,158        7,265           1           2    7265238 ERHS 
  0.0          551          673           4           4     168368 L2NORM 
  0.0          102          571           2      998784     285976 SETBV 
  0.0       0.0465          546           1           3     546813 INIT_COMM 
  0.0          546          546           1           0     546766 MPI_Init() 
  0.0          147          147          10           0      14774 MPI_Allreduce() 
  0.0            6            6           1           7       6704 PINTGR 
  0.0            2            2           1           0       2242 ALLOC_SPACE 
  0.0            1            1       305.5           0          4 MPI_Irecv() 
  0.0        0.306            1           1         1.5       1006 READ_INPUT 
  0.0       0.0095          0.7           1          10        700 BCAST_INPUTS 
  0.0         0.69         0.69          10           0         69 MPI_Bcast() 
  0.0       0.0925       0.0925         0.5           0        185 VERIFY 
  0.0        0.003       0.0295           2           3         15 EXCHANGE_5 
  0.0       0.0075       0.0275           1         1.5         28 EXCHANGE_4 
  0.0       0.0225       0.0225           2           0         11 MPI_Barrier() 
  0.0       0.0015       0.0015           1           1          2 PROC_GRID 
  0.0        0.001        0.001           1           0          1 MPI_Comm_size() 
  0.0       0.0005       0.0005           1           0          0 SETCOEFF 
  0.0       0.0005       0.0005           1           0          0 SUBDOMAIN 
  0.0            0            0           1           0          0 EXCHANGE_6 
  0.0            0            0           1           0          0 ISQRT2 
  0.0            0            0           1           0          0 MPI_Comm_rank() 
  0.0            0            0           1           0          0 NEIGHBORS 
  0.0            0            0         0.5           0          0 SET_CLASS 
