Reading Profile files in profile.*

FUNCTION SUMMARY (total):
---------------------------------------------------------------------------------------
%Time    Exclusive    Inclusive       #Call      #Subrs  Inclusive Name
              msec   total msec                          usec/call 
---------------------------------------------------------------------------------------
100.0        0.005     1:08.554           1           1   68554001 .TAU application
100.0        0.423     1:08.553           1          72   68553996 FT 
 76.5        0.074       52,429          22          66    2383157 FFT 
 49.8        1,336       34,159      450560 3.69459E+06         76 CFFTZ 
 47.9       32,823       32,823 3.69459E+06           0          9 FFTZ2 
 29.3        9,911       20,070          22      180246     912273 CFFTS3 
 26.0        4,067       17,841          22       90134     810972 CFFTS1 
 21.2        4,290       14,517          22      180246     659909 CFFTS2 
  9.9        6,816        6,816           2           0    3408434 COMPUTE_INDEXMAP 
  7.8        5,370        5,370           1           0    5370440 MPI_Finalize() 
  4.8        3,315        3,315          20           0     165772 EVOLVE 
  0.5        0.485          319           1          12     319356 SETUP 
  0.5          317          317           1           0     317466 MPI_Init() 
  0.4          300          300           2           4     150284 COMPUTE_INITIAL_CONDITIONS 
  0.0            1            1          20          20         66 CHECKSUM 
  0.0            1            1           1           0       1310 ALLOC_SPACE 
  0.0        0.111        0.111          20           0          6 MPI_Reduce() 
  0.0        0.107        0.107           2           2         54 FFT_INIT 
  0.0        0.088        0.088           2           0         44 MPI_Comm_split() 
  0.0        0.023        0.023           1           0         23 VERIFY 
  0.0        0.014        0.014          68           0          0 ILOG2 
  0.0        0.006        0.006           5           0          1 MPI_Bcast() 
  0.0        0.002        0.002           1           0          2 MPI_Barrier() 
  0.0        0.001        0.001           4           0          0 IPOW46 
  0.0        0.001        0.001           1           0          1 SET_CLASS 
  0.0            0            0           1           0          0 MPI_Comm_rank() 
  0.0            0            0           1           0          0 MPI_Comm_size() 

FUNCTION SUMMARY (mean):
---------------------------------------------------------------------------------------
%Time    Exclusive    Inclusive       #Call      #Subrs  Inclusive Name
              msec   total msec                          usec/call 
---------------------------------------------------------------------------------------
100.0        0.005     1:08.554           1           1   68554001 .TAU application
100.0        0.423     1:08.553           1          72   68553996 FT 
 76.5        0.074       52,429          22          66    2383157 FFT 
 49.8        1,336       34,159      450560 3.69459E+06         76 CFFTZ 
 47.9       32,823       32,823 3.69459E+06           0          9 FFTZ2 
 29.3        9,911       20,070          22      180246     912273 CFFTS3 
 26.0        4,067       17,841          22       90134     810972 CFFTS1 
 21.2        4,290       14,517          22      180246     659909 CFFTS2 
  9.9        6,816        6,816           2           0    3408434 COMPUTE_INDEXMAP 
  7.8        5,370        5,370           1           0    5370440 MPI_Finalize() 
  4.8        3,315        3,315          20           0     165772 EVOLVE 
  0.5        0.485          319           1          12     319356 SETUP 
  0.5          317          317           1           0     317466 MPI_Init() 
  0.4          300          300           2           4     150284 COMPUTE_INITIAL_CONDITIONS 
  0.0            1            1          20          20         66 CHECKSUM 
  0.0            1            1           1           0       1310 ALLOC_SPACE 
  0.0        0.111        0.111          20           0          6 MPI_Reduce() 
  0.0        0.107        0.107           2           2         54 FFT_INIT 
  0.0        0.088        0.088           2           0         44 MPI_Comm_split() 
  0.0        0.023        0.023           1           0         23 VERIFY 
  0.0        0.014        0.014          68           0          0 ILOG2 
  0.0        0.006        0.006           5           0          1 MPI_Bcast() 
  0.0        0.002        0.002           1           0          2 MPI_Barrier() 
  0.0        0.001        0.001           4           0          0 IPOW46 
  0.0        0.001        0.001           1           0          1 SET_CLASS 
  0.0            0            0           1           0          0 MPI_Comm_rank() 
  0.0            0            0           1           0          0 MPI_Comm_size() 
