Reading Profile files in profile.*

FUNCTION SUMMARY (total):
---------------------------------------------------------------------------------------
%Time    Exclusive    Inclusive       #Call      #Subrs  Inclusive Name
              msec   total msec                          usec/call 
---------------------------------------------------------------------------------------
100.0         0.01     9:54.115           2           2  297057878 .TAU application
100.0        0.263     9:54.115           2          35  297057874 APPLU 
 95.6       20,102     9:27.890           4 5.17266E+07  141972726 SSOR 
 25.6     2:28.319     2:31.959         506        1012     300316 RHS 
 16.7     1:39.303     1:39.303 1.28512E+07           0          8 JACLD 
 16.7     1:39.116     1:39.116 1.28512E+07           0          8 BLTS 
 16.2     1:36.489     1:36.489 1.28512E+07           0          8 BUTS 
 16.2     1:36.340     1:36.340 1.28512E+07           0          7 JACU 
  2.1        5,230       12,679           4  4.9152E+07    3169872 SETIV 
  1.8       10,860       10,860           2           0    5430312 MPI_Finalize() 
  1.4        8,163        8,163 5.35629E+07           0          0 EXACT 
  0.8          379        4,501      321280      160640         14 EXCHANGE_1 
  0.6        1,534        3,653        1016        1524       3596 EXCHANGE_3 
  0.6        3,534        3,534       80320           0         44 MPI_Recv() 
  0.3        1,872        1,872         511           0       3665 MPI_Wait() 
  0.2          456        1,079           2   4.096E+06     539714 ERROR 
  0.1          832          832       80831           0         10 MPI_Send() 
  0.1          810          823           2           4     411805 ERHS 
  0.1        0.097          648           2           6     324305 INIT_COMM 
  0.1          648          648           2           0     324256 MPI_Init() 
  0.0           31          124           4      314928      31215 SETBV 
  0.0           66           75           8           8       9446 L2NORM 
  0.0           11           11          20           0        594 MPI_Allreduce() 
  0.0            4            4           2           0       2212 ALLOC_SPACE 
  0.0            2            2           2          14       1042 PINTGR 
  0.0        0.419            1           2           3        636 READ_INPUT 
  0.0            1            1         511           0          2 MPI_Irecv() 
  0.0        0.019        0.851           2          20        426 BCAST_INPUTS 
  0.0        0.832        0.832          20           0         42 MPI_Bcast() 
  0.0        0.174        0.174           1           0        174 VERIFY 
  0.0        0.044        0.044           4           0         11 MPI_Barrier() 
  0.0        0.006        0.041           2           3         20 EXCHANGE_4 
  0.0        0.005        0.011           4           6          3 EXCHANGE_5 
  0.0        0.005        0.006           2           2          3 PROC_GRID 
  0.0        0.001        0.001           2           0          0 EXCHANGE_6 
  0.0        0.001        0.001           2           0          0 ISQRT2 
  0.0        0.001        0.001           2           0          0 MPI_Comm_rank() 
  0.0        0.001        0.001           2           0          0 SETCOEFF 
  0.0        0.001        0.001           1           0          1 SET_CLASS 
  0.0            0            0           2           0          0 MPI_Comm_size() 
  0.0            0            0           2           0          0 NEIGHBORS 
  0.0            0            0           2           0          0 SUBDOMAIN 

FUNCTION SUMMARY (mean):
---------------------------------------------------------------------------------------
%Time    Exclusive    Inclusive       #Call      #Subrs  Inclusive Name
              msec   total msec                          usec/call 
---------------------------------------------------------------------------------------
100.0        0.005     4:57.057           1           1  297057878 .TAU application
100.0        0.132     4:57.057           1        17.5  297057874 APPLU 
 95.6       10,051     4:43.945           2 2.58633E+07  141972726 SSOR 
 25.6     1:14.159     1:15.979         253         506     300316 RHS 
 16.7       49,651       49,651  6.4256E+06           0          8 JACLD 
 16.7       49,558       49,558  6.4256E+06           0          8 BLTS 
 16.2       48,244       48,244  6.4256E+06           0          8 BUTS 
 16.2       48,170       48,170  6.4256E+06           0          7 JACU 
  2.1        2,615        6,339           2  2.4576E+07    3169872 SETIV 
  1.8        5,430        5,430           1           0    5430312 MPI_Finalize() 
  1.4        4,081        4,081 2.67815E+07           0          0 EXACT 
  0.8          189        2,250      160640       80320         14 EXCHANGE_1 
  0.6          767        1,826         508         762       3596 EXCHANGE_3 
  0.6        1,767        1,767       40160           0         44 MPI_Recv() 
  0.3          936          936       255.5           0       3665 MPI_Wait() 
  0.2          228          539           1   2.048E+06     539714 ERROR 
  0.1          416          416     40415.5           0         10 MPI_Send() 
  0.1          405          411           1           2     411805 ERHS 
  0.1       0.0485          324           1           3     324305 INIT_COMM 
  0.1          324          324           1           0     324256 MPI_Init() 
  0.0           15           62           2      157464      31215 SETBV 
  0.0           33           37           4           4       9446 L2NORM 
  0.0            5            5          10           0        594 MPI_Allreduce() 
  0.0            2            2           1           0       2212 ALLOC_SPACE 
  0.0            1            1           1           7       1042 PINTGR 
  0.0        0.209        0.635           1         1.5        636 READ_INPUT 
  0.0        0.537        0.537       255.5           0          2 MPI_Irecv() 
  0.0       0.0095        0.425           1          10        426 BCAST_INPUTS 
  0.0        0.416        0.416          10           0         42 MPI_Bcast() 
  0.0        0.087        0.087         0.5           0        174 VERIFY 
  0.0        0.022        0.022           2           0         11 MPI_Barrier() 
  0.0        0.003       0.0205           1         1.5         20 EXCHANGE_4 
  0.0       0.0025       0.0055           2           3          3 EXCHANGE_5 
  0.0       0.0025        0.003           1           1          3 PROC_GRID 
  0.0       0.0005       0.0005           1           0          0 EXCHANGE_6 
  0.0       0.0005       0.0005           1           0          0 ISQRT2 
  0.0       0.0005       0.0005           1           0          0 MPI_Comm_rank() 
  0.0       0.0005       0.0005           1           0          0 SETCOEFF 
  0.0       0.0005       0.0005         0.5           0          1 SET_CLASS 
  0.0            0            0           1           0          0 MPI_Comm_size() 
  0.0            0            0           1           0          0 NEIGHBORS 
  0.0            0            0           1           0          0 SUBDOMAIN 
