Reading Profile files in profile.*

FUNCTION SUMMARY (total):
---------------------------------------------------------------------------------------
%Time    Exclusive    Inclusive       #Call      #Subrs  Inclusive Name
              msec   total msec                          usec/call 
---------------------------------------------------------------------------------------
100.0        0.022    10:26.537           4           4  156634260 .TAU application
100.0        0.482    10:26.537           4          69  156634254 APPLU 
 93.7       22,902     9:47.150           8 5.20484E+07   73393811 SSOR 
 26.4     2:39.634     2:45.586        1012        2024     163623 RHS 
 15.8     1:39.161     1:39.161 1.28512E+07           0          8 JACLD 
 15.7     1:38.243     1:38.243 1.28512E+07           0          8 BLTS 
 15.4     1:36.205     1:36.205 1.28512E+07           0          7 JACU 
 15.3     1:36.062     1:36.062 1.28512E+07           0          7 BUTS 
  3.7       23,113       23,113           4           0    5778391 MPI_Finalize() 
  2.0        5,225       12,670           8  4.9152E+07    1583841 SETIV 
  1.4          703        8,891      642560      642560         14 EXCHANGE_1 
  1.3        8,177        8,177 5.35629E+07           0          0 EXACT 
  1.2        7,757        7,757      321280           0         24 MPI_Recv() 
  1.0        2,168        6,006        2032        6096       2956 EXCHANGE_3 
  0.5        3,283        3,283        2040           0       1610 MPI_Wait() 
  0.2        0.178        1,448           4          12     362162 INIT_COMM 
  0.2        1,448        1,448           4           0     362118 MPI_Init() 
  0.2          457        1,080           4   4.096E+06     270014 ERROR 
  0.2          981          981      323320           0          3 MPI_Send() 
  0.1          854          908           4           8     227180 ERHS 
  0.0           40          150           8      314928      18787 SETBV 
  0.0           77           91          16          16       5744 L2NORM 
  0.0           20           20          40           0        505 MPI_Allreduce() 
  0.0            9            9           4           0       2357 ALLOC_SPACE 
  0.0            3            3        2040           0          2 MPI_Irecv() 
  0.0            2            2           4          24        591 PINTGR 
  0.0        0.402            2           4           5        503 READ_INPUT 
  0.0        0.031            1           4          40        402 BCAST_INPUTS 
  0.0            1            1          40           0         39 MPI_Bcast() 
  0.0        0.214        0.214           1           0        214 VERIFY 
  0.0        0.061        0.061           8           0          8 MPI_Barrier() 
  0.0        0.008         0.04           4          12         10 EXCHANGE_4 
  0.0        0.003        0.011           4           6          3 EXCHANGE_5 
  0.0        0.004        0.011           4           6          3 EXCHANGE_6 
  0.0        0.008        0.008           4           4          2 PROC_GRID 
  0.0        0.004        0.004           4           0          1 SETCOEFF 
  0.0        0.001        0.001           4           0          0 MPI_Comm_rank() 
  0.0        0.001        0.001           4           0          0 NEIGHBORS 
  0.0        0.001        0.001           1           0          1 SET_CLASS 
  0.0        0.001        0.001           4           0          0 SUBDOMAIN 
  0.0            0            0           4           0          0 ISQRT2 
  0.0            0            0           4           0          0 MPI_Comm_size() 

FUNCTION SUMMARY (mean):
---------------------------------------------------------------------------------------
%Time    Exclusive    Inclusive       #Call      #Subrs  Inclusive Name
              msec   total msec                          usec/call 
---------------------------------------------------------------------------------------
100.0       0.0055     2:36.634           1           1  156634260 .TAU application
100.0         0.12     2:36.634           1       17.25  156634254 APPLU 
 93.7        5,725     2:26.787           2 1.30121E+07   73393811 SSOR 
 26.4       39,908       41,396         253         506     163623 RHS 
 15.8       24,790       24,790  3.2128E+06           0          8 JACLD 
 15.7       24,560       24,560  3.2128E+06           0          8 BLTS 
 15.4       24,051       24,051  3.2128E+06           0          7 JACU 
 15.3       24,015       24,015  3.2128E+06           0          7 BUTS 
  3.7        5,778        5,778           1           0    5778391 MPI_Finalize() 
  2.0        1,306        3,167           2  1.2288E+07    1583841 SETIV 
  1.4          175        2,222      160640      160640         14 EXCHANGE_1 
  1.3        2,044        2,044 1.33907E+07           0          0 EXACT 
  1.2        1,939        1,939       80320           0         24 MPI_Recv() 
  1.0          542        1,501         508        1524       2956 EXCHANGE_3 
  0.5          820          820         510           0       1610 MPI_Wait() 
  0.2       0.0445          362           1           3     362162 INIT_COMM 
  0.2          362          362           1           0     362118 MPI_Init() 
  0.2          114          270           1   1.024E+06     270014 ERROR 
  0.2          245          245       80830           0          3 MPI_Send() 
  0.1          213          227           1           2     227180 ERHS 
  0.0           10           37           2       78732      18787 SETBV 
  0.0           19           22           4           4       5744 L2NORM 
  0.0            5            5          10           0        505 MPI_Allreduce() 
  0.0            2            2           1           0       2357 ALLOC_SPACE 
  0.0        0.864        0.864         510           0          2 MPI_Irecv() 
  0.0        0.557        0.591           1           6        591 PINTGR 
  0.0        0.101        0.503           1        1.25        503 READ_INPUT 
  0.0      0.00775        0.402           1          10        402 BCAST_INPUTS 
  0.0        0.394        0.394          10           0         39 MPI_Bcast() 
  0.0       0.0535       0.0535        0.25           0        214 VERIFY 
  0.0       0.0152       0.0152           2           0          8 MPI_Barrier() 
  0.0        0.002         0.01           1           3         10 EXCHANGE_4 
  0.0      0.00075      0.00275           1         1.5          3 EXCHANGE_5 
  0.0        0.001      0.00275           1         1.5          3 EXCHANGE_6 
  0.0        0.002        0.002           1           1          2 PROC_GRID 
  0.0        0.001        0.001           1           0          1 SETCOEFF 
  0.0      0.00025      0.00025           1           0          0 MPI_Comm_rank() 
  0.0      0.00025      0.00025           1           0          0 NEIGHBORS 
  0.0      0.00025      0.00025        0.25           0          1 SET_CLASS 
  0.0      0.00025      0.00025           1           0          0 SUBDOMAIN 
  0.0            0            0           1           0          0 ISQRT2 
  0.0            0            0           1           0          0 MPI_Comm_size() 
