Reading Profile files in profile.*

FUNCTION SUMMARY (total):
---------------------------------------------------------------------------------------
%Time    Exclusive    Inclusive       #Call      #Subrs  Inclusive Name
              msec   total msec                          usec/call 
---------------------------------------------------------------------------------------
100.0         0.02  3:21:13.470           4           4 3018367509 .TAU application
100.0        0.566  3:21:13.470           4          69 3018367504 APPLU 
 97.7     6:33.126  3:16:41.788           8 3.98882E+08 1475223550 SSOR 
 29.8    59:04.754  1:00:00.345        1212        2424    2970582 RHS 
 15.9    32:04.080    32:04.080 9.92313E+07           0         19 JACLD 
 15.9    32:03.348    32:03.348 9.92313E+07           0         19 BLTS 
 15.7    31:37.848    31:37.848 9.92313E+07           0         19 BUTS 
 15.6    31:21.576    31:21.576 9.92313E+07           0         19 JACU 
  1.7     1:26.291     3:28.511           8 8.03081E+08   26063901 SETIV 
  1.5        5,446     2:59.881  1.9553E+06  1.9553E+06         92 EXCHANGE_1 
  1.1     2:13.360     2:13.360 8.72002E+08           0          0 EXACT 
  0.9     1:47.347     1:47.347      977648           0        110 MPI_Recv() 
  0.6     1:13.034     1:13.034      980088           0         75 MPI_Send() 
  0.5       21,382       56,305        2432        7296      23152 EXCHANGE_3 
  0.2       28,968       28,968        2440           0      11872 MPI_Wait() 
  0.2       26,996       26,996           4           0    6749067 MPI_Finalize() 
  0.1        7,483       17,677           4 6.69234E+07    4419265 ERROR 
  0.1       15,176       15,891           4           8    3972836 ERHS 
  0.0        1,159        1,511          16          16      94448 L2NORM 
  0.0        0.179        1,403           4          12     350900 INIT_COMM 
  0.0        1,403        1,403           4           0     350855 MPI_Init() 
  0.0          204        1,175           8 1.99757E+06     146932 SETBV 
  0.0          445          445          40           0      11134 MPI_Allreduce() 
  0.0           13           14           4          24       3650 PINTGR 
  0.0            9            9           4           0       2298 ALLOC_SPACE 
  0.0            8            8        2440           0          3 MPI_Irecv() 
  0.0        0.415            2           4           5        514 READ_INPUT 
  0.0        0.035            1           4          40        411 BCAST_INPUTS 
  0.0            1            1          40           0         40 MPI_Bcast() 
  0.0         0.02        0.515           4          12        129 EXCHANGE_4 
  0.0        0.243        0.243           1           0        243 VERIFY 
  0.0        0.117        0.117           8           0         15 MPI_Barrier() 
  0.0        0.013        0.028           4           6          7 EXCHANGE_6 
  0.0         0.01        0.022           4           6          6 EXCHANGE_5 
  0.0        0.006        0.008           4           4          2 PROC_GRID 
  0.0        0.004        0.004           4           0          1 SETCOEFF 
  0.0        0.002        0.002           4           0          0 ISQRT2 
  0.0        0.001        0.001           4           0          0 MPI_Comm_rank() 
  0.0        0.001        0.001           4           0          0 MPI_Comm_size() 
  0.0        0.001        0.001           4           0          0 NEIGHBORS 
  0.0        0.001        0.001           4           0          0 SUBDOMAIN 
  0.0            0            0           1           0          0 SET_CLASS 

FUNCTION SUMMARY (mean):
---------------------------------------------------------------------------------------
%Time    Exclusive    Inclusive       #Call      #Subrs  Inclusive Name
              msec   total msec                          usec/call 
---------------------------------------------------------------------------------------
100.0        0.005    50:18.367           1           1 3018367509 .TAU application
100.0        0.141    50:18.367           1       17.25 3018367504 APPLU 
 97.7     1:38.281    49:10.447           2 9.97204E+07 1475223550 SSOR 
 29.8    14:46.188    15:00.086         303         606    2970582 RHS 
 15.9     8:01.020     8:01.020 2.48078E+07           0         19 JACLD 
 15.9     8:00.837     8:00.837 2.48078E+07           0         19 BLTS 
 15.7     7:54.462     7:54.462 2.48078E+07           0         19 BUTS 
 15.6     7:50.394     7:50.394 2.48078E+07           0         19 JACU 
  1.7       21,572       52,127           2  2.0077E+08   26063901 SETIV 
  1.5        1,361       44,970      488824      488824         92 EXCHANGE_1 
  1.1       33,340       33,340    2.18E+08           0          0 EXACT 
  0.9       26,836       26,836      244412           0        110 MPI_Recv() 
  0.6       18,258       18,258      245022           0         75 MPI_Send() 
  0.5        5,345       14,076         608        1824      23152 EXCHANGE_3 
  0.2        7,242        7,242         610           0      11872 MPI_Wait() 
  0.2        6,749        6,749           1           0    6749067 MPI_Finalize() 
  0.1        1,870        4,419           1 1.67309E+07    4419265 ERROR 
  0.1        3,794        3,972           1           2    3972836 ERHS 
  0.0          289          377           4           4      94448 L2NORM 
  0.0       0.0447          350           1           3     350900 INIT_COMM 
  0.0          350          350           1           0     350855 MPI_Init() 
  0.0           51          293           2      499392     146932 SETBV 
  0.0          111          111          10           0      11134 MPI_Allreduce() 
  0.0            3            3           1           6       3650 PINTGR 
  0.0            2            2           1           0       2298 ALLOC_SPACE 
  0.0            2            2         610           0          3 MPI_Irecv() 
  0.0        0.104        0.514           1        1.25        514 READ_INPUT 
  0.0      0.00875        0.411           1          10        411 BCAST_INPUTS 
  0.0        0.402        0.402          10           0         40 MPI_Bcast() 
  0.0        0.005        0.129           1           3        129 EXCHANGE_4 
  0.0       0.0607       0.0607        0.25           0        243 VERIFY 
  0.0       0.0293       0.0293           2           0         15 MPI_Barrier() 
  0.0      0.00325        0.007           1         1.5          7 EXCHANGE_6 
  0.0       0.0025       0.0055           1         1.5          6 EXCHANGE_5 
  0.0       0.0015        0.002           1           1          2 PROC_GRID 
  0.0        0.001        0.001           1           0          1 SETCOEFF 
  0.0       0.0005       0.0005           1           0          0 ISQRT2 
  0.0      0.00025      0.00025           1           0          0 MPI_Comm_rank() 
  0.0      0.00025      0.00025           1           0          0 MPI_Comm_size() 
  0.0      0.00025      0.00025           1           0          0 NEIGHBORS 
  0.0      0.00025      0.00025           1           0          0 SUBDOMAIN 
  0.0            0            0        0.25           0          0 SET_CLASS 
