Reading Profile files in profile.*

FUNCTION SUMMARY (total):
---------------------------------------------------------------------------------------
%Time    Exclusive    Inclusive       #Call      #Subrs  Inclusive Name
              msec   total msec                          usec/call 
---------------------------------------------------------------------------------------
100.0        0.004     9:26.929           1           1  566929499 .TAU application
100.0        0.227     9:26.929           1          18  566929495 APPLU 
 96.4       16,522     9:06.594           2 2.58633E+07  273297154 SSOR 
 25.4     2:23.806     2:23.806         253         506     568407 RHS 
 17.4     1:38.582     1:38.582  6.4256E+06           0         15 BLTS 
 17.0     1:36.495     1:36.495  6.4256E+06           0         15 BUTS 
 17.0     1:36.360     1:36.360  6.4256E+06           0         15 JACLD 
 16.7     1:34.739     1:34.739  6.4256E+06           0         15 JACU 
  2.2        5,226       12,668           2  4.9152E+07    6334400 SETIV 
  1.4        8,155        8,155 5.35629E+07           0          0 EXACT 
  0.9        5,351        5,351           1           0    5351238 MPI_Finalize() 
  0.2          456        1,078           1   4.096E+06    1078582 ERROR 
  0.1          787          787           1           2     787544 ERHS 
  0.1        0.037          321           1           3     321091 INIT_COMM 
  0.1          321          321           1           0     321052 MPI_Init() 
  0.0           32          123           2      314928      61652 SETBV 
  0.0           62           62           4           4      15706 L2NORM 
  0.0           24           24      160640           0          0 EXCHANGE_1 
  0.0            2            2           1           0       2193 ALLOC_SPACE 
  0.0            1            1           1           8       1569 PINTGR 
  0.0        0.585        0.585         508           0          1 EXCHANGE_3 
  0.0        0.427        0.444           1           2        444 READ_INPUT 
  0.0        0.195        0.195           1           0        195 VERIFY 
  0.0        0.076        0.076          10           0          8 MPI_Allreduce() 
  0.0         0.01        0.016           1          10         16 BCAST_INPUTS 
  0.0        0.006        0.006          10           0          1 MPI_Bcast() 
  0.0        0.002        0.002           2           0          1 MPI_Barrier() 
  0.0        0.002        0.002           1           1          2 PROC_GRID 
  0.0        0.001        0.001           2           0          0 EXCHANGE_6 
  0.0        0.001        0.001           1           0          1 MPI_Comm_rank() 
  0.0        0.001        0.001           1           0          1 MPI_Comm_size() 
  0.0        0.001        0.001           1           0          1 SETCOEFF 
  0.0        0.001        0.001           1           0          1 SET_CLASS 
  0.0            0            0           1           0          0 EXCHANGE_4 
  0.0            0            0           2           0          0 EXCHANGE_5 
  0.0            0            0           1           0          0 ISQRT2 
  0.0            0            0           1           0          0 NEIGHBORS 
  0.0            0            0           1           0          0 SUBDOMAIN 

FUNCTION SUMMARY (mean):
---------------------------------------------------------------------------------------
%Time    Exclusive    Inclusive       #Call      #Subrs  Inclusive Name
              msec   total msec                          usec/call 
---------------------------------------------------------------------------------------
100.0        0.004     9:26.929           1           1  566929499 .TAU application
100.0        0.227     9:26.929           1          18  566929495 APPLU 
 96.4       16,522     9:06.594           2 2.58633E+07  273297154 SSOR 
 25.4     2:23.806     2:23.806         253         506     568407 RHS 
 17.4     1:38.582     1:38.582  6.4256E+06           0         15 BLTS 
 17.0     1:36.495     1:36.495  6.4256E+06           0         15 BUTS 
 17.0     1:36.360     1:36.360  6.4256E+06           0         15 JACLD 
 16.7     1:34.739     1:34.739  6.4256E+06           0         15 JACU 
  2.2        5,226       12,668           2  4.9152E+07    6334400 SETIV 
  1.4        8,155        8,155 5.35629E+07           0          0 EXACT 
  0.9        5,351        5,351           1           0    5351238 MPI_Finalize() 
  0.2          456        1,078           1   4.096E+06    1078582 ERROR 
  0.1          787          787           1           2     787544 ERHS 
  0.1        0.037          321           1           3     321091 INIT_COMM 
  0.1          321          321           1           0     321052 MPI_Init() 
  0.0           32          123           2      314928      61652 SETBV 
  0.0           62           62           4           4      15706 L2NORM 
  0.0           24           24      160640           0          0 EXCHANGE_1 
  0.0            2            2           1           0       2193 ALLOC_SPACE 
  0.0            1            1           1           8       1569 PINTGR 
  0.0        0.585        0.585         508           0          1 EXCHANGE_3 
  0.0        0.427        0.444           1           2        444 READ_INPUT 
  0.0        0.195        0.195           1           0        195 VERIFY 
  0.0        0.076        0.076          10           0          8 MPI_Allreduce() 
  0.0         0.01        0.016           1          10         16 BCAST_INPUTS 
  0.0        0.006        0.006          10           0          1 MPI_Bcast() 
  0.0        0.002        0.002           2           0          1 MPI_Barrier() 
  0.0        0.002        0.002           1           1          2 PROC_GRID 
  0.0        0.001        0.001           2           0          0 EXCHANGE_6 
  0.0        0.001        0.001           1           0          1 MPI_Comm_rank() 
  0.0        0.001        0.001           1           0          1 MPI_Comm_size() 
  0.0        0.001        0.001           1           0          1 SETCOEFF 
  0.0        0.001        0.001           1           0          1 SET_CLASS 
  0.0            0            0           1           0          0 EXCHANGE_4 
  0.0            0            0           2           0          0 EXCHANGE_5 
  0.0            0            0           1           0          0 ISQRT2 
  0.0            0            0           1           0          0 NEIGHBORS 
  0.0            0            0           1           0          0 SUBDOMAIN 
