Reading Profile files in profile.*

FUNCTION SUMMARY (total):
---------------------------------------------------------------------------------------
%Time    Exclusive    Inclusive       #Call      #Subrs  Inclusive Name
              msec   total msec                          usec/call 
---------------------------------------------------------------------------------------
100.0        0.012     2:38.400           2           2   79200045 .TAU application
100.0        0.252     2:38.400           2          35   79200039 APPLU 
 90.4        5,648     2:23.268           4 2.02813E+07   35817077 SSOR 
 24.3       37,086       38,462         506        1012      76013 RHS 
 15.7       24,821       24,821    5.02E+06           0          5 JACLD 
 15.5       24,569       24,569    5.02E+06           0          5 JACU 
 15.4       24,318       24,318    5.02E+06           0          5 BLTS 
 15.0       23,700       23,700    5.02E+06           0          5 BUTS 
  6.9       10,864       10,864           2           0    5432322 MPI_Finalize() 
  2.0        1,277        3,095           4     1.2E+07     773756 SETIV 
  1.3        2,000        2,000 1.31248E+07           0          0 EXACT 
  1.1          160        1,724      200800      100400          9 EXCHANGE_1 
  0.9        1,477        1,477       50200           0         29 MPI_Recv() 
  0.9          534        1,381        1016        1524       1360 EXCHANGE_3 
  0.5          746          746         511           0       1460 MPI_Wait() 
  0.4        0.089          651           2           6     325812 INIT_COMM 
  0.4          651          651           2           0     325767 MPI_Init() 
  0.2          111          263           2       1E+06     131644 ERROR 
  0.1          201          207           2           4     103943 ERHS 
  0.1          188          188       50711           0          4 MPI_Send() 
  0.0           12           43           4      124848      10938 SETBV 
  0.0           17           21           8           8       2710 L2NORM 
  0.0            5            5          20           0        259 MPI_Allreduce() 
  0.0            2            2           2           0       1354 ALLOC_SPACE 
  0.0        0.396            1           2           3        784 READ_INPUT 
  0.0        0.018            1           2          20        586 BCAST_INPUTS 
  0.0            1            1          20           0         58 MPI_Bcast() 
  0.0        0.884        0.884         511           0          2 MPI_Irecv() 
  0.0        0.779        0.825           2          14        412 PINTGR 
  0.0        0.192        0.192           1           0        192 VERIFY 
  0.0        0.015        0.015           4           0          4 MPI_Barrier() 
  0.0        0.004         0.01           4           6          2 EXCHANGE_5 
  0.0        0.004        0.009           2           3          4 EXCHANGE_4 
  0.0        0.004        0.004           2           2          2 PROC_GRID 
  0.0        0.002        0.002           2           0          1 MPI_Comm_rank() 
  0.0        0.001        0.001           2           0          0 NEIGHBORS 
  0.0        0.001        0.001           2           0          0 SETCOEFF 
  0.0        0.001        0.001           1           0          1 SET_CLASS 
  0.0            0            0           2           0          0 EXCHANGE_6 
  0.0            0            0           2           0          0 ISQRT2 
  0.0            0            0           2           0          0 MPI_Comm_size() 
  0.0            0            0           2           0          0 SUBDOMAIN 

FUNCTION SUMMARY (mean):
---------------------------------------------------------------------------------------
%Time    Exclusive    Inclusive       #Call      #Subrs  Inclusive Name
              msec   total msec                          usec/call 
---------------------------------------------------------------------------------------
100.0        0.006     1:19.200           1           1   79200045 .TAU application
100.0        0.126     1:19.200           1        17.5   79200039 APPLU 
 90.4        2,824     1:11.634           2 1.01407E+07   35817077 SSOR 
 24.3       18,543       19,231         253         506      76013 RHS 
 15.7       12,410       12,410    2.51E+06           0          5 JACLD 
 15.5       12,284       12,284    2.51E+06           0          5 JACU 
 15.4       12,159       12,159    2.51E+06           0          5 BLTS 
 15.0       11,850       11,850    2.51E+06           0          5 BUTS 
  6.9        5,432        5,432           1           0    5432322 MPI_Finalize() 
  2.0          638        1,547           2       6E+06     773756 SETIV 
  1.3        1,000        1,000 6.56242E+06           0          0 EXACT 
  1.1           80          862      100400       50200          9 EXCHANGE_1 
  0.9          738          738       25100           0         29 MPI_Recv() 
  0.9          267          690         508         762       1360 EXCHANGE_3 
  0.5          373          373       255.5           0       1460 MPI_Wait() 
  0.4       0.0445          325           1           3     325812 INIT_COMM 
  0.4          325          325           1           0     325767 MPI_Init() 
  0.2           55          131           1      500001     131644 ERROR 
  0.1          100          103           1           2     103943 ERHS 
  0.1           94           94     25355.5           0          4 MPI_Send() 
  0.0            6           21           2       62424      10938 SETBV 
  0.0            8           10           4           4       2710 L2NORM 
  0.0            2            2          10           0        259 MPI_Allreduce() 
  0.0            1            1           1           0       1354 ALLOC_SPACE 
  0.0        0.198        0.784           1         1.5        784 READ_INPUT 
  0.0        0.009        0.586           1          10        586 BCAST_INPUTS 
  0.0        0.577        0.577          10           0         58 MPI_Bcast() 
  0.0        0.442        0.442       255.5           0          2 MPI_Irecv() 
  0.0         0.39        0.412           1           7        412 PINTGR 
  0.0        0.096        0.096         0.5           0        192 VERIFY 
  0.0       0.0075       0.0075           2           0          4 MPI_Barrier() 
  0.0        0.002        0.005           2           3          2 EXCHANGE_5 
  0.0        0.002       0.0045           1         1.5          4 EXCHANGE_4 
  0.0        0.002        0.002           1           1          2 PROC_GRID 
  0.0        0.001        0.001           1           0          1 MPI_Comm_rank() 
  0.0       0.0005       0.0005           1           0          0 NEIGHBORS 
  0.0       0.0005       0.0005           1           0          0 SETCOEFF 
  0.0       0.0005       0.0005         0.5           0          1 SET_CLASS 
  0.0            0            0           1           0          0 EXCHANGE_6 
  0.0            0            0           1           0          0 ISQRT2 
  0.0            0            0           1           0          0 MPI_Comm_size() 
  0.0            0            0           1           0          0 SUBDOMAIN 
