Reading Profile files in profile.*

FUNCTION SUMMARY (total):
---------------------------------------------------------------------------------------
%Time    Exclusive    Inclusive       #Call      #Subrs  Inclusive Name
              msec   total msec                          usec/call 
---------------------------------------------------------------------------------------
100.0        0.021       59,080           4           4   14770238 .TAU application
100.0        0.352       59,080           4          69   14770233 APPLU 
 59.8        1,438       35,312           8 7.96879E+06    4414113 SSOR 
 36.4       21,483       21,483           4           0    5370899 MPI_Finalize() 
 14.8        7,723        8,721        1012        2024       8618 RHS 
 10.5        6,187        6,187 1.92969E+06           0          3 JACLD 
 10.3        6,114        6,114 1.92969E+06           0          3 JACU 
 10.0        5,906        5,906 1.92969E+06           0          3 BLTS 
  9.7        5,750        5,750 1.92969E+06           0          3 BUTS 
  2.4        0.184        1,415           4          12     353896 INIT_COMM 
  2.4        1,415        1,415           4           0     353849 MPI_Init() 
  2.0          147        1,188      248992      248992          5 EXCHANGE_1 
  1.7          246        1,002        2032        6096        493 EXCHANGE_3 
  1.6          929          929      124496           0          7 MPI_Recv() 
  1.2          304          737           8 2.85994E+06      92188 SETIV 
  1.1          665          665        2040           0        326 MPI_Wait() 
  0.8          479          479 3.14742E+06           0          0 EXACT 
  0.3          198          198      126536           0          2 MPI_Send() 
  0.1           26           62           4      238332      15717 ERROR 
  0.1           40           44           4           8      11135 ERHS 
  0.0            5           15           8       49152       1930 SETBV 
  0.0            2            5          16          16        364 L2NORM 
  0.0            5            5           4           0       1374 ALLOC_SPACE 
  0.0            4            4          40           0        112 MPI_Allreduce() 
  0.0            2            2        2040           0          1 MPI_Irecv() 
  0.0        0.403            2           4           5        500 READ_INPUT 
  0.0        0.035            1           4          40        400 BCAST_INPUTS 
  0.0            1            1          40           0         39 MPI_Bcast() 
  0.0        0.291         0.41           4          24        102 PINTGR 
  0.0        0.224        0.224           1           0        224 VERIFY 
  0.0        0.068        0.068           8           0          8 MPI_Barrier() 
  0.0        0.011        0.023           4          12          6 EXCHANGE_4 
  0.0        0.003        0.008           4           6          2 EXCHANGE_5 
  0.0            0        0.008           4           6          2 EXCHANGE_6 
  0.0        0.007        0.008           4           4          2 PROC_GRID 
  0.0        0.003        0.003           4           0          1 SETCOEFF 
  0.0        0.002        0.002           4           0          0 NEIGHBORS 
  0.0        0.001        0.001           4           0          0 ISQRT2 
  0.0        0.001        0.001           4           0          0 MPI_Comm_rank() 
  0.0        0.001        0.001           1           0          1 SET_CLASS 
  0.0        0.001        0.001           4           0          0 SUBDOMAIN 
  0.0            0            0           4           0          0 MPI_Comm_size() 

FUNCTION SUMMARY (mean):
---------------------------------------------------------------------------------------
%Time    Exclusive    Inclusive       #Call      #Subrs  Inclusive Name
              msec   total msec                          usec/call 
---------------------------------------------------------------------------------------
100.0      0.00525       14,770           1           1   14770238 .TAU application
100.0        0.088       14,770           1       17.25   14770233 APPLU 
 59.8          359        8,828           2  1.9922E+06    4414113 SSOR 
 36.4        5,370        5,370           1           0    5370899 MPI_Finalize() 
 14.8        1,930        2,180         253         506       8618 RHS 
 10.5        1,546        1,546      482422           0          3 JACLD 
 10.3        1,528        1,528      482422           0          3 JACU 
 10.0        1,476        1,476      482422           0          3 BLTS 
  9.7        1,437        1,437      482422           0          3 BUTS 
  2.4        0.046          353           1           3     353896 INIT_COMM 
  2.4          353          353           1           0     353849 MPI_Init() 
  2.0           36          297       62248       62248          5 EXCHANGE_1 
  1.7           61          250         508        1524        493 EXCHANGE_3 
  1.6          232          232       31124           0          7 MPI_Recv() 
  1.2           76          184           2      714984      92188 SETIV 
  1.1          166          166         510           0        326 MPI_Wait() 
  0.8          119          119      786854           0          0 EXACT 
  0.3           49           49       31634           0          2 MPI_Send() 
  0.1            6           15           1       59583      15717 ERROR 
  0.1           10           11           1           2      11135 ERHS 
  0.0            1            3           2       12288       1930 SETBV 
  0.0        0.524            1           4           4        364 L2NORM 
  0.0            1            1           1           0       1374 ALLOC_SPACE 
  0.0            1            1          10           0        112 MPI_Allreduce() 
  0.0        0.535        0.535         510           0          1 MPI_Irecv() 
  0.0        0.101          0.5           1        1.25        500 READ_INPUT 
  0.0      0.00875          0.4           1          10        400 BCAST_INPUTS 
  0.0        0.391        0.391          10           0         39 MPI_Bcast() 
  0.0       0.0727        0.102           1           6        102 PINTGR 
  0.0        0.056        0.056        0.25           0        224 VERIFY 
  0.0        0.017        0.017           2           0          8 MPI_Barrier() 
  0.0      0.00275      0.00575           1           3          6 EXCHANGE_4 
  0.0      0.00075        0.002           1         1.5          2 EXCHANGE_5 
  0.0            0        0.002           1         1.5          2 EXCHANGE_6 
  0.0      0.00175        0.002           1           1          2 PROC_GRID 
  0.0      0.00075      0.00075           1           0          1 SETCOEFF 
  0.0       0.0005       0.0005           1           0          0 NEIGHBORS 
  0.0      0.00025      0.00025           1           0          0 ISQRT2 
  0.0      0.00025      0.00025           1           0          0 MPI_Comm_rank() 
  0.0      0.00025      0.00025        0.25           0          1 SET_CLASS 
  0.0      0.00025      0.00025           1           0          0 SUBDOMAIN 
  0.0            0            0           1           0          0 MPI_Comm_size() 
