Reading Profile files in profile.*

FUNCTION SUMMARY (total):
---------------------------------------------------------------------------------------
%Time    Exclusive    Inclusive       #Call      #Subrs  Inclusive Name
              msec   total msec                          usec/call 
---------------------------------------------------------------------------------------
100.0        0.022     2:56.306           4           4   44076593 .TAU application
100.0        0.426     2:56.306           4          69   44076587 APPLU 
 84.4        6,144     2:28.849           8 2.04826E+07   18606207 SSOR 
 24.0       39,499       42,281        1012        2024      41780 RHS 
 14.0       24,717       24,717    5.02E+06           0          5 JACLD 
 13.9       24,462       24,462    5.02E+06           0          5 JACU 
 13.7       24,227       24,227    5.02E+06           0          5 BLTS 
 13.4       23,675       23,675    5.02E+06           0          5 BUTS 
 12.5       22,109       22,109           4           0    5527297 MPI_Finalize() 
  1.9          324        3,311      401600      401600          8 EXCHANGE_1 
  1.8        1,324        3,186           8     1.2E+07     398260 SETIV 
  1.6          802        2,896        2032        6096       1426 EXCHANGE_3 
  1.6        2,783        2,783      200800           0         14 MPI_Recv() 
  1.2        2,051        2,051 1.31248E+07           0          0 EXACT 
  1.0        1,821        1,821        2040           0        893 MPI_Wait() 
  0.8        0.158        1,498           4          12     374600 INIT_COMM 
  0.8        1,498        1,498           4           0     374560 MPI_Init() 
  0.3          473          473      202840           0          2 MPI_Send() 
  0.2          213          328           4           8      82137 ERHS 
  0.2          113          268           4       1E+06      67213 ERROR 
  0.0           16           54           8      124848       6800 SETBV 
  0.0           19           27          16          16       1744 L2NORM 
  0.0           12           12          40           0        322 MPI_Allreduce() 
  0.0            7            7           4           0       1765 ALLOC_SPACE 
  0.0            3            3        2040           0          2 MPI_Irecv() 
  0.0        0.522            2           4           5        627 READ_INPUT 
  0.0        0.036            1           4          40        496 BCAST_INPUTS 
  0.0            1            1          40           0         49 MPI_Bcast() 
  0.0         0.86            1           4          24        250 PINTGR 
  0.0        0.213        0.213           1           0        213 VERIFY 
  0.0        0.059        0.059           8           0          7 MPI_Barrier() 
  0.0        0.008        0.024           4          12          6 EXCHANGE_4 
  0.0        0.009        0.013           4           6          3 EXCHANGE_5 
  0.0        0.011        0.011           4           4          3 PROC_GRID 
  0.0        0.002        0.009           4           6          2 EXCHANGE_6 
  0.0        0.004        0.004           4           0          1 SETCOEFF 
  0.0        0.003        0.003           4           0          1 MPI_Comm_size() 
  0.0        0.001        0.001           4           0          0 MPI_Comm_rank() 
  0.0        0.001        0.001           1           0          1 SET_CLASS 
  0.0        0.001        0.001           4           0          0 SUBDOMAIN 
  0.0            0            0           4           0          0 ISQRT2 
  0.0            0            0           4           0          0 NEIGHBORS 

FUNCTION SUMMARY (mean):
---------------------------------------------------------------------------------------
%Time    Exclusive    Inclusive       #Call      #Subrs  Inclusive Name
              msec   total msec                          usec/call 
---------------------------------------------------------------------------------------
100.0       0.0055       44,076           1           1   44076593 .TAU application
100.0        0.106       44,076           1       17.25   44076587 APPLU 
 84.4        1,536       37,212           2 5.12066E+06   18606207 SSOR 
 24.0        9,874       10,570         253         506      41780 RHS 
 14.0        6,179        6,179   1.255E+06           0          5 JACLD 
 13.9        6,115        6,115   1.255E+06           0          5 JACU 
 13.7        6,056        6,056   1.255E+06           0          5 BLTS 
 13.4        5,918        5,918   1.255E+06           0          5 BUTS 
 12.5        5,527        5,527           1           0    5527297 MPI_Finalize() 
  1.9           81          827      100400      100400          8 EXCHANGE_1 
  1.8          331          796           2       3E+06     398260 SETIV 
  1.6          200          724         508        1524       1426 EXCHANGE_3 
  1.6          695          695       50200           0         14 MPI_Recv() 
  1.2          512          512 3.28121E+06           0          0 EXACT 
  1.0          455          455         510           0        893 MPI_Wait() 
  0.8       0.0395          374           1           3     374600 INIT_COMM 
  0.8          374          374           1           0     374560 MPI_Init() 
  0.3          118          118       50710           0          2 MPI_Send() 
  0.2           53           82           1           2      82137 ERHS 
  0.2           28           67           1      250001      67213 ERROR 
  0.0            4           13           2       31212       6800 SETBV 
  0.0            4            6           4           4       1744 L2NORM 
  0.0            3            3          10           0        322 MPI_Allreduce() 
  0.0            1            1           1           0       1765 ALLOC_SPACE 
  0.0        0.775        0.775         510           0          2 MPI_Irecv() 
  0.0        0.131        0.627           1        1.25        627 READ_INPUT 
  0.0        0.009        0.496           1          10        496 BCAST_INPUTS 
  0.0        0.487        0.487          10           0         49 MPI_Bcast() 
  0.0        0.215        0.251           1           6        250 PINTGR 
  0.0       0.0532       0.0532        0.25           0        213 VERIFY 
  0.0       0.0147       0.0147           2           0          7 MPI_Barrier() 
  0.0        0.002        0.006           1           3          6 EXCHANGE_4 
  0.0      0.00225      0.00325           1         1.5          3 EXCHANGE_5 
  0.0      0.00275      0.00275           1           1          3 PROC_GRID 
  0.0       0.0005      0.00225           1         1.5          2 EXCHANGE_6 
  0.0        0.001        0.001           1           0          1 SETCOEFF 
  0.0      0.00075      0.00075           1           0          1 MPI_Comm_size() 
  0.0      0.00025      0.00025           1           0          0 MPI_Comm_rank() 
  0.0      0.00025      0.00025        0.25           0          1 SET_CLASS 
  0.0      0.00025      0.00025           1           0          0 SUBDOMAIN 
  0.0            0            0           1           0          0 ISQRT2 
  0.0            0            0           1           0          0 NEIGHBORS 
