Reading Profile files in profile.*

FUNCTION SUMMARY (total):
---------------------------------------------------------------------------------------
%Time    Exclusive    Inclusive       #Call      #Subrs  Inclusive Name
              msec   total msec                          usec/call 
---------------------------------------------------------------------------------------
100.0        0.009       46,533           2           2   23266726 .TAU application
100.0        0.253       46,533           2          35   23266722 APPLU 
 73.8        1,392       34,337           4 7.84377E+06    8584400 SSOR 
 23.0       10,687       10,687           2           0    5343892 MPI_Finalize() 
 18.0        7,873        8,395         506        1012      16591 RHS 
 13.3        6,185        6,185 1.92969E+06           0          3 JACLD 
 13.1        6,087        6,087 1.92969E+06           0          3 JACU 
 12.7        5,922        5,922 1.92969E+06           0          3 BLTS 
 12.3        5,735        5,735 1.92969E+06           0          3 BUTS 
  1.6          304          737           4 2.85994E+06     184391 SETIV 
  1.4        0.092          641           2           6     320824 INIT_COMM 
  1.4          641          641           2           0     320778 MPI_Init() 
  1.3           66          614      124496       62248          5 EXCHANGE_1 
  1.1          172          524        1016        1524        516 EXCHANGE_3 
  1.1          501          501       31124           0         16 MPI_Recv() 
  1.0          480          480 3.14742E+06           0          0 EXACT 
  0.7          307          307         511           0        602 MPI_Wait() 
  0.2           89           89       31635           0          3 MPI_Send() 
  0.1           26           62           2      238330      31332 ERROR 
  0.1           42           45           2           4      22554 ERHS 
  0.0            5           16           4       49152       4043 SETBV 
  0.0            2            4           8           8        559 L2NORM 
  0.0            2            2          20           0        138 MPI_Allreduce() 
  0.0            2            2           2           0       1342 ALLOC_SPACE 
  0.0        0.411            1           2           3        726 READ_INPUT 
  0.0        0.022            1           2          20        520 BCAST_INPUTS 
  0.0            1            1          20           0         51 MPI_Bcast() 
  0.0        0.671        0.671         511           0          1 MPI_Irecv() 
  0.0        0.264          0.3           2          14        150 PINTGR 
  0.0        0.204        0.204           1           0        204 VERIFY 
  0.0        0.043        0.043           4           0         11 MPI_Barrier() 
  0.0        0.004         0.01           2           3          5 EXCHANGE_4 
  0.0        0.002        0.006           4           6          2 EXCHANGE_5 
  0.0        0.003        0.004           2           2          2 PROC_GRID 
  0.0        0.002        0.002           2           0          1 SUBDOMAIN 
  0.0        0.001        0.001           2           0          0 ISQRT2 
  0.0        0.001        0.001           2           0          0 MPI_Comm_size() 
  0.0        0.001        0.001           2           0          0 NEIGHBORS 
  0.0        0.001        0.001           2           0          0 SETCOEFF 
  0.0        0.001        0.001           1           0          1 SET_CLASS 
  0.0            0            0           2           0          0 EXCHANGE_6 
  0.0            0            0           2           0          0 MPI_Comm_rank() 

FUNCTION SUMMARY (mean):
---------------------------------------------------------------------------------------
%Time    Exclusive    Inclusive       #Call      #Subrs  Inclusive Name
              msec   total msec                          usec/call 
---------------------------------------------------------------------------------------
100.0       0.0045       23,266           1           1   23266726 .TAU application
100.0        0.127       23,266           1        17.5   23266722 APPLU 
 73.8          696       17,168           2 3.92188E+06    8584400 SSOR 
 23.0        5,343        5,343           1           0    5343892 MPI_Finalize() 
 18.0        3,936        4,197         253         506      16591 RHS 
 13.3        3,092        3,092      964844           0          3 JACLD 
 13.1        3,043        3,043      964844           0          3 JACU 
 12.7        2,961        2,961      964844           0          3 BLTS 
 12.3        2,867        2,867      964844           0          3 BUTS 
  1.6          152          368           2 1.42997E+06     184391 SETIV 
  1.4        0.046          320           1           3     320824 INIT_COMM 
  1.4          320          320           1           0     320778 MPI_Init() 
  1.3           33          307       62248       31124          5 EXCHANGE_1 
  1.1           86          262         508         762        516 EXCHANGE_3 
  1.1          250          250       15562           0         16 MPI_Recv() 
  1.0          240          240 1.57371E+06           0          0 EXACT 
  0.7          153          153       255.5           0        602 MPI_Wait() 
  0.2           44           44     15817.5           0          3 MPI_Send() 
  0.1           13           31           1      119165      31332 ERROR 
  0.1           21           22           1           2      22554 ERHS 
  0.0            2            8           2       24576       4043 SETBV 
  0.0            1            2           4           4        559 L2NORM 
  0.0            1            1          10           0        138 MPI_Allreduce() 
  0.0            1            1           1           0       1342 ALLOC_SPACE 
  0.0        0.205        0.727           1         1.5        726 READ_INPUT 
  0.0        0.011         0.52           1          10        520 BCAST_INPUTS 
  0.0        0.509        0.509          10           0         51 MPI_Bcast() 
  0.0        0.336        0.336       255.5           0          1 MPI_Irecv() 
  0.0        0.132         0.15           1           7        150 PINTGR 
  0.0        0.102        0.102         0.5           0        204 VERIFY 
  0.0       0.0215       0.0215           2           0         11 MPI_Barrier() 
  0.0        0.002        0.005           1         1.5          5 EXCHANGE_4 
  0.0        0.001        0.003           2           3          2 EXCHANGE_5 
  0.0       0.0015        0.002           1           1          2 PROC_GRID 
  0.0        0.001        0.001           1           0          1 SUBDOMAIN 
  0.0       0.0005       0.0005           1           0          0 ISQRT2 
  0.0       0.0005       0.0005           1           0          0 MPI_Comm_size() 
  0.0       0.0005       0.0005           1           0          0 NEIGHBORS 
  0.0       0.0005       0.0005           1           0          0 SETCOEFF 
  0.0       0.0005       0.0005         0.5           0          1 SET_CLASS 
  0.0            0            0           1           0          0 EXCHANGE_6 
  0.0            0            0           1           0          0 MPI_Comm_rank() 
