Reading Profile files in profile.*

FUNCTION SUMMARY (total):
---------------------------------------------------------------------------------------
%Time    Exclusive    Inclusive       #Call      #Subrs  Inclusive Name
              msec   total msec                          usec/call 
---------------------------------------------------------------------------------------
100.0        0.005     2:25.213           1           1  145213737 .TAU application
100.0        0.198     2:25.213           1          18  145213732 APPLU 
 93.7        4,284     2:15.998           2 1.01407E+07   67999220 SSOR 
 24.4       35,502       35,503         253         506     140328 RHS 
 16.9       24,485       24,485    2.51E+06           0         10 JACLD 
 16.7       24,244       24,244    2.51E+06           0         10 BLTS 
 16.4       23,843       23,843    2.51E+06           0          9 JACU 
 16.3       23,605       23,605    2.51E+06           0          9 BUTS 
  3.6        5,295        5,295           1           0    5295230 MPI_Finalize() 
  2.1        1,278        3,099           2     1.2E+07    1549685 SETIV 
  1.4        2,003        2,003 1.31248E+07           0          0 EXACT 
  0.2        0.039          316           1           3     316013 INIT_COMM 
  0.2          315          315           1           0     315974 MPI_Init() 
  0.2          111          263           1       1E+06     263131 ERROR 
  0.1          194          194           1           2     194783 ERHS 
  0.0           12           43           2      124848      21750 SETBV 
  0.0           16           16           4           4       4184 L2NORM 
  0.0           14           14      100400           0          0 EXCHANGE_1 
  0.0            1            1           1           0       1776 ALLOC_SPACE 
  0.0        0.604        0.605           1           8        605 PINTGR 
  0.0        0.537        0.537         508           0          1 EXCHANGE_3 
  0.0        0.423        0.439           1           2        439 READ_INPUT 
  0.0        0.242        0.242           1           0        242 VERIFY 
  0.0        0.069        0.069          10           0          7 MPI_Allreduce() 
  0.0        0.012        0.016           1          10         16 BCAST_INPUTS 
  0.0        0.004        0.004          10           0          0 MPI_Bcast() 
  0.0        0.002        0.002           1           1          2 PROC_GRID 
  0.0        0.001        0.001           2           0          0 MPI_Barrier() 
  0.0        0.001        0.001           1           0          1 NEIGHBORS 
  0.0        0.001        0.001           1           0          1 SETCOEFF 
  0.0        0.001        0.001           1           0          1 SUBDOMAIN 
  0.0            0            0           1           0          0 EXCHANGE_4 
  0.0            0            0           2           0          0 EXCHANGE_5 
  0.0            0            0           2           0          0 EXCHANGE_6 
  0.0            0            0           1           0          0 ISQRT2 
  0.0            0            0           1           0          0 MPI_Comm_rank() 
  0.0            0            0           1           0          0 MPI_Comm_size() 
  0.0            0            0           1           0          0 SET_CLASS 

FUNCTION SUMMARY (mean):
---------------------------------------------------------------------------------------
%Time    Exclusive    Inclusive       #Call      #Subrs  Inclusive Name
              msec   total msec                          usec/call 
---------------------------------------------------------------------------------------
100.0        0.005     2:25.213           1           1  145213737 .TAU application
100.0        0.198     2:25.213           1          18  145213732 APPLU 
 93.7        4,284     2:15.998           2 1.01407E+07   67999220 SSOR 
 24.4       35,502       35,503         253         506     140328 RHS 
 16.9       24,485       24,485    2.51E+06           0         10 JACLD 
 16.7       24,244       24,244    2.51E+06           0         10 BLTS 
 16.4       23,843       23,843    2.51E+06           0          9 JACU 
 16.3       23,605       23,605    2.51E+06           0          9 BUTS 
  3.6        5,295        5,295           1           0    5295230 MPI_Finalize() 
  2.1        1,278        3,099           2     1.2E+07    1549685 SETIV 
  1.4        2,003        2,003 1.31248E+07           0          0 EXACT 
  0.2        0.039          316           1           3     316013 INIT_COMM 
  0.2          315          315           1           0     315974 MPI_Init() 
  0.2          111          263           1       1E+06     263131 ERROR 
  0.1          194          194           1           2     194783 ERHS 
  0.0           12           43           2      124848      21750 SETBV 
  0.0           16           16           4           4       4184 L2NORM 
  0.0           14           14      100400           0          0 EXCHANGE_1 
  0.0            1            1           1           0       1776 ALLOC_SPACE 
  0.0        0.604        0.605           1           8        605 PINTGR 
  0.0        0.537        0.537         508           0          1 EXCHANGE_3 
  0.0        0.423        0.439           1           2        439 READ_INPUT 
  0.0        0.242        0.242           1           0        242 VERIFY 
  0.0        0.069        0.069          10           0          7 MPI_Allreduce() 
  0.0        0.012        0.016           1          10         16 BCAST_INPUTS 
  0.0        0.004        0.004          10           0          0 MPI_Bcast() 
  0.0        0.002        0.002           1           1          2 PROC_GRID 
  0.0        0.001        0.001           2           0          0 MPI_Barrier() 
  0.0        0.001        0.001           1           0          1 NEIGHBORS 
  0.0        0.001        0.001           1           0          1 SETCOEFF 
  0.0        0.001        0.001           1           0          1 SUBDOMAIN 
  0.0            0            0           1           0          0 EXCHANGE_4 
  0.0            0            0           2           0          0 EXCHANGE_5 
  0.0            0            0           2           0          0 EXCHANGE_6 
  0.0            0            0           1           0          0 ISQRT2 
  0.0            0            0           1           0          0 MPI_Comm_rank() 
  0.0            0            0           1           0          0 MPI_Comm_size() 
  0.0            0            0           1           0          0 SET_CLASS 
