Reading Profile files in profile.*

FUNCTION SUMMARY (total):
---------------------------------------------------------------------------------------
%Time    Exclusive    Inclusive       #Call      #Subrs  Inclusive Name
              msec   total msec                          usec/call 
---------------------------------------------------------------------------------------
100.0        0.005  3:10:35.174           1           1 11435174361 .TAU application
100.0        0.324  3:10:35.174           1          18 11435174356 APPLU 
 97.9     4:55.140  3:06:29.454           2 1.98952E+08 5594727080 SSOR 
 27.5    52:29.305    52:29.305         303         606   10393749 RHS 
 17.4    33:05.582    33:05.582 4.96156E+07           0         40 JACLD 
 17.1    32:36.475    32:36.475 4.96156E+07           0         39 BLTS 
 16.8    32:00.079    32:00.079 4.96156E+07           0         39 BUTS 
 16.5    31:21.720    31:21.720 4.96156E+07           0         38 JACU 
  1.8     1:25.581     3:27.359           2 8.03081E+08  103679594 SETIV 
  1.2     2:12.853     2:12.853 8.72002E+08           0          0 EXACT 
  0.2        7,456       17,616           1 6.69234E+07   17616941 ERROR 
  0.1       13,759       13,759           1           2   13759867 ERHS 
  0.0        5,492        5,492           1           0    5492888 MPI_Finalize() 
  0.0          203        1,119           2 1.99757E+06     559655 SETBV 
  0.0        1,033        1,033           4           4     258488 L2NORM 
  0.0         0.04          314           1           3     314740 INIT_COMM 
  0.0          314          314           1           0     314700 MPI_Init() 
  0.0          117          117      488824           0          0 EXCHANGE_1 
  0.0           44           44           1           0      44094 VERIFY 
  0.0           10           10           1           8      10210 PINTGR 
  0.0            2            2           1           0       2205 ALLOC_SPACE 
  0.0        0.773        0.773         608           0          1 EXCHANGE_3 
  0.0        0.408        0.423           1           2        423 READ_INPUT 
  0.0        0.086        0.086          10           0          9 MPI_Allreduce() 
  0.0        0.007        0.015           1          10         15 BCAST_INPUTS 
  0.0        0.008        0.008          10           0          1 MPI_Bcast() 
  0.0        0.002        0.002           2           0          1 MPI_Barrier() 
  0.0        0.001        0.002           1           1          2 PROC_GRID 
  0.0        0.001        0.001           1           0          1 ISQRT2 
  0.0        0.001        0.001           1           0          1 NEIGHBORS 
  0.0        0.001        0.001           1           0          1 SETCOEFF 
  0.0            0            0           1           0          0 EXCHANGE_4 
  0.0            0            0           2           0          0 EXCHANGE_5 
  0.0            0            0           2           0          0 EXCHANGE_6 
  0.0            0            0           1           0          0 MPI_Comm_rank() 
  0.0            0            0           1           0          0 MPI_Comm_size() 
  0.0            0            0           1           0          0 SET_CLASS 
  0.0            0            0           1           0          0 SUBDOMAIN 

FUNCTION SUMMARY (mean):
---------------------------------------------------------------------------------------
%Time    Exclusive    Inclusive       #Call      #Subrs  Inclusive Name
              msec   total msec                          usec/call 
---------------------------------------------------------------------------------------
100.0        0.005  3:10:35.174           1           1 11435174361 .TAU application
100.0        0.324  3:10:35.174           1          18 11435174356 APPLU 
 97.9     4:55.140  3:06:29.454           2 1.98952E+08 5594727080 SSOR 
 27.5    52:29.305    52:29.305         303         606   10393749 RHS 
 17.4    33:05.582    33:05.582 4.96156E+07           0         40 JACLD 
 17.1    32:36.475    32:36.475 4.96156E+07           0         39 BLTS 
 16.8    32:00.079    32:00.079 4.96156E+07           0         39 BUTS 
 16.5    31:21.720    31:21.720 4.96156E+07           0         38 JACU 
  1.8     1:25.581     3:27.359           2 8.03081E+08  103679594 SETIV 
  1.2     2:12.853     2:12.853 8.72002E+08           0          0 EXACT 
  0.2        7,456       17,616           1 6.69234E+07   17616941 ERROR 
  0.1       13,759       13,759           1           2   13759867 ERHS 
  0.0        5,492        5,492           1           0    5492888 MPI_Finalize() 
  0.0          203        1,119           2 1.99757E+06     559655 SETBV 
  0.0        1,033        1,033           4           4     258488 L2NORM 
  0.0         0.04          314           1           3     314740 INIT_COMM 
  0.0          314          314           1           0     314700 MPI_Init() 
  0.0          117          117      488824           0          0 EXCHANGE_1 
  0.0           44           44           1           0      44094 VERIFY 
  0.0           10           10           1           8      10210 PINTGR 
  0.0            2            2           1           0       2205 ALLOC_SPACE 
  0.0        0.773        0.773         608           0          1 EXCHANGE_3 
  0.0        0.408        0.423           1           2        423 READ_INPUT 
  0.0        0.086        0.086          10           0          9 MPI_Allreduce() 
  0.0        0.007        0.015           1          10         15 BCAST_INPUTS 
  0.0        0.008        0.008          10           0          1 MPI_Bcast() 
  0.0        0.002        0.002           2           0          1 MPI_Barrier() 
  0.0        0.001        0.002           1           1          2 PROC_GRID 
  0.0        0.001        0.001           1           0          1 ISQRT2 
  0.0        0.001        0.001           1           0          1 NEIGHBORS 
  0.0        0.001        0.001           1           0          1 SETCOEFF 
  0.0            0            0           1           0          0 EXCHANGE_4 
  0.0            0            0           2           0          0 EXCHANGE_5 
  0.0            0            0           2           0          0 EXCHANGE_6 
  0.0            0            0           1           0          0 MPI_Comm_rank() 
  0.0            0            0           1           0          0 MPI_Comm_size() 
  0.0            0            0           1           0          0 SET_CLASS 
  0.0            0            0           1           0          0 SUBDOMAIN 
