Reading Profile files in profile.*

FUNCTION SUMMARY (total):
---------------------------------------------------------------------------------------
%Time    Exclusive    Inclusive       #Call      #Subrs  Inclusive Name
              msec   total msec                          usec/call 
---------------------------------------------------------------------------------------
100.0        0.033  2:50:32.619           4           4 2558154867 .TAU application
100.0        1,341  2:50:32.619           4        1648 2558154859 CG 
 98.7  2:46:33.610  2:48:23.058         404      126048   25007571 CONJ_GRAD 
  1.0       11,496     1:43.684           4     1.2E+07   25921044 MAKEA 
  0.9     1:28.875     1:28.875       42420           0       2095 MPI_Send() 
  0.5       29,141       51,053       6E+06 1.76189E+08          9 SPRNVC 
  0.4       40,252       40,252           4           0   10063020 SPARSE 
  0.2       22,117       22,117           4           0    5529346 MPI_Finalize() 
  0.2       21,911       21,911 1.76189E+08           0          0 ICNVRT 
  0.2       20,486       20,486       42420           0        483 MPI_Wait() 
  0.0        0.615        2,370           4          16     592625 INITIALIZE_MPI 
  0.0        2,368        2,368           4           0     592070 MPI_Init() 
  0.0          882          882       6E+06           0          0 VECSET 
  0.0          102          102       42420           0          2 MPI_Irecv() 
  0.0           30           30           4           0       7621 ALLOC_SPACE 
  0.0            1            1           4           0        400 MPI_Bcast() 
  0.0         0.33         0.33           4           0         82 MPI_Barrier() 
  0.0         0.13         0.13           4           0         32 MPI_Reduce() 
  0.0        0.001        0.001           4           0          0 MPI_Comm_rank() 
  0.0        0.001        0.001           4           0          0 MPI_Comm_size() 
  0.0        0.001        0.001           4           0          0 SETUP_PROC_INFO 
  0.0        0.001        0.001           4           0          0 SETUP_SUBMATRIX_INFO 

FUNCTION SUMMARY (mean):
---------------------------------------------------------------------------------------
%Time    Exclusive    Inclusive       #Call      #Subrs  Inclusive Name
              msec   total msec                          usec/call 
---------------------------------------------------------------------------------------
100.0      0.00825    42:38.154           1           1 2558154867 .TAU application
100.0          335    42:38.154           1         412 2558154859 CG 
 98.7    41:38.402    42:05.764         101       31512   25007571 CONJ_GRAD 
  1.0        2,874       25,921           1       3E+06   25921044 MAKEA 
  0.9       22,218       22,218       10605           0       2095 MPI_Send() 
  0.5        7,285       12,763     1.5E+06 4.40472E+07          9 SPRNVC 
  0.4       10,063       10,063           1           0   10063020 SPARSE 
  0.2        5,529        5,529           1           0    5529346 MPI_Finalize() 
  0.2        5,477        5,477 4.40472E+07           0          0 ICNVRT 
  0.2        5,121        5,121       10605           0        483 MPI_Wait() 
  0.0        0.154          592           1           4     592625 INITIALIZE_MPI 
  0.0          592          592           1           0     592070 MPI_Init() 
  0.0          220          220     1.5E+06           0          0 VECSET 
  0.0           25           25       10605           0          2 MPI_Irecv() 
  0.0            7            7           1           0       7621 ALLOC_SPACE 
  0.0          0.4          0.4           1           0        400 MPI_Bcast() 
  0.0       0.0825       0.0825           1           0         82 MPI_Barrier() 
  0.0       0.0325       0.0325           1           0         32 MPI_Reduce() 
  0.0      0.00025      0.00025           1           0          0 MPI_Comm_rank() 
  0.0      0.00025      0.00025           1           0          0 MPI_Comm_size() 
  0.0      0.00025      0.00025           1           0          0 SETUP_PROC_INFO 
  0.0      0.00025      0.00025           1           0          0 SETUP_SUBMATRIX_INFO 
