Reading Profile files in profile.*

FUNCTION SUMMARY (total):
---------------------------------------------------------------------------------------
%Time    Exclusive    Inclusive       #Call      #Subrs  Inclusive Name
              msec   total msec                          usec/call 
---------------------------------------------------------------------------------------
100.0        0.006     4:53.129           1           1  293129955 .TAU application
100.0        0.412     4:53.129           1          72  293129949 FT 
 83.8        0.083     4:05.665          22          66   11166625 FFT 
 55.8       11,144     2:43.469 1.08134E+06  9.7321E+06        151 CFFTZ 
 52.0     2:32.325     2:32.325  9.7321E+06           0         16 FFTZ2 
 35.0       47,923     1:42.706          22      360470    4668485 CFFTS3 
 24.8       18,035     1:12.598          22      360470    3299920 CFFTS2 
 24.0       16,237     1:10.360          22      360470    3198216 CFFTS1 
  9.3       27,324       27,324           2           0   13662184 COMPUTE_INDEXMAP 
  4.5       13,261       13,261          20           0     663064 EVOLVE 
  1.8        5,350        5,350           1           0    5350860 MPI_Finalize() 
  0.4        1,208        1,208           2           4     604111 COMPUTE_INITIAL_CONDITIONS 
  0.1        0.487          317           1          12     317482 SETUP 
  0.1          315          315           1           0     315562 MPI_Init() 
  0.0            1            1          20          20         72 CHECKSUM 
  0.0            1            1           1           0       1331 ALLOC_SPACE 
  0.0        0.126        0.126          20           0          6 MPI_Reduce() 
  0.0        0.102        0.103           2           2         52 FFT_INIT 
  0.0        0.095        0.095           2           0         48 MPI_Comm_split() 
  0.0        0.023        0.023           1           0         23 VERIFY 
  0.0        0.012        0.012          68           0          0 ILOG2 
  0.0        0.005        0.005           5           0          1 MPI_Bcast() 
  0.0        0.003        0.003           1           0          3 MPI_Barrier() 
  0.0        0.002        0.002           4           0          0 IPOW46 
  0.0        0.001        0.001           1           0          1 MPI_Comm_size() 
  0.0        0.001        0.001           1           0          1 SET_CLASS 
  0.0            0            0           1           0          0 MPI_Comm_rank() 

FUNCTION SUMMARY (mean):
---------------------------------------------------------------------------------------
%Time    Exclusive    Inclusive       #Call      #Subrs  Inclusive Name
              msec   total msec                          usec/call 
---------------------------------------------------------------------------------------
100.0        0.006     4:53.129           1           1  293129955 .TAU application
100.0        0.412     4:53.129           1          72  293129949 FT 
 83.8        0.083     4:05.665          22          66   11166625 FFT 
 55.8       11,144     2:43.469 1.08134E+06  9.7321E+06        151 CFFTZ 
 52.0     2:32.325     2:32.325  9.7321E+06           0         16 FFTZ2 
 35.0       47,923     1:42.706          22      360470    4668485 CFFTS3 
 24.8       18,035     1:12.598          22      360470    3299920 CFFTS2 
 24.0       16,237     1:10.360          22      360470    3198216 CFFTS1 
  9.3       27,324       27,324           2           0   13662184 COMPUTE_INDEXMAP 
  4.5       13,261       13,261          20           0     663064 EVOLVE 
  1.8        5,350        5,350           1           0    5350860 MPI_Finalize() 
  0.4        1,208        1,208           2           4     604111 COMPUTE_INITIAL_CONDITIONS 
  0.1        0.487          317           1          12     317482 SETUP 
  0.1          315          315           1           0     315562 MPI_Init() 
  0.0            1            1          20          20         72 CHECKSUM 
  0.0            1            1           1           0       1331 ALLOC_SPACE 
  0.0        0.126        0.126          20           0          6 MPI_Reduce() 
  0.0        0.102        0.103           2           2         52 FFT_INIT 
  0.0        0.095        0.095           2           0         48 MPI_Comm_split() 
  0.0        0.023        0.023           1           0         23 VERIFY 
  0.0        0.012        0.012          68           0          0 ILOG2 
  0.0        0.005        0.005           5           0          1 MPI_Bcast() 
  0.0        0.003        0.003           1           0          3 MPI_Barrier() 
  0.0        0.002        0.002           4           0          0 IPOW46 
  0.0        0.001        0.001           1           0          1 MPI_Comm_size() 
  0.0        0.001        0.001           1           0          1 SET_CLASS 
  0.0            0            0           1           0          0 MPI_Comm_rank() 
