Reading Profile files in profile.*

FUNCTION SUMMARY (total):
---------------------------------------------------------------------------------------
%Time    Exclusive    Inclusive       #Call      #Subrs  Inclusive Name
              msec   total msec                          usec/call 
---------------------------------------------------------------------------------------
100.0            1  9:38:31.596         225         225  154273760 .TAU application
100.0          215  9:38:31.594         225      116776  154273755 MPSP 
 98.4          890  9:29:08.563      112725      676350     302937 ADI 
 25.8  2:29:23.316  2:29:23.316 9.58185E+06           0        935 MPI_Waitall() 
 23.7    41:45.395  2:16:50.722      112725 1.28506E+07      72839 Y_SOLVE 
 23.4    29:40.462  2:15:26.870      112725 1.28506E+07      72095 Z_SOLVE 
 23.4    52:32.198  2:15:22.787      112725 1.28506E+07      72058 X_SOLVE 
 23.3    20:56.594  2:14:38.762      112950  1.5813E+06      71525 COPY_FACES 
 16.3  1:34:23.143  1:34:23.143      112950           0      50139 COMPUTE_RHS 
 11.5  1:06:18.110  1:06:18.110 1.69088E+06           0       2353 LHSZ 
  6.7    38:32.450    38:32.450 1.69088E+06           0       1368 LHSY 
  5.5    32:00.936    32:00.936 1.69088E+06           0       1136 LHSX 
  2.6    14:46.600    14:46.600      112725           0       7865 ADD 
  2.1    12:18.419    12:18.419      112725           0       6551 TXINVR 
  1.6     9:15.162     9:15.162 1.69088E+06           0        328 TZETAR 
  0.6     1:32.403     3:29.413         450 8.17005E+08     465364 INITIALIZE 
  0.5     2:38.905     2:38.905 1.11437E+09           0          0 EXACT_SOLUTION 
  0.4     2:33.544     2:33.544 1.01466E+07           0         15 MPI_Isend() 
  0.3            5     1:54.731         225        1125     509920 SETUP_MPI 
  0.3     1:54.406     1:54.406         225           0     508475 MPI_Init() 
  0.3     1:54.193     1:54.193         225           0     507529 MPI_Finalize() 
  0.3     1:41.314     1:41.314 1.69088E+06           0         60 NINVR 
  0.3     1:38.564     1:38.564 1.01466E+07           0         10 MPI_Irecv() 
  0.3     1:37.949     1:37.949 1.69088E+06           0         58 PINVR 
  0.2       32,663     1:05.023         225 2.29452E+08     288995 EXACT_RHS 
  0.1            3       43,212         225         675     192057 VERIFY 
  0.1        7,602       20,026         225 6.79175E+07      89005 ERROR_NORM 
  0.0       11,224       11,224         450           0      24943 MPI_Barrier() 
  0.0        9,175        9,175         450           0      20391 MPI_Allreduce() 
  0.0          406        6,693         225         225      29748 RHS_NORM 
  0.0        2,828        2,828         225           0      12573 LHSINIT 
  0.0        2,011        2,011         225           0       8942 ALLOC_SPACE 
  0.0          319          319         450           0        710 MPI_Comm_dup() 
  0.0          169          169         900           0        188 MPI_Bcast() 
  0.0            3            3         225           0         15 MPI_Reduce() 
  0.0          0.5          0.5         225           0          2 MAKE_SET 
  0.0        0.469        0.469         225           0          2 SET_CONSTANTS 
  0.0        0.171        0.171         225           0          1 COMPUTE_BUFFER_SIZE 
  0.0        0.087        0.087         225           0          0 MPI_Comm_size() 
  0.0        0.031        0.031         225           0          0 MPI_Comm_rank() 
  0.0        0.001        0.001           1           0          1 SET_CLASS 

FUNCTION SUMMARY (mean):
---------------------------------------------------------------------------------------
%Time    Exclusive    Inclusive       #Call      #Subrs  Inclusive Name
              msec   total msec                          usec/call 
---------------------------------------------------------------------------------------
100.0      0.00491     2:34.273           1           1  154273760 .TAU application
100.0        0.958     2:34.273           1     519.004  154273755 MPSP 
 98.4            3     2:31.771         501        3006     302937 ADI 
 25.8       39,836       39,836       42586           0        935 MPI_Waitall() 
 23.7       11,135       36,492         501       57114      72839 Y_SOLVE 
 23.4        7,913       36,119         501       57114      72095 Z_SOLVE 
 23.4       14,009       36,101         501       57114      72058 X_SOLVE 
 23.3        5,584       35,905         502        7028      71525 COPY_FACES 
 16.3       25,169       25,169         502           0      50139 COMPUTE_RHS 
 11.5       17,680       17,680        7515           0       2353 LHSZ 
  6.7       10,277       10,277        7515           0       1368 LHSY 
  5.5        8,537        8,537        7515           0       1136 LHSX 
  2.6        3,940        3,940         501           0       7865 ADD 
  2.1        3,281        3,281         501           0       6551 TXINVR 
  1.6        2,467        2,467        7515           0        328 TZETAR 
  0.6          410          930           2 3.63113E+06     465364 INITIALIZE 
  0.5          706          706 4.95277E+06           0          0 EXACT_SOLUTION 
  0.4          682          682       45096           0         15 MPI_Isend() 
  0.3       0.0242          509           1           5     509920 SETUP_MPI 
  0.3          508          508           1           0     508475 MPI_Init() 
  0.3          507          507           1           0     507529 MPI_Finalize() 
  0.3          450          450        7515           0         60 NINVR 
  0.3          438          438       45096           0         10 MPI_Irecv() 
  0.3          435          435        7515           0         58 PINVR 
  0.2          145          288           1 1.01979E+06     288995 EXACT_RHS 
  0.1       0.0163          192           1           3     192057 VERIFY 
  0.1           33           89           1      301856      89005 ERROR_NORM 
  0.0           49           49           2           0      24943 MPI_Barrier() 
  0.0           40           40           2           0      20391 MPI_Allreduce() 
  0.0            1           29           1           1      29748 RHS_NORM 
  0.0           12           12           1           0      12573 LHSINIT 
  0.0            8            8           1           0       8942 ALLOC_SPACE 
  0.0            1            1           2           0        710 MPI_Comm_dup() 
  0.0        0.754        0.754           4           0        188 MPI_Bcast() 
  0.0       0.0151       0.0151           1           0         15 MPI_Reduce() 
  0.0      0.00222      0.00222           1           0          2 MAKE_SET 
  0.0      0.00208      0.00208           1           0          2 SET_CONSTANTS 
  0.0      0.00076      0.00076           1           0          1 COMPUTE_BUFFER_SIZE 
  0.0     0.000387     0.000387           1           0          0 MPI_Comm_size() 
  0.0     0.000138     0.000138           1           0          0 MPI_Comm_rank() 
  0.0     4.44E-06     4.44E-06  0.00444444           0          1 SET_CLASS 
