Reading Profile files in profile.*

FUNCTION SUMMARY (total):
---------------------------------------------------------------------------------------
%Time    Exclusive    Inclusive       #Call      #Subrs  Inclusive Name
              msec   total msec                          usec/call 
---------------------------------------------------------------------------------------
100.0         0.97  9:25:53.755         196         196  173233445 .TAU application
100.0          204  9:25:53.754         196      101725  173233441 MPSP 
 98.4          878  9:17:04.248       98196      589176     340383 ADI 
 26.0    20:35.336  2:27:02.478       98392 1.37749E+06      89667 COPY_FACES 
 23.8    31:18.583  2:14:24.943       98196 1.04088E+07      82131 Z_SOLVE 
 23.1    58:20.141  2:10:49.454       98196 1.04088E+07      79937 X_SOLVE 
 20.4    46:03.160  1:55:42.084       98196 1.04088E+07      70696 Y_SOLVE 
 19.7  1:51:44.626  1:51:44.626       98392           0      68142 COMPUTE_RHS 
 17.5  1:39:01.123  1:39:01.123 7.75768E+06           0        766 MPI_Waitall() 
 12.2  1:09:17.864  1:09:17.864 1.37474E+06           0       3024 LHSZ 
  7.2    40:28.871    40:28.871 1.37474E+06           0       1767 LHSY 
  6.2    34:56.295    34:56.295 1.37474E+06           0       1525 LHSX 
  2.7    15:06.082    15:06.082       98196           0       9227 ADD 
  2.5    14:16.389    14:16.389       98196           0       8721 TXINVR 
  1.6     8:49.247     8:49.247 1.37474E+06           0        385 TZETAR 
  0.6     1:32.157     3:28.562         392 8.17005E+08     532046 INITIALIZE 
  0.5     2:37.928     2:37.928  1.1124E+09           0          0 EXACT_SOLUTION 
  0.4     2:17.405     2:17.405 8.24964E+06           0         17 MPI_Isend() 
  0.3     1:50.567     1:50.567 1.37474E+06           0         80 NINVR 
  0.3     1:42.983     1:42.983 8.24964E+06           0         12 MPI_Irecv() 
  0.3            4     1:42.203         196         980     521448 SETUP_MPI 
  0.3     1:41.918     1:41.918         196           0     519990 MPI_Init() 
  0.3     1:39.620     1:39.620         196           0     508270 MPI_Finalize() 
  0.3     1:32.752     1:32.752 1.37474E+06           0         67 PINVR 
  0.2       32,589     1:04.581         196 2.27474E+08     329499 EXACT_RHS 
  0.1            4       48,129         196         588     245559 VERIFY 
  0.1        7,688       22,328         196 6.79175E+07     113919 ERROR_NORM 
  0.0       12,386       12,386         392           0      31598 MPI_Allreduce() 
  0.0          456        7,735         196         196      39466 RHS_NORM 
  0.0        2,820        2,820         196           0      14389 LHSINIT 
  0.0        1,757        1,757         196           0       8964 ALLOC_SPACE 
  0.0        1,449        1,449         392           0       3698 MPI_Barrier() 
  0.0          280          280         392           0        716 MPI_Comm_dup() 
  0.0          172          172         784           0        220 MPI_Bcast() 
  0.0            2            2         196           0         15 MPI_Reduce() 
  0.0        0.443        0.443         196           0          2 SET_CONSTANTS 
  0.0        0.421        0.421         196           0          2 MAKE_SET 
  0.0        0.144        0.144         196           0          1 COMPUTE_BUFFER_SIZE 
  0.0        0.092        0.092         196           0          0 MPI_Comm_size() 
  0.0        0.032        0.032         196           0          0 MPI_Comm_rank() 
  0.0        0.001        0.001           1           0          1 SET_CLASS 

FUNCTION SUMMARY (mean):
---------------------------------------------------------------------------------------
%Time    Exclusive    Inclusive       #Call      #Subrs  Inclusive Name
              msec   total msec                          usec/call 
---------------------------------------------------------------------------------------
100.0      0.00495     2:53.233           1           1  173233445 .TAU application
100.0            1     2:53.233           1     519.005  173233441 MPSP 
 98.4            4     2:50.531         501        3006     340383 ADI 
 26.0        6,302       45,012         502        7028      89667 COPY_FACES 
 23.8        9,584       41,147         501       53106      82131 Z_SOLVE 
 23.1       17,857       40,048         501       53106      79937 X_SOLVE 
 20.4       14,097       35,418         501       53106      70696 Y_SOLVE 
 19.7       34,207       34,207         502           0      68142 COMPUTE_RHS 
 17.5       30,311       30,311       39580           0        766 MPI_Waitall() 
 12.2       21,213       21,213        7014           0       3024 LHSZ 
  7.2       12,392       12,392        7014           0       1767 LHSY 
  6.2       10,695       10,695        7014           0       1525 LHSX 
  2.7        4,622        4,622         501           0       9227 ADD 
  2.5        4,369        4,369         501           0       8721 TXINVR 
  1.6        2,700        2,700        7014           0        385 TZETAR 
  0.6          470        1,064           2 4.16839E+06     532046 INITIALIZE 
  0.5          805          805 5.67549E+06           0          0 EXACT_SOLUTION 
  0.4          701          701       42090           0         17 MPI_Isend() 
  0.3          564          564        7014           0         80 NINVR 
  0.3          525          525       42090           0         12 MPI_Irecv() 
  0.3       0.0252          521           1           5     521448 SETUP_MPI 
  0.3          519          519           1           0     519990 MPI_Init() 
  0.3          508          508           1           0     508270 MPI_Finalize() 
  0.3          473          473        7014           0         67 PINVR 
  0.2          166          329           1 1.16058E+06     329499 EXACT_RHS 
  0.1       0.0207          245           1           3     245559 VERIFY 
  0.1           39          113           1      346518     113919 ERROR_NORM 
  0.0           63           63           2           0      31598 MPI_Allreduce() 
  0.0            2           39           1           1      39466 RHS_NORM 
  0.0           14           14           1           0      14389 LHSINIT 
  0.0            8            8           1           0       8964 ALLOC_SPACE 
  0.0            7            7           2           0       3698 MPI_Barrier() 
  0.0            1            1           2           0        716 MPI_Comm_dup() 
  0.0        0.878        0.878           4           0        220 MPI_Bcast() 
  0.0       0.0145       0.0145           1           0         15 MPI_Reduce() 
  0.0      0.00226      0.00226           1           0          2 SET_CONSTANTS 
  0.0      0.00215      0.00215           1           0          2 MAKE_SET 
  0.0     0.000735     0.000735           1           0          1 COMPUTE_BUFFER_SIZE 
  0.0     0.000469     0.000469           1           0          0 MPI_Comm_size() 
  0.0     0.000163     0.000163           1           0          0 MPI_Comm_rank() 
  0.0      5.1E-06      5.1E-06  0.00510204           0          1 SET_CLASS 
