Reading Profile files in profile.*

FUNCTION SUMMARY (total):
---------------------------------------------------------------------------------------
%Time    Exclusive    Inclusive       #Call      #Subrs  Inclusive Name
              msec   total msec                          usec/call 
---------------------------------------------------------------------------------------
100.0        0.965    28:57.744         196         196    8866045 .TAU application
100.0           89    28:57.743         196       82125    8866040 MPSP 
 86.9          364    25:09.241       78596      471576      19203 ADI 
 23.6     1:36.335     6:50.087       78792 1.10309E+06       5205 COPY_FACES 
 21.5     1:47.808     6:12.920       78596 8.33118E+06       4745 Z_SOLVE 
 20.8     6:02.145     6:02.145 6.20928E+06           0         58 MPI_Waitall() 
 19.3     2:02.290     5:35.271       78596 8.33118E+06       4266 X_SOLVE 
 18.4     1:42.562     5:20.491       78596 8.33118E+06       4078 Y_SOLVE 
 13.6     3:56.184     3:56.184       78792           0       2998 COMPUTE_RHS 
  7.3     2:07.545     2:07.545 1.10034E+06           0        116 LHSZ 
  6.0     1:43.402     1:43.402 1.10034E+06           0         94 LHSX 
  5.8     1:40.197     1:40.197         196           0     511213 MPI_Finalize() 
  5.6            4     1:37.716         196         980     498552 SETUP_MPI 
  5.6     1:37.436     1:37.436         196           0     497123 MPI_Init() 
  5.4     1:34.584     1:34.584 1.10034E+06           0         86 LHSY 
  2.2       38,678       38,678       78596           0        492 ADD 
  2.1       35,959       35,959 6.60324E+06           0          5 MPI_Isend() 
  1.9       32,458       32,458       78596           0        413 TXINVR 
  1.8       30,572       30,572 1.10034E+06           0         28 TZETAR 
  0.9        6,898       15,214         392 5.13333E+07      38813 INITIALIZE 
  0.7       11,621       11,621   7.202E+07           0          0 EXACT_SOLUTION 
  0.6       10,272       10,272 6.60324E+06           0          2 MPI_Irecv() 
  0.3        2,949        5,651         196 1.64352E+07      28836 EXACT_RHS 
  0.3        4,631        4,631 1.10034E+06           0          4 PINVR 
  0.3            2        4,545         196         588      23192 VERIFY 
  0.3        4,474        4,474 1.10034E+06           0          4 NINVR 
  0.2        4,328        4,328         392           0      11043 MPI_Barrier() 
  0.2          481        2,667         196 4.25172E+06      13610 ERROR_NORM 
  0.1        2,407        2,407         392           0       6141 MPI_Allreduce() 
  0.0           22          846         196         196       4320 RHS_NORM 
  0.0          414          414         196           0       2116 ALLOC_SPACE 
  0.0          275          275         392           0        702 MPI_Comm_dup() 
  0.0          197          197         196           0       1007 LHSINIT 
  0.0          141          141         784           0        181 MPI_Bcast() 
  0.0            2            2         196           0         15 MPI_Reduce() 
  0.0        0.328        0.328         196           0          2 MAKE_SET 
  0.0        0.325        0.325         196           0          2 SET_CONSTANTS 
  0.0        0.117        0.117         196           0          1 COMPUTE_BUFFER_SIZE 
  0.0        0.096        0.096         196           0          0 MPI_Comm_size() 
  0.0        0.042        0.042         196           0          0 MPI_Comm_rank() 
  0.0            0            0           1           0          0 SET_CLASS 

FUNCTION SUMMARY (mean):
---------------------------------------------------------------------------------------
%Time    Exclusive    Inclusive       #Call      #Subrs  Inclusive Name
              msec   total msec                          usec/call 
---------------------------------------------------------------------------------------
100.0      0.00492        8,866           1           1    8866045 .TAU application
100.0        0.458        8,866           1     419.005    8866040 MPSP 
 86.9            1        7,700         401        2406      19203 ADI 
 23.6          491        2,092         402        5628       5205 COPY_FACES 
 21.5          550        1,902         401       42506       4745 Z_SOLVE 
 20.8        1,847        1,847       31680           0         58 MPI_Waitall() 
 19.3          623        1,710         401       42506       4266 X_SOLVE 
 18.4          523        1,635         401       42506       4078 Y_SOLVE 
 13.6        1,205        1,205         402           0       2998 COMPUTE_RHS 
  7.3          650          650        5614           0        116 LHSZ 
  6.0          527          527        5614           0         94 LHSX 
  5.8          511          511           1           0     511213 MPI_Finalize() 
  5.6        0.024          498           1           5     498552 SETUP_MPI 
  5.6          497          497           1           0     497123 MPI_Init() 
  5.4          482          482        5614           0         86 LHSY 
  2.2          197          197         401           0        492 ADD 
  2.1          183          183       33690           0          5 MPI_Isend() 
  1.9          165          165         401           0        413 TXINVR 
  1.8          155          155        5614           0         28 TZETAR 
  0.9           35           77           2      261904      38813 INITIALIZE 
  0.7           59           59      367449           0          0 EXACT_SOLUTION 
  0.6           52           52       33690           0          2 MPI_Irecv() 
  0.3           15           28           1     83853.1      28836 EXACT_RHS 
  0.3           23           23        5614           0          4 PINVR 
  0.3       0.0115           23           1           3      23192 VERIFY 
  0.3           22           22        5614           0          4 NINVR 
  0.2           22           22           2           0      11043 MPI_Barrier() 
  0.2            2           13           1     21692.5      13610 ERROR_NORM 
  0.1           12           12           2           0       6141 MPI_Allreduce() 
  0.0        0.115            4           1           1       4320 RHS_NORM 
  0.0            2            2           1           0       2116 ALLOC_SPACE 
  0.0            1            1           2           0        702 MPI_Comm_dup() 
  0.0            1            1           1           0       1007 LHSINIT 
  0.0        0.723        0.723           4           0        181 MPI_Bcast() 
  0.0       0.0151       0.0151           1           0         15 MPI_Reduce() 
  0.0      0.00167      0.00167           1           0          2 MAKE_SET 
  0.0      0.00166      0.00166           1           0          2 SET_CONSTANTS 
  0.0     0.000597     0.000597           1           0          1 COMPUTE_BUFFER_SIZE 
  0.0      0.00049      0.00049           1           0          0 MPI_Comm_size() 
  0.0     0.000214     0.000214           1           0          0 MPI_Comm_rank() 
  0.0            0            0  0.00510204           0          0 SET_CLASS 
