Reading Profile files in profile.*

FUNCTION SUMMARY (total):
---------------------------------------------------------------------------------------
%Time    Exclusive    Inclusive       #Call      #Subrs  Inclusive Name
              msec   total msec                          usec/call 
---------------------------------------------------------------------------------------
100.0        0.975     5:17.324         196         196    1619001 .TAU application
100.0           32     5:17.323         196       82125    1618996 MPSP 
 34.7          104     1:50.169       78596      471576       1402 ADI 
 32.3     1:42.592     1:42.592         196           0     523431 MPI_Finalize() 
 32.1            4     1:41.944         196         980     520126 SETUP_MPI 
 32.0     1:41.658     1:41.658         196           0     518665 MPI_Init() 
 12.1       38,493       38,493 6.20928E+06           0          6 MPI_Waitall() 
 10.5        5,992       33,288       78792 1.10309E+06        422 COPY_FACES 
  8.6        7,046       27,314       78596 8.33118E+06        348 Y_SOLVE 
  7.7        6,167       24,367       78596 8.33118E+06        310 X_SOLVE 
  7.3        7,064       23,051       78596 8.33118E+06        293 Z_SOLVE 
  5.5       17,494       17,494       78792           0        222 COMPUTE_RHS 
  2.4        7,626        7,626 6.60324E+06           0          1 MPI_Isend() 
  1.6        5,166        5,166 1.10034E+06           0          5 LHSX 
  1.2        3,951        3,951 1.10034E+06           0          4 LHSY 
  1.2        3,922        3,922 1.10034E+06           0          4 LHSZ 
  0.7        2,269        2,269 6.60324E+06           0          0 MPI_Irecv() 
  0.5        1,457        1,457 1.10034E+06           0          1 TZETAR 
  0.4        1,329        1,329       78596           0         17 TXINVR 
  0.4          567        1,166         392 3.19488E+06       2976 INITIALIZE 
  0.3          885          885 4.79474E+06           0          0 EXACT_SOLUTION 
  0.3          798          798       78596           0         10 ADD 
  0.2          695          695 1.10034E+06           0          1 PINVR 
  0.2          673          673 1.10034E+06           0          1 NINVR 
  0.2          288          538         196 1.33771E+06       2747 EXACT_RHS 
  0.1          350          350         392           0        893 MPI_Barrier() 
  0.1            1          317         196         588       1622 VERIFY 
  0.1          281          281         392           0        718 MPI_Comm_dup() 
  0.1           31          167         196      262340        855 ERROR_NORM 
  0.1          167          167         784           0        214 MPI_Bcast() 
  0.1          160          160         392           0        410 MPI_Allreduce() 
  0.0            1           62         196         196        320 RHS_NORM 
  0.0           29           29         196           0        149 LHSINIT 
  0.0           11           11         196           0         59 ALLOC_SPACE 
  0.0            2            2         196           0         10 MPI_Reduce() 
  0.0         0.35         0.35         196           0          2 SET_CONSTANTS 
  0.0        0.197        0.197         196           0          1 MAKE_SET 
  0.0        0.104        0.104         196           0          1 COMPUTE_BUFFER_SIZE 
  0.0        0.081        0.081         196           0          0 MPI_Comm_size() 
  0.0         0.03         0.03         196           0          0 MPI_Comm_rank() 
  0.0        0.001        0.001           1           0          1 SET_CLASS 

FUNCTION SUMMARY (mean):
---------------------------------------------------------------------------------------
%Time    Exclusive    Inclusive       #Call      #Subrs  Inclusive Name
              msec   total msec                          usec/call 
---------------------------------------------------------------------------------------
100.0      0.00497        1,619           1           1    1619001 .TAU application
100.0        0.166        1,618           1     419.005    1618996 MPSP 
 34.7        0.535          562         401        2406       1402 ADI 
 32.3          523          523           1           0     523431 MPI_Finalize() 
 32.1       0.0242          520           1           5     520126 SETUP_MPI 
 32.0          518          518           1           0     518665 MPI_Init() 
 12.1          196          196       31680           0          6 MPI_Waitall() 
 10.5           30          169         402        5628        422 COPY_FACES 
  8.6           35          139         401       42506        348 Y_SOLVE 
  7.7           31          124         401       42506        310 X_SOLVE 
  7.3           36          117         401       42506        293 Z_SOLVE 
  5.5           89           89         402           0        222 COMPUTE_RHS 
  2.4           38           38       33690           0          1 MPI_Isend() 
  1.6           26           26        5614           0          5 LHSX 
  1.2           20           20        5614           0          4 LHSY 
  1.2           20           20        5614           0          4 LHSZ 
  0.7           11           11       33690           0          0 MPI_Irecv() 
  0.5            7            7        5614           0          1 TZETAR 
  0.4            6            6         401           0         17 TXINVR 
  0.4            2            5           2     16300.4       2976 INITIALIZE 
  0.3            4            4     24462.9           0          0 EXACT_SOLUTION 
  0.3            4            4         401           0         10 ADD 
  0.2            3            3        5614           0          1 PINVR 
  0.2            3            3        5614           0          1 NINVR 
  0.2            1            2           1     6825.06       2747 EXACT_RHS 
  0.1            1            1           2           0        893 MPI_Barrier() 
  0.1      0.00739            1           1           3       1622 VERIFY 
  0.1            1            1           2           0        718 MPI_Comm_dup() 
  0.1         0.16        0.855           1     1338.47        855 ERROR_NORM 
  0.1        0.854        0.854           4           0        214 MPI_Bcast() 
  0.1         0.82         0.82           2           0        410 MPI_Allreduce() 
  0.0      0.00548         0.32           1           1        320 RHS_NORM 
  0.0        0.149        0.149           1           0        149 LHSINIT 
  0.0       0.0587       0.0587           1           0         59 ALLOC_SPACE 
  0.0       0.0103       0.0103           1           0         10 MPI_Reduce() 
  0.0      0.00179      0.00179           1           0          2 SET_CONSTANTS 
  0.0      0.00101      0.00101           1           0          1 MAKE_SET 
  0.0     0.000531     0.000531           1           0          1 COMPUTE_BUFFER_SIZE 
  0.0     0.000413     0.000413           1           0          0 MPI_Comm_size() 
  0.0     0.000153     0.000153           1           0          0 MPI_Comm_rank() 
  0.0      5.1E-06      5.1E-06  0.00510204           0          1 SET_CLASS 
