Reading Profile files in profile.*

FUNCTION SUMMARY (total):
---------------------------------------------------------------------------------------
%Time    Exclusive    Inclusive       #Call      #Subrs  Inclusive Name
              msec   total msec                          usec/call 
---------------------------------------------------------------------------------------
100.0          0.7  3:39:27.153         128         128  102868384 .TAU application
100.0            9  3:39:27.152         128        2177  102868379 APPLU 
 98.3  2:13:50.971  3:35:39.656         256  1.1381E+08   50545533 SSOR 
 27.2    53:28.550    59:41.230       38784       77568      92338 RHS 
  9.0     1:38.685    19:44.667 6.25695E+07 6.94711E+07         19 EXCHANGE_1 
  8.2    17:55.392    17:55.392 5.67036E+07           0         19 MPI_Recv() 
  2.9     4:24.841     6:21.494       77824      314696       4902 EXCHANGE_3 
  0.7     1:30.476     1:30.476      141332           0        640 MPI_Wait() 
  0.6            5     1:24.285         128         384     658484 INIT_COMM 
  0.6     1:24.280     1:24.280         128           0     658441 MPI_Init() 
  0.5     1:01.341     1:01.341         128           0     479230 MPI_Finalize() 
  0.4       51,391       53,703         256 1.18013E+07     209780 SETIV 
  0.3       35,108       35,108 1.28001E+07           0          3 MPI_Send() [THROTTLED]
  0.3       34,451       34,451 1.28001E+07           0          3 JACU [THROTTLED]
  0.3       34,371       34,371 1.28001E+07           0          3 JACLD [THROTTLED]
  0.2       32,139       32,139 1.28001E+07           0          3 BLTS [THROTTLED]
  0.2       31,515       31,515 1.28001E+07           0          2 BUTS [THROTTLED]
  0.2       13,995       22,809         128         256     178198 ERHS 
  0.1        9,433        9,433        1280           0       7370 MPI_Allreduce() 
  0.1        1,338        9,148         512         512      17868 L2NORM 
  0.0        3,799        4,223         128         128      32995 ERROR 
  0.0        2,773        2,773 1.28001E+07           0          0 EXACT [THROTTLED]
  0.0        1,664        1,664      141332           0         12 MPI_Irecv() 
  0.0          225          687         256      998784       2684 SETBV 
  0.0          212          212         128           0       1663 ALLOC_SPACE 
  0.0           46          118         128         560        928 PINTGR 
  0.0        0.794          102         128         129        805 READ_INPUT 
  0.0            1          102         128        1280        798 BCAST_INPUTS 
  0.0          100          100        1280           0         79 MPI_Bcast() 
  0.0           25           25         256           0         99 MPI_Barrier() 
  0.0        0.634            6         128         464         52 EXCHANGE_4 
  0.0        0.118            1          32          60         38 EXCHANGE_5 
  0.0        0.062        0.458          16          28         29 EXCHANGE_6 
  0.0        0.257        0.296         128         128          2 PROC_GRID 
  0.0        0.169        0.169           1           0        169 VERIFY 
  0.0          0.1          0.1         128           0          1 SETCOEFF 
  0.0        0.066        0.066         128           0          1 MPI_Comm_size() 
  0.0        0.055        0.055         128           0          0 NEIGHBORS 
  0.0        0.043        0.043         128           0          0 MPI_Comm_rank() 
  0.0        0.039        0.039         128           0          0 ISQRT2 
  0.0        0.036        0.036         128           0          0 SUBDOMAIN 
  0.0            0            0           1           0          0 SET_CLASS 

FUNCTION SUMMARY (mean):
---------------------------------------------------------------------------------------
%Time    Exclusive    Inclusive       #Call      #Subrs  Inclusive Name
              msec   total msec                          usec/call 
---------------------------------------------------------------------------------------
100.0      0.00547     1:42.868           1           1  102868384 .TAU application
100.0       0.0759     1:42.868           1     17.0078  102868379 APPLU 
 98.3     1:02.741     1:41.091           2      889139   50545533 SSOR 
 27.2       25,066       27,978         303         606      92338 RHS 
  9.0          770        9,255      488824      542743         19 EXCHANGE_1 
  8.2        8,401        8,401      442997           0         19 MPI_Recv() 
  2.9        2,069        2,980         608     2458.56       4902 EXCHANGE_3 
  0.7          706          706     1104.16           0        640 MPI_Wait() 
  0.6        0.042          658           1           3     658484 INIT_COMM 
  0.6          658          658           1           0     658441 MPI_Init() 
  0.5          479          479           1           0     479230 MPI_Finalize() 
  0.4          401          419           2       92198     209780 SETIV 
  0.3          274          274      100001           0          3 MPI_Send() [THROTTLED]
  0.3          269          269      100001           0          3 JACU [THROTTLED]
  0.3          268          268      100001           0          3 JACLD [THROTTLED]
  0.2          251          251      100001           0          3 BLTS [THROTTLED]
  0.2          246          246      100001           0          2 BUTS [THROTTLED]
  0.2          109          178           1           2     178198 ERHS 
  0.1           73           73          10           0       7370 MPI_Allreduce() 
  0.1           10           71           4           4      17868 L2NORM 
  0.0           29           32           1           1      32995 ERROR 
  0.0           21           21      100001           0          0 EXACT [THROTTLED]
  0.0           13           13     1104.16           0         12 MPI_Irecv() 
  0.0            1            5           2        7803       2684 SETBV 
  0.0            1            1           1           0       1663 ALLOC_SPACE 
  0.0        0.367        0.928           1       4.375        928 PINTGR 
  0.0       0.0062        0.805           1     1.00781        805 READ_INPUT 
  0.0      0.00931        0.798           1          10        798 BCAST_INPUTS 
  0.0        0.789        0.789          10           0         79 MPI_Bcast() 
  0.0        0.198        0.198           2           0         99 MPI_Barrier() 
  0.0      0.00495        0.052           1       3.625         52 EXCHANGE_4 
  0.0     0.000922      0.00945        0.25     0.46875         38 EXCHANGE_5 
  0.0     0.000484      0.00358       0.125     0.21875         29 EXCHANGE_6 
  0.0      0.00201      0.00231           1           1          2 PROC_GRID 
  0.0      0.00132      0.00132   0.0078125           0        169 VERIFY 
  0.0     0.000781     0.000781           1           0          1 SETCOEFF 
  0.0     0.000516     0.000516           1           0          1 MPI_Comm_size() 
  0.0      0.00043      0.00043           1           0          0 NEIGHBORS 
  0.0     0.000336     0.000336           1           0          0 MPI_Comm_rank() 
  0.0     0.000305     0.000305           1           0          0 ISQRT2 
  0.0     0.000281     0.000281           1           0          0 SUBDOMAIN 
  0.0            0            0   0.0078125           0          0 SET_CLASS 
