Reading Profile files in profile.*

FUNCTION SUMMARY (total):
---------------------------------------------------------------------------------------
%Time    Exclusive    Inclusive       #Call      #Subrs  Inclusive Name
              msec   total msec                          usec/call 
---------------------------------------------------------------------------------------
100.0        0.588     7:50.972         121         121    3892337 .TAU application
100.0           53     7:50.972         121       50700    3892332 MPSP 
 72.2          173     5:39.927       48521      291126       7006 ADI 
 22.2       21,408     1:44.606       48642      680988       2151 COPY_FACES 
 17.9     1:24.527     1:24.527  2.9599E+06           0         29 MPI_Waitall() 
 16.8       23,250     1:18.996       48521 3.97872E+06       1628 X_SOLVE 
 15.5       20,048     1:12.970       48521 3.97872E+06       1504 Y_SOLVE 
 14.2       23,109     1:06.765       48521 3.97872E+06       1376 Z_SOLVE 
 13.1     1:01.625     1:01.625         121           0     509303 MPI_Finalize() 
 13.0            3     1:01.147         121         605     505351 SETUP_MPI 
 13.0     1:00.993     1:00.993         121           0     504081 MPI_Init() 
 12.8     1:00.468     1:00.468       48642           0       1243 COMPUTE_RHS 
  5.9       28,002       28,002      533731           0         52 LHSX 
  3.8       18,093       18,093      533731           0         34 LHSZ 
  3.6       17,136       17,136      533731           0         32 LHSY 
  3.1       14,447       14,447 3.20311E+06           0          5 MPI_Isend() 
  2.3       11,035       11,035       48521           0        227 ADD 
  1.7        7,960        7,960      533731           0         15 TZETAR 
  1.2        5,621        5,621       48521           0        116 TXINVR 
  0.9        2,063        4,380         242 1.28593E+07      18101 INITIALIZE 
  0.7        3,252        3,252 1.81806E+07           0          0 EXACT_SOLUTION 
  0.5        2,302        2,302 3.20311E+06           0          1 MPI_Irecv() 
  0.4          898        1,684         121    4.26E+06      13925 EXACT_RHS 
  0.3        1,310        1,310      533731           0          2 PINVR 
  0.3        1,274        1,274      533731           0          2 NINVR 
  0.2        1,042        1,042         242           0       4306 MPI_Barrier() 
  0.2            1          890         121         363       7359 VERIFY 
  0.1          369          369         242           0       1527 MPI_Allreduce() 
  0.1          122          324         121 1.06133E+06       2681 ERROR_NORM 
  0.1            4          321         121         121       2656 RHS_NORM 
  0.0          150          150         242           0        621 MPI_Comm_dup() 
  0.0          124          124         121           0       1029 LHSINIT 
  0.0           84           84         484           0        175 MPI_Bcast() 
  0.0            9            9         121           0         75 ALLOC_SPACE 
  0.0            1            1         121           0         14 MPI_Reduce() 
  0.0        0.206        0.206         121           0          2 SET_CONSTANTS 
  0.0        0.107        0.107         121           0          1 MAKE_SET 
  0.0        0.063        0.063         121           0          1 COMPUTE_BUFFER_SIZE 
  0.0        0.052        0.052         121           0          0 MPI_Comm_size() 
  0.0        0.024        0.024         121           0          0 MPI_Comm_rank() 
  0.0            0            0           1           0          0 SET_CLASS 

FUNCTION SUMMARY (mean):
---------------------------------------------------------------------------------------
%Time    Exclusive    Inclusive       #Call      #Subrs  Inclusive Name
              msec   total msec                          usec/call 
---------------------------------------------------------------------------------------
100.0      0.00486        3,892           1           1    3892337 .TAU application
100.0        0.441        3,892           1     419.008    3892332 MPSP 
 72.2            1        2,809         401        2406       7006 ADI 
 22.2          176          864         402        5628       2151 COPY_FACES 
 17.9          698          698       24462           0         29 MPI_Waitall() 
 16.8          192          652         401       32882       1628 X_SOLVE 
 15.5          165          603         401       32882       1504 Y_SOLVE 
 14.2          190          551         401       32882       1376 Z_SOLVE 
 13.1          509          509           1           0     509303 MPI_Finalize() 
 13.0       0.0275          505           1           5     505351 SETUP_MPI 
 13.0          504          504           1           0     504081 MPI_Init() 
 12.8          499          499         402           0       1243 COMPUTE_RHS 
  5.9          231          231        4411           0         52 LHSX 
  3.8          149          149        4411           0         34 LHSZ 
  3.6          141          141        4411           0         32 LHSY 
  3.1          119          119       26472           0          5 MPI_Isend() 
  2.3           91           91         401           0        227 ADD 
  1.7           65           65        4411           0         15 TZETAR 
  1.2           46           46         401           0        116 TXINVR 
  0.9           17           36           2      106276      18101 INITIALIZE 
  0.7           26           26      150252           0          0 EXACT_SOLUTION 
  0.5           19           19       26472           0          1 MPI_Irecv() 
  0.4            7           13           1     35206.6      13925 EXACT_RHS 
  0.3           10           10        4411           0          2 PINVR 
  0.3           10           10        4411           0          2 NINVR 
  0.2            8            8           2           0       4306 MPI_Barrier() 
  0.2       0.0108            7           1           3       7359 VERIFY 
  0.1            3            3           2           0       1527 MPI_Allreduce() 
  0.1            1            2           1     8771.31       2681 ERROR_NORM 
  0.1        0.038            2           1           1       2656 RHS_NORM 
  0.0            1            1           2           0        621 MPI_Comm_dup() 
  0.0            1            1           1           0       1029 LHSINIT 
  0.0        0.702        0.702           4           0        175 MPI_Bcast() 
  0.0       0.0749       0.0749           1           0         75 ALLOC_SPACE 
  0.0       0.0145       0.0145           1           0         14 MPI_Reduce() 
  0.0       0.0017       0.0017           1           0          2 SET_CONSTANTS 
  0.0     0.000884     0.000884           1           0          1 MAKE_SET 
  0.0     0.000521     0.000521           1           0          1 COMPUTE_BUFFER_SIZE 
  0.0      0.00043      0.00043           1           0          0 MPI_Comm_size() 
  0.0     0.000198     0.000198           1           0          0 MPI_Comm_rank() 
  0.0            0            0  0.00826446           0          0 SET_CLASS 
