Reading Profile files in profile.*

FUNCTION SUMMARY (total):
---------------------------------------------------------------------------------------
%Time    Exclusive    Inclusive       #Call      #Subrs  Inclusive Name
              msec   total msec                          usec/call 
---------------------------------------------------------------------------------------
100.0         0.61    25:40.654         121         121   12732678 .TAU application
100.0           68    25:40.653         121       50700   12732673 MPSP 
 90.6          264    23:15.362       48521      291126      28758 ADI 
 23.4     1:24.353     6:01.159       48642      680988       7425 COPY_FACES 
 22.6     1:30.671     5:47.771       48521 3.97872E+06       7167 Z_SOLVE 
 22.5     5:46.768     5:46.768  2.9599E+06           0        117 MPI_Waitall() 
 20.9     1:36.701     5:21.523       48521 3.97872E+06       6626 Y_SOLVE 
 19.3     1:55.962     4:56.575       48521 3.97872E+06       6112 X_SOLVE 
 13.7     3:30.592     3:30.592       48642           0       4329 COMPUTE_RHS 
 10.0     2:33.738     2:33.738      533731           0        288 LHSZ 
  5.4     1:23.945     1:23.945      533731           0        157 LHSY 
  5.4     1:23.423     1:23.423      533731           0        156 LHSX 
  4.0     1:02.262     1:02.262         121           0     514567 MPI_Finalize() 
  3.9            3     1:00.355         121         605     498808 SETUP_MPI 
  3.9     1:00.191     1:00.191         121           0     497452 MPI_Init() 
  2.3       35,337       35,337       48521           0        728 ADD 
  2.2       33,587       33,587       48521           0        692 TXINVR 
  1.6       24,907       24,907      533731           0         47 TZETAR 
  1.4       21,606       21,606 3.20311E+06           0          7 MPI_Isend() 
  1.0        6,642       14,746         242 5.13333E+07      60935 INITIALIZE 
  0.7       11,005       11,005 7.10984E+07           0          0 EXACT_SOLUTION 
  0.4        6,248        6,248 3.20311E+06           0          2 MPI_Irecv() 
  0.3        2,424        4,728         121 1.55136E+07      39075 EXACT_RHS 
  0.3        4,140        4,140      533731           0          8 PINVR 
  0.3        3,970        3,970      533731           0          7 NINVR 
  0.2            1        2,483         121         363      20526 VERIFY 
  0.1          483        1,175         121 4.25165E+06       9717 ERROR_NORM 
  0.0          523          523         242           0       2163 MPI_Allreduce() 
  0.0           20          449         121         121       3714 RHS_NORM 
  0.0          207          207         242           0        857 MPI_Barrier() 
  0.0          167          167         121           0       1383 ALLOC_SPACE 
  0.0          160          160         242           0        664 MPI_Comm_dup() 
  0.0          158          158         121           0       1313 LHSINIT 
  0.0          110          110         484           0        228 MPI_Bcast() 
  0.0            1            1         121           0         16 MPI_Reduce() 
  0.0        0.215        0.215         121           0          2 SET_CONSTANTS 
  0.0        0.194        0.194         121           0          2 MAKE_SET 
  0.0        0.061        0.061         121           0          1 COMPUTE_BUFFER_SIZE 
  0.0         0.04         0.04         121           0          0 MPI_Comm_size() 
  0.0        0.018        0.018         121           0          0 MPI_Comm_rank() 
  0.0            0            0           1           0          0 SET_CLASS 

FUNCTION SUMMARY (mean):
---------------------------------------------------------------------------------------
%Time    Exclusive    Inclusive       #Call      #Subrs  Inclusive Name
              msec   total msec                          usec/call 
---------------------------------------------------------------------------------------
100.0      0.00504       12,732           1           1   12732678 .TAU application
100.0        0.564       12,732           1     419.008   12732673 MPSP 
 90.6            2       11,531         401        2406      28758 ADI 
 23.4          697        2,984         402        5628       7425 COPY_FACES 
 22.6          749        2,874         401       32882       7167 Z_SOLVE 
 22.5        2,865        2,865       24462           0        117 MPI_Waitall() 
 20.9          799        2,657         401       32882       6626 Y_SOLVE 
 19.3          958        2,451         401       32882       6112 X_SOLVE 
 13.7        1,740        1,740         402           0       4329 COMPUTE_RHS 
 10.0        1,270        1,270        4411           0        288 LHSZ 
  5.4          693          693        4411           0        157 LHSY 
  5.4          689          689        4411           0        156 LHSX 
  4.0          514          514           1           0     514567 MPI_Finalize() 
  3.9       0.0271          498           1           5     498808 SETUP_MPI 
  3.9          497          497           1           0     497452 MPI_Init() 
  2.3          292          292         401           0        728 ADD 
  2.2          277          277         401           0        692 TXINVR 
  1.6          205          205        4411           0         47 TZETAR 
  1.4          178          178       26472           0          7 MPI_Isend() 
  1.0           54          121           2      424242      60935 INITIALIZE 
  0.7           90           90      587590           0          0 EXACT_SOLUTION 
  0.4           51           51       26472           0          2 MPI_Irecv() 
  0.3           20           39           1      128212      39075 EXACT_RHS 
  0.3           34           34        4411           0          8 PINVR 
  0.3           32           32        4411           0          7 NINVR 
  0.2       0.0122           20           1           3      20526 VERIFY 
  0.1            3            9           1     35137.6       9717 ERROR_NORM 
  0.0            4            4           2           0       2163 MPI_Allreduce() 
  0.0        0.171            3           1           1       3714 RHS_NORM 
  0.0            1            1           2           0        857 MPI_Barrier() 
  0.0            1            1           1           0       1383 ALLOC_SPACE 
  0.0            1            1           2           0        664 MPI_Comm_dup() 
  0.0            1            1           1           0       1313 LHSINIT 
  0.0        0.911        0.911           4           0        228 MPI_Bcast() 
  0.0       0.0163       0.0163           1           0         16 MPI_Reduce() 
  0.0      0.00178      0.00178           1           0          2 SET_CONSTANTS 
  0.0       0.0016       0.0016           1           0          2 MAKE_SET 
  0.0     0.000504     0.000504           1           0          1 COMPUTE_BUFFER_SIZE 
  0.0     0.000331     0.000331           1           0          0 MPI_Comm_size() 
  0.0     0.000149     0.000149           1           0          0 MPI_Comm_rank() 
  0.0            0            0  0.00826446           0          0 SET_CLASS 
