Reading Profile files in profile.*

FUNCTION SUMMARY (total):
---------------------------------------------------------------------------------------
%Time    Exclusive    Inclusive       #Call      #Subrs  Inclusive Name
              msec   total msec                          usec/call 
---------------------------------------------------------------------------------------
100.0        0.339  3:03:41.416          64          64  172209631 .TAU application
100.0           14  3:03:41.416          64        5568  172209626 FT 
 90.2           11  2:45:45.656        1728        6912    5755588 FFT 
 43.9     1:53.859  1:20:34.242 8.84736E+06 9.02431E+07        546 CFFTZ 
 42.8  1:18:40.382  1:18:40.382 9.02431E+07           0         52 FFTZ2 
 36.7    13:24.328  1:07:22.991        3456 5.31187E+06    1169847 CFFTS1 
 25.1            7    46:06.704        1600        4800    1729190 TRANSPOSE_X_YZ 
 23.5    16:31.083    43:06.663        1728 3.54067E+06    1496912 CFFTS2 
 15.6           10    28:38.913        1728        1728     994742 TRANSPOSE2_GLOBAL 
 15.6    28:38.903    28:38.903        1728           0     994736 MPI_Alltoall() 
  8.9    16:16.882    16:16.882        1728           0     565326 TRANSPOSE2_LOCAL 
  6.7    12:23.430    12:23.430        1600           0     464644 EVOLVE 
  5.6    10:20.182    10:20.182        1728           0     358902 TRANSPOSE2_FINISH 
  5.0            2     9:09.284         128         384    4291285 TRANSPOSE_XY_Z 
  1.5     2:45.877     2:45.877         128           0    1295916 COMPUTE_INDEXMAP 
  0.6           18     1:04.894        1600        1600      40559 CHECKSUM 
  0.6     1:04.876     1:04.876        1600           0      40548 MPI_Reduce() 
  0.3       34,525       34,525          64           0     539467 MPI_Finalize() 
  0.3            6       32,341          64         705     505340 SETUP 
  0.3       32,053       32,053          64           0     500830 MPI_Init() 
  0.3       28,970       28,971         128         256     226337 COMPUTE_INITIAL_CONDITIONS 
  0.1        5,676        5,676          64           0      88695 MPI_Barrier() 
  0.0          120          120          64           0       1881 ALLOC_SPACE 
  0.0           83           83         128           0        652 MPI_Comm_split() 
  0.0           78           78         320           0        245 MPI_Bcast() 
  0.0           27           27         128         128        211 FFT_INIT 
  0.0            1            1        5312           0          0 ILOG2 
  0.0        0.114        0.114         256           0          0 IPOW46 
  0.0        0.035        0.035          64           0          1 VERIFY 
  0.0        0.033        0.033          64           0          1 MPI_Comm_size() 
  0.0        0.019        0.019          64           0          0 MPI_Comm_rank() 
  0.0            0            0           1           0          0 SET_CLASS 

FUNCTION SUMMARY (mean):
---------------------------------------------------------------------------------------
%Time    Exclusive    Inclusive       #Call      #Subrs  Inclusive Name
              msec   total msec                          usec/call 
---------------------------------------------------------------------------------------
100.0       0.0053     2:52.209           1           1  172209631 .TAU application
100.0        0.228     2:52.209           1          87  172209626 FT 
 90.2         0.18     2:35.400          27         108    5755588 FFT 
 43.9        1,779     1:15.535      138240 1.41005E+06        546 CFFTZ 
 42.8     1:13.755     1:13.755 1.41005E+06           0         52 FFTZ2 
 36.7       12,567     1:03.171          54       82998    1169847 CFFTS1 
 25.1        0.118       43,229          25          75    1729190 TRANSPOSE_X_YZ 
 23.5       15,485       40,416          27       55323    1496912 CFFTS2 
 15.6        0.167       26,858          27          27     994742 TRANSPOSE2_GLOBAL 
 15.6       26,857       26,857          27           0     994736 MPI_Alltoall() 
  8.9       15,263       15,263          27           0     565326 TRANSPOSE2_LOCAL 
  6.7       11,616       11,616          25           0     464644 EVOLVE 
  5.6        9,690        9,690          27           0     358902 TRANSPOSE2_FINISH 
  5.0       0.0408        8,582           2           6    4291285 TRANSPOSE_XY_Z 
  1.5        2,591        2,591           2           0    1295916 COMPUTE_INDEXMAP 
  0.6        0.287        1,013          25          25      40559 CHECKSUM 
  0.6        1,013        1,013          25           0      40548 MPI_Reduce() 
  0.3          539          539           1           0     539467 MPI_Finalize() 
  0.3       0.0984          505           1     11.0156     505340 SETUP 
  0.3          500          500           1           0     500830 MPI_Init() 
  0.3          452          452           2           4     226337 COMPUTE_INITIAL_CONDITIONS 
  0.1           88           88           1           0      88695 MPI_Barrier() 
  0.0            1            1           1           0       1881 ALLOC_SPACE 
  0.0            1            1           2           0        652 MPI_Comm_split() 
  0.0            1            1           5           0        245 MPI_Bcast() 
  0.0        0.422        0.423           2           2        211 FFT_INIT 
  0.0         0.03         0.03          83           0          0 ILOG2 
  0.0      0.00178      0.00178           4           0          0 IPOW46 
  0.0     0.000547     0.000547           1           0          1 VERIFY 
  0.0     0.000516     0.000516           1           0          1 MPI_Comm_size() 
  0.0     0.000297     0.000297           1           0          0 MPI_Comm_rank() 
  0.0            0            0    0.015625           0          0 SET_CLASS 
