Reading Profile files in profile.*

FUNCTION SUMMARY (total):
---------------------------------------------------------------------------------------
%Time    Exclusive    Inclusive       #Call      #Subrs  Inclusive Name
              msec   total msec                          usec/call 
---------------------------------------------------------------------------------------
100.0        0.449  4:12:57.238          64          64  237144359 .TAU application
100.0        7,175  4:12:57.238          64       65152  237144352 CG 
 93.5  2:54:53.437  3:56:32.006        6464 5.04192E+06    2195546 CONJ_GRAD 
 12.8    32:27.214    32:27.214 1.70003E+06           0       1145 MPI_Send() 
 11.3    28:27.662    28:27.662 1.70003E+06           0       1004 MPI_Wait() 
  6.0       56,865    15:14.672          64    1.92E+08   14291762 MAKEA 
  5.2     7:17.478    13:10.170     9.6E+07 2.81902E+09          8 SPRNVC 
  2.3     5:52.692     5:52.692 2.81902E+09           0          0 ICNVRT 
  0.4       53,390       53,390          64           0     834219 SPARSE 
  0.3       44,340       44,340 1.70003E+06           0         26 MPI_Irecv() 
  0.2            3       33,318          64         256     520595 INITIALIZE_MPI 
  0.2       33,277       33,277          64           0     519959 MPI_Init() 
  0.2       29,005       29,005          64           0     453203 MPI_Finalize() 
  0.1       14,246       14,246     9.6E+07           0          0 VECSET 
  0.0          327          327          64           0       5111 ALLOC_SPACE 
  0.0           79           79          64           0       1244 MPI_Barrier() 
  0.0           37           37          64           0        582 MPI_Bcast() 
  0.0            4            4          64           0         77 MPI_Reduce() 
  0.0        0.047        0.047          64           0          1 SETUP_SUBMATRIX_INFO 
  0.0        0.034        0.034          64           0          1 MPI_Comm_size() 
  0.0        0.024        0.024          64           0          0 SETUP_PROC_INFO 
  0.0        0.013        0.013          64           0          0 MPI_Comm_rank() 

FUNCTION SUMMARY (mean):
---------------------------------------------------------------------------------------
%Time    Exclusive    Inclusive       #Call      #Subrs  Inclusive Name
              msec   total msec                          usec/call 
---------------------------------------------------------------------------------------
100.0      0.00702     3:57.144           1           1  237144359 .TAU application
100.0          112     3:57.144           1        1018  237144352 CG 
 93.5     2:43.959     3:41.750         101       78780    2195546 CONJ_GRAD 
 12.8       30,425       30,425       26563           0       1145 MPI_Send() 
 11.3       26,682       26,682       26563           0       1004 MPI_Wait() 
  6.0          888       14,291           1       3E+06   14291762 MAKEA 
  5.2        6,835       12,346     1.5E+06 4.40472E+07          8 SPRNVC 
  2.3        5,510        5,510 4.40472E+07           0          0 ICNVRT 
  0.4          834          834           1           0     834219 SPARSE 
  0.3          692          692       26563           0         26 MPI_Irecv() 
  0.2       0.0533          520           1           4     520595 INITIALIZE_MPI 
  0.2          519          519           1           0     519959 MPI_Init() 
  0.2          453          453           1           0     453203 MPI_Finalize() 
  0.1          222          222     1.5E+06           0          0 VECSET 
  0.0            5            5           1           0       5111 ALLOC_SPACE 
  0.0            1            1           1           0       1244 MPI_Barrier() 
  0.0        0.582        0.582           1           0        582 MPI_Bcast() 
  0.0       0.0767       0.0767           1           0         77 MPI_Reduce() 
  0.0     0.000734     0.000734           1           0          1 SETUP_SUBMATRIX_INFO 
  0.0     0.000531     0.000531           1           0          1 MPI_Comm_size() 
  0.0     0.000375     0.000375           1           0          0 SETUP_PROC_INFO 
  0.0     0.000203     0.000203           1           0          0 MPI_Comm_rank() 
