Reading Profile files in profile.*

FUNCTION SUMMARY (total):
---------------------------------------------------------------------------------------
%Time    Exclusive    Inclusive       #Call      #Subrs  Inclusive Name
              msec   total msec                          usec/call 
---------------------------------------------------------------------------------------
100.0        0.302  4:53:59.863          64          64  275622862 .TAU application
100.0            7  4:53:59.862          64        1089  275622857 APPLU 
 98.2    13:14.477  4:48:38.830         128   1.619E+09  135303364 SSOR 
 34.7  1:28:16.042  1:42:08.367       19392       38784     316026 RHS 
 14.0       43,154    41:15.807 3.12847E+07 5.47483E+07         79 EXCHANGE_1 
 13.6    40:01.877    40:01.877 2.73741E+07           0         88 MPI_Recv() 
 11.5    33:44.889    33:44.889 3.96925E+08           0          5 JACLD 
 11.4    33:32.217    33:32.217 3.96925E+08           0          5 JACU 
 11.1    32:31.569    32:31.569 3.96925E+08           0          5 BLTS 
 10.8    31:52.209    31:52.209 3.96925E+08           0          5 BUTS 
  4.8     3:19.172    13:59.161       38912      204288      21566 EXCHANGE_3 
  2.3     6:37.360     6:37.360       68236           0       5823 MPI_Wait() 
  1.5     4:29.476     4:29.476 2.74424E+07           0         10 MPI_Send() 
  1.2     1:26.018     3:29.604         128 8.03081E+08    1637535 SETIV 
  0.8     2:14.513     2:14.513 8.72002E+08           0          0 EXACT 
  0.2       32,434       32,434          64           0     506792 MPI_Finalize() 
  0.2            2       31,807          64         192     496988 INIT_COMM 
  0.2       31,804       31,804          64           0     496947 MPI_Init() 
  0.2       20,257       27,095          64         128     423363 ERHS 
  0.1        7,521       18,940          64 6.69235E+07     295942 ERROR 
  0.1       18,382       18,382         640           0      28722 MPI_Allreduce() 
  0.1        2,090       16,721         256         256      65319 L2NORM 
  0.0        3,930        3,930       68236           0         58 MPI_Irecv() 
  0.0          241          903         128 1.99757E+06       7062 SETBV 
  0.0          119          119          64           0       1867 ALLOC_SPACE 
  0.0           29           64          64         288       1011 PINTGR 
  0.0        0.787           54          64          65        856 READ_INPUT 
  0.0        0.699           53          64         640        844 BCAST_INPUTS 
  0.0           53           53         640           0         83 MPI_Bcast() 
  0.0            8            8         128           0         63 MPI_Barrier() 
  0.0        0.223            2          64         336         40 EXCHANGE_4 
  0.0        0.044        0.473          16          42         30 EXCHANGE_6 
  0.0        0.048        0.333          16          42         21 EXCHANGE_5 
  0.0        0.229        0.229           1           0        229 VERIFY 
  0.0        0.192        0.207          64          64          3 PROC_GRID 
  0.0        0.056        0.056          64           0          1 SETCOEFF 
  0.0        0.035        0.035          64           0          1 NEIGHBORS 
  0.0        0.031        0.031          64           0          0 MPI_Comm_size() 
  0.0         0.02         0.02          64           0          0 MPI_Comm_rank() 
  0.0        0.017        0.017          64           0          0 SUBDOMAIN 
  0.0        0.015        0.015          64           0          0 ISQRT2 
  0.0        0.001        0.001           1           0          1 SET_CLASS 

FUNCTION SUMMARY (mean):
---------------------------------------------------------------------------------------
%Time    Exclusive    Inclusive       #Call      #Subrs  Inclusive Name
              msec   total msec                          usec/call 
---------------------------------------------------------------------------------------
100.0      0.00472     4:35.622           1           1  275622862 .TAU application
100.0         0.11     4:35.622           1     17.0156  275622857 APPLU 
 98.2       12,413     4:30.606           2  2.5297E+07  135303364 SSOR 
 34.7     1:22.750     1:35.755         303         606     316026 RHS 
 14.0          674       38,684      488824      855442         79 EXCHANGE_1 
 13.6       37,529       37,529      427721           0         88 MPI_Recv() 
 11.5       31,638       31,638 6.20195E+06           0          5 JACLD 
 11.4       31,440       31,440 6.20195E+06           0          5 JACU 
 11.1       30,493       30,493 6.20195E+06           0          5 BLTS 
 10.8       29,878       29,878 6.20195E+06           0          5 BUTS 
  4.8        3,112       13,111         608        3192      21566 EXCHANGE_3 
  2.3        6,208        6,208     1066.19           0       5823 MPI_Wait() 
  1.5        4,210        4,210      428787           0         10 MPI_Send() 
  1.2        1,344        3,275           2 1.25481E+07    1637535 SETIV 
  0.8        2,101        2,101  1.3625E+07           0          0 EXACT 
  0.2          506          506           1           0     506792 MPI_Finalize() 
  0.2         0.04          496           1           3     496988 INIT_COMM 
  0.2          496          496           1           0     496947 MPI_Init() 
  0.2          316          423           1           2     423363 ERHS 
  0.1          117          295           1 1.04568E+06     295942 ERROR 
  0.1          287          287          10           0      28722 MPI_Allreduce() 
  0.1           32          261           4           4      65319 L2NORM 
  0.0           61           61     1066.19           0         58 MPI_Irecv() 
  0.0            3           14           2       31212       7062 SETBV 
  0.0            1            1           1           0       1867 ALLOC_SPACE 
  0.0        0.463            1           1         4.5       1011 PINTGR 
  0.0       0.0123        0.856           1     1.01562        856 READ_INPUT 
  0.0       0.0109        0.844           1          10        844 BCAST_INPUTS 
  0.0        0.833        0.833          10           0         83 MPI_Bcast() 
  0.0        0.125        0.125           2           0         63 MPI_Barrier() 
  0.0      0.00348       0.0395           1        5.25         40 EXCHANGE_4 
  0.0     0.000687      0.00739        0.25     0.65625         30 EXCHANGE_6 
  0.0      0.00075       0.0052        0.25     0.65625         21 EXCHANGE_5 
  0.0      0.00358      0.00358    0.015625           0        229 VERIFY 
  0.0        0.003      0.00323           1           1          3 PROC_GRID 
  0.0     0.000875     0.000875           1           0          1 SETCOEFF 
  0.0     0.000547     0.000547           1           0          1 NEIGHBORS 
  0.0     0.000484     0.000484           1           0          0 MPI_Comm_size() 
  0.0     0.000313     0.000313           1           0          0 MPI_Comm_rank() 
  0.0     0.000266     0.000266           1           0          0 SUBDOMAIN 
  0.0     0.000234     0.000234           1           0          0 ISQRT2 
  0.0     1.56E-05     1.56E-05    0.015625           0          1 SET_CLASS 
