Reading Profile files in profile.*

FUNCTION SUMMARY (total):
---------------------------------------------------------------------------------------
%Time    Exclusive    Inclusive       #Call      #Subrs  Inclusive Name
              msec   total msec                          usec/call 
---------------------------------------------------------------------------------------
100.0        0.444     9:21.321          64          64    8770651 .TAU application
100.0          194     9:21.321          64       49152    8770644 CG 
 76.2     3:41.870     7:07.774        4864 3.79392E+06      87947 CONJ_GRAD 
 20.5     1:55.135     1:55.135 1.27923E+06           0         90 MPI_Send() 
 15.5     1:27.261     1:27.261 1.27923E+06           0         68 MPI_Wait() 
 12.6        4,209     1:10.715          64 1.92001E+07    1104935 MAKEA 
 11.3       31,862     1:03.568     9.6E+06 2.51913E+08          7 SPRNVC 
  5.6       31,706       31,706 2.51913E+08           0          0 ICNVRT 
  5.6            3       31,494          64         256     492097 INITIALIZE_MPI 
  5.6       31,455       31,455          64           0     491491 MPI_Init() 
  5.5       30,925       30,925          64           0     483217 MPI_Finalize() 
  0.6        3,542        3,542 1.27923E+06           0          3 MPI_Irecv() 
  0.3        1,553        1,553          64           0      24273 SPARSE 
  0.2        1,383        1,383     9.6E+06           0          0 VECSET 
  0.0          158          158          64           0       2470 ALLOC_SPACE 
  0.0           35           35          64           0        552 MPI_Bcast() 
  0.0           16           16          64           0        260 MPI_Barrier() 
  0.0            4            4          64           0         76 MPI_Reduce() 
  0.0        0.034        0.034          64           0          1 SETUP_SUBMATRIX_INFO 
  0.0        0.028        0.028          64           0          0 MPI_Comm_size() 
  0.0        0.018        0.018          64           0          0 MPI_Comm_rank() 
  0.0        0.018        0.018          64           0          0 SETUP_PROC_INFO 

FUNCTION SUMMARY (mean):
---------------------------------------------------------------------------------------
%Time    Exclusive    Inclusive       #Call      #Subrs  Inclusive Name
              msec   total msec                          usec/call 
---------------------------------------------------------------------------------------
100.0      0.00694        8,770           1           1    8770651 .TAU application
100.0            3        8,770           1         768    8770644 CG 
 76.2        3,466        6,683          76       59280      87947 CONJ_GRAD 
 20.5        1,798        1,798       19988           0         90 MPI_Send() 
 15.5        1,363        1,363       19988           0         68 MPI_Wait() 
 12.6           65        1,104           1      300001    1104935 MAKEA 
 11.3          497          993      150000 3.93614E+06          7 SPRNVC 
  5.6          495          495 3.93614E+06           0          0 ICNVRT 
  5.6       0.0532          492           1           4     492097 INITIALIZE_MPI 
  5.6          491          491           1           0     491491 MPI_Init() 
  5.5          483          483           1           0     483217 MPI_Finalize() 
  0.6           55           55       19988           0          3 MPI_Irecv() 
  0.3           24           24           1           0      24273 SPARSE 
  0.2           21           21      150000           0          0 VECSET 
  0.0            2            2           1           0       2470 ALLOC_SPACE 
  0.0        0.552        0.552           1           0        552 MPI_Bcast() 
  0.0         0.26         0.26           1           0        260 MPI_Barrier() 
  0.0       0.0765       0.0765           1           0         76 MPI_Reduce() 
  0.0     0.000531     0.000531           1           0          1 SETUP_SUBMATRIX_INFO 
  0.0     0.000438     0.000438           1           0          0 MPI_Comm_size() 
  0.0     0.000281     0.000281           1           0          0 MPI_Comm_rank() 
  0.0     0.000281     0.000281           1           0          0 SETUP_PROC_INFO 
