Reading Profile files in profile.*

FUNCTION SUMMARY (total):
---------------------------------------------------------------------------------------
%Time    Exclusive    Inclusive       #Call      #Subrs  Inclusive Name
              msec   total msec                          usec/call 
---------------------------------------------------------------------------------------
100.0        0.306     5:27.512          64          64    5117388 .TAU application
100.0            3     5:27.512          64        1089    5117383 APPLU 
 78.1       12,147     4:15.905         128 8.67623E+07    1999261 SSOR 
 21.9        3,658     1:11.765  6.4256E+06 1.12448E+07         11 EXCHANGE_1 
 19.5     1:03.928     1:03.928  5.6224E+06           0         11 MPI_Recv() 
 18.9       37,761     1:01.748       16192       32384       3814 RHS 
 10.4            2       33,968          64         192     530752 INIT_COMM 
 10.4       33,965       33,965          64           0     530710 MPI_Init() 
  9.7       31,784       31,784          64           0     496631 MPI_Finalize() 
  8.9       29,172       29,172   2.008E+07           0          1 JACLD 
  8.7       28,544       28,544   2.008E+07           0          1 JACU 
  8.0       26,072       26,072   2.008E+07           0          1 BLTS 
  7.9       25,796       25,796   2.008E+07           0          1 BUTS 
  7.7        4,962       25,061       32512      170688        771 EXCHANGE_3 
  4.1       13,559       13,559 5.67944E+06           0          2 MPI_Send() 
  3.2       10,476       10,476       57036           0        184 MPI_Wait() 
  1.2        1,718        3,947         128     1.2E+07      30836 SETIV 
  0.7        2,418        2,418 1.31248E+07           0          0 EXACT 
  0.4          293        1,367          64         128      21370 ERHS 
  0.2          670          670         640           0       1048 MPI_Allreduce() 
  0.2           11          513         256         256       2004 L2NORM 
  0.1          111          289          64 1.00006E+06       4520 ERROR 
  0.1          244          244       57036           0          4 MPI_Irecv() 
  0.1            2          178          64          65       2794 READ_INPUT 
  0.1         0.74          176          64         640       2751 BCAST_INPUTS 
  0.1          175          175         640           0        274 MPI_Bcast() 
  0.0           17           55         128      124848        431 SETBV 
  0.0            2            9          64         288        151 PINTGR 
  0.0            4            4         128           0         31 MPI_Barrier() 
  0.0            2            2          64           0         47 ALLOC_SPACE 
  0.0         0.17            1          64         336         27 EXCHANGE_4 
  0.0        0.208        0.208           1           0        208 VERIFY 
  0.0        0.185        0.202          64          64          3 PROC_GRID 
  0.0        0.015        0.172          16          42         11 EXCHANGE_5 
  0.0        0.012         0.14          16          42          9 EXCHANGE_6 
  0.0        0.054        0.054          64           0          1 SETCOEFF 
  0.0        0.027        0.027          64           0          0 MPI_Comm_size() 
  0.0        0.022        0.022          64           0          0 NEIGHBORS 
  0.0         0.02         0.02          64           0          0 MPI_Comm_rank() 
  0.0        0.017        0.017          64           0          0 ISQRT2 
  0.0        0.015        0.015          64           0          0 SUBDOMAIN 
  0.0            0            0           1           0          0 SET_CLASS 

FUNCTION SUMMARY (mean):
---------------------------------------------------------------------------------------
%Time    Exclusive    Inclusive       #Call      #Subrs  Inclusive Name
              msec   total msec                          usec/call 
---------------------------------------------------------------------------------------
100.0      0.00478        5,117           1           1    5117388 .TAU application
100.0       0.0548        5,117           1     17.0156    5117383 APPLU 
 78.1          189        3,998           2 1.35566E+06    1999261 SSOR 
 21.9           57        1,121      100400      175700         11 EXCHANGE_1 
 19.5          998          998       87850           0         11 MPI_Recv() 
 18.9          590          964         253         506       3814 RHS 
 10.4       0.0415          530           1           3     530752 INIT_COMM 
 10.4          530          530           1           0     530710 MPI_Init() 
  9.7          496          496           1           0     496631 MPI_Finalize() 
  8.9          455          455      313750           0          1 JACLD 
  8.7          446          446      313750           0          1 JACU 
  8.0          407          407      313750           0          1 BLTS 
  7.9          403          403      313750           0          1 BUTS 
  7.7           77          391         508        2667        771 EXCHANGE_3 
  4.1          211          211     88741.2           0          2 MPI_Send() 
  3.2          163          163     891.188           0        184 MPI_Wait() 
  1.2           26           61           2      187500      30836 SETIV 
  0.7           37           37      205076           0          0 EXACT 
  0.4            4           21           1           2      21370 ERHS 
  0.2           10           10          10           0       1048 MPI_Allreduce() 
  0.2        0.184            8           4           4       2004 L2NORM 
  0.1            1            4           1       15626       4520 ERROR 
  0.1            3            3     891.188           0          4 MPI_Irecv() 
  0.1       0.0427            2           1     1.01562       2794 READ_INPUT 
  0.1       0.0116            2           1          10       2751 BCAST_INPUTS 
  0.1            2            2          10           0        274 MPI_Bcast() 
  0.0        0.279        0.862           2     1950.75        431 SETBV 
  0.0       0.0374        0.151           1         4.5        151 PINTGR 
  0.0       0.0626       0.0626           2           0         31 MPI_Barrier() 
  0.0       0.0467       0.0467           1           0         47 ALLOC_SPACE 
  0.0      0.00266       0.0268           1        5.25         27 EXCHANGE_4 
  0.0      0.00325      0.00325    0.015625           0        208 VERIFY 
  0.0      0.00289      0.00316           1           1          3 PROC_GRID 
  0.0     0.000234      0.00269        0.25     0.65625         11 EXCHANGE_5 
  0.0     0.000188      0.00219        0.25     0.65625          9 EXCHANGE_6 
  0.0     0.000844     0.000844           1           0          1 SETCOEFF 
  0.0     0.000422     0.000422           1           0          0 MPI_Comm_size() 
  0.0     0.000344     0.000344           1           0          0 NEIGHBORS 
  0.0     0.000313     0.000313           1           0          0 MPI_Comm_rank() 
  0.0     0.000266     0.000266           1           0          0 ISQRT2 
  0.0     0.000234     0.000234           1           0          0 SUBDOMAIN 
  0.0            0            0    0.015625           0          0 SET_CLASS 
