Reading Profile files in profile.*

FUNCTION SUMMARY (total):
---------------------------------------------------------------------------------------
%Time    Exclusive    Inclusive       #Call      #Subrs  Inclusive Name
              msec   total msec                          usec/call 
---------------------------------------------------------------------------------------
100.0        0.346     2:12.317          64          64    2067468 .TAU application
100.0            3     2:12.317          64        1089    2067462 APPLU 
 49.3        4,288     1:05.189         128 3.48756E+07     509296 SSOR 
 25.3            2       33,455          64         192     522746 INIT_COMM 
 25.3       33,453       33,453          64           0     522703 MPI_Init() 
 24.3       32,177       32,177          64           0     502779 MPI_Finalize() 
 15.9        1,700       21,030 3.98387E+06 6.97178E+06          5 EXCHANGE_1 
 12.9       17,003       17,003 3.48589E+06           0          5 MPI_Recv() 
  8.8        6,867       11,699       16192       32384        723 RHS 
  5.7        7,518        7,518 7.71875E+06           0          1 JACLD 
  5.6        7,371        7,371 7.71875E+06           0          1 JACU 
  5.0        6,582        6,582 7.71875E+06           0          1 BLTS 
  4.9        6,531        6,531 7.71875E+06           0          1 BUTS 
  3.9        1,107        5,112       32512      170688        157 EXCHANGE_3 
  3.0        3,910        3,910 3.54292E+06           0          1 MPI_Send() 
  1.7        2,314        2,314       57036           0         41 MPI_Wait() 
  0.7          428          977         128 2.85994E+06       7636 SETIV 
  0.5          599          599 3.14742E+06           0          0 EXACT 
  0.3           72          352          64         128       5511 ERHS 
  0.1          168          168         640           0        263 MPI_Allreduce() 
  0.1            3          141         256         256        554 L2NORM 
  0.1          107          107       57036           0          2 MPI_Irecv() 
  0.1           26           69          64      238392       1082 ERROR 
  0.0        0.759           61          64          65        965 READ_INPUT 
  0.0        0.732           60          64         640        953 BCAST_INPUTS 
  0.0           60           60         640           0         94 MPI_Bcast() 
  0.0            6           20         128       49152        162 SETBV 
  0.0        0.891            6          64         288         94 PINTGR 
  0.0            5            5         128           0         41 MPI_Barrier() 
  0.0            2            2          64           0         40 ALLOC_SPACE 
  0.0        0.094            1          64         336         17 EXCHANGE_4 
  0.0        0.171        0.181          64          64          3 PROC_GRID 
  0.0        0.162        0.162           1           0        162 VERIFY 
  0.0        0.015        0.134          16          42          8 EXCHANGE_5 
  0.0        0.012        0.116          16          42          7 EXCHANGE_6 
  0.0        0.047        0.047          64           0          1 SETCOEFF 
  0.0        0.025        0.025          64           0          0 MPI_Comm_size() 
  0.0        0.018        0.018          64           0          0 MPI_Comm_rank() 
  0.0        0.016        0.016          64           0          0 NEIGHBORS 
  0.0        0.014        0.014          64           0          0 SUBDOMAIN 
  0.0         0.01         0.01          64           0          0 ISQRT2 
  0.0        0.001        0.001           1           0          1 SET_CLASS 

FUNCTION SUMMARY (mean):
---------------------------------------------------------------------------------------
%Time    Exclusive    Inclusive       #Call      #Subrs  Inclusive Name
              msec   total msec                          usec/call 
---------------------------------------------------------------------------------------
100.0      0.00541        2,067           1           1    2067468 .TAU application
100.0         0.05        2,067           1     17.0156    2067462 APPLU 
 49.3           67        1,018           2      544931     509296 SSOR 
 25.3        0.042          522           1           3     522746 INIT_COMM 
 25.3          522          522           1           0     522703 MPI_Init() 
 24.3          502          502           1           0     502779 MPI_Finalize() 
 15.9           26          328       62248      108934          5 EXCHANGE_1 
 12.9          265          265       54467           0          5 MPI_Recv() 
  8.8          107          182         253         506        723 RHS 
  5.7          117          117      120606           0          1 JACLD 
  5.6          115          115      120606           0          1 JACU 
  5.0          102          102      120606           0          1 BLTS 
  4.9          102          102      120606           0          1 BUTS 
  3.9           17           79         508        2667        157 EXCHANGE_3 
  3.0           61           61     55358.2           0          1 MPI_Send() 
  1.7           36           36     891.188           0         41 MPI_Wait() 
  0.7            6           15           2     44686.5       7636 SETIV 
  0.5            9            9     49178.4           0          0 EXACT 
  0.3            1            5           1           2       5511 ERHS 
  0.1            2            2          10           0        263 MPI_Allreduce() 
  0.1       0.0547            2           4           4        554 L2NORM 
  0.1            1            1     891.188           0          2 MPI_Irecv() 
  0.1         0.42            1           1     3724.88       1082 ERROR 
  0.0       0.0119        0.965           1     1.01562        965 READ_INPUT 
  0.0       0.0114        0.953           1          10        953 BCAST_INPUTS 
  0.0        0.941        0.941          10           0         94 MPI_Bcast() 
  0.0        0.106        0.324           2         768        162 SETBV 
  0.0       0.0139       0.0943           1         4.5         94 PINTGR 
  0.0       0.0829       0.0829           2           0         41 MPI_Barrier() 
  0.0       0.0399       0.0399           1           0         40 ALLOC_SPACE 
  0.0      0.00147       0.0172           1        5.25         17 EXCHANGE_4 
  0.0      0.00267      0.00283           1           1          3 PROC_GRID 
  0.0      0.00253      0.00253    0.015625           0        162 VERIFY 
  0.0     0.000234      0.00209        0.25     0.65625          8 EXCHANGE_5 
  0.0     0.000188      0.00181        0.25     0.65625          7 EXCHANGE_6 
  0.0     0.000734     0.000734           1           0          1 SETCOEFF 
  0.0     0.000391     0.000391           1           0          0 MPI_Comm_size() 
  0.0     0.000281     0.000281           1           0          0 MPI_Comm_rank() 
  0.0      0.00025      0.00025           1           0          0 NEIGHBORS 
  0.0     0.000219     0.000219           1           0          0 SUBDOMAIN 
  0.0     0.000156     0.000156           1           0          0 ISQRT2 
  0.0     1.56E-05     1.56E-05    0.015625           0          1 SET_CLASS 
