Reading Profile files in profile.*

FUNCTION SUMMARY (total):
---------------------------------------------------------------------------------------
%Time    Exclusive    Inclusive       #Call      #Subrs  Inclusive Name
              msec   total msec                          usec/call 
---------------------------------------------------------------------------------------
100.0        0.314    19:55.418          64          64   18678420 .TAU application
100.0            4    19:55.418          64        1089   18678415 APPLU 
 92.9       48,887    18:30.638         128 2.15917E+08    8676867 SSOR 
 30.5     4:33.978     6:04.054       16192       32384      22484 RHS 
 21.9        7,776     4:21.706  1.0281E+07 1.79917E+07         25 EXCHANGE_1 
 20.6     4:06.498     4:06.498 8.99584E+06           0         27 MPI_Recv() 
  9.5     1:53.784     1:53.784 5.14048E+07           0          2 JACU 
  9.5     1:53.171     1:53.171 5.14048E+07           0          2 JACLD 
  8.7     1:43.604     1:43.604 5.14048E+07           0          2 BLTS 
  8.6     1:42.459     1:42.459 5.14048E+07           0          2 BUTS 
  7.8       23,971     1:32.645       32512      170688       2850 EXCHANGE_3 
  3.4       40,618       40,618       57036           0        712 MPI_Wait() 
  2.9       34,954       34,954 9.05288E+06           0          4 MPI_Send() 
  2.7            2       32,837          64         192     513082 INIT_COMM 
  2.7       32,834       32,834          64           0     513037 MPI_Init() 
  2.7       32,307       32,307          64           0     504806 MPI_Finalize() 
  1.1        5,709       13,668         128  4.9152E+07     106784 SETIV 
  0.7        8,709        8,709 5.35629E+07           0          0 EXACT 
  0.3        3,607        3,607         640           0       5636 MPI_Allreduce() 
  0.3        1,017        3,587          64         128      56050 ERHS 
  0.2           89        2,488         256         256       9721 L2NORM 
  0.2          503        2,038          64 4.09606E+06      31849 ERROR 
  0.0          535          535       57036           0          9 MPI_Irecv() 
  0.0          148          148         128           0       1162 MPI_Barrier() 
  0.0          122          122          64           0       1908 ALLOC_SPACE 
  0.0           40          121         128      314928        948 SETBV 
  0.0         0.87           75          64          65       1172 READ_INPUT 
  0.0        0.719           74          64         640       1158 BCAST_INPUTS 
  0.0           73           73         640           0        115 MPI_Bcast() 
  0.0            5           17          64         288        271 PINTGR 
  0.0        0.167            1          64         336         28 EXCHANGE_4 
  0.0         0.02        0.224          16          42         14 EXCHANGE_5 
  0.0        0.218        0.218           1           0        218 VERIFY 
  0.0         0.02        0.216          16          42         14 EXCHANGE_6 
  0.0        0.183        0.197          64          64          3 PROC_GRID 
  0.0        0.062        0.062          64           0          1 SETCOEFF 
  0.0        0.037        0.037          64           0          1 NEIGHBORS 
  0.0        0.025        0.025          64           0          0 MPI_Comm_size() 
  0.0        0.024        0.024          64           0          0 MPI_Comm_rank() 
  0.0        0.024        0.024          64           0          0 SUBDOMAIN 
  0.0        0.014        0.014          64           0          0 ISQRT2 
  0.0        0.001        0.001           1           0          1 SET_CLASS 

FUNCTION SUMMARY (mean):
---------------------------------------------------------------------------------------
%Time    Exclusive    Inclusive       #Call      #Subrs  Inclusive Name
              msec   total msec                          usec/call 
---------------------------------------------------------------------------------------
100.0      0.00491       18,678           1           1   18678420 .TAU application
100.0       0.0708       18,678           1     17.0156   18678415 APPLU 
 92.9          763       17,353           2  3.3737E+06    8676867 SSOR 
 30.5        4,280        5,688         253         506      22484 RHS 
 21.9          121        4,089      160640      281120         25 EXCHANGE_1 
 20.6        3,851        3,851      140560           0         27 MPI_Recv() 
  9.5        1,777        1,777      803200           0          2 JACU 
  9.5        1,768        1,768      803200           0          2 JACLD 
  8.7        1,618        1,618      803200           0          2 BLTS 
  8.6        1,600        1,600      803200           0          2 BUTS 
  7.8          374        1,447         508        2667       2850 EXCHANGE_3 
  3.4          634          634     891.188           0        712 MPI_Wait() 
  2.9          546          546      141451           0          4 MPI_Send() 
  2.7       0.0437          513           1           3     513082 INIT_COMM 
  2.7          513          513           1           0     513037 MPI_Init() 
  2.7          504          504           1           0     504806 MPI_Finalize() 
  1.1           89          213           2      768000     106784 SETIV 
  0.7          136          136      836921           0          0 EXACT 
  0.3           56           56          10           0       5636 MPI_Allreduce() 
  0.3           15           56           1           2      56050 ERHS 
  0.2            1           38           4           4       9721 L2NORM 
  0.2            7           31           1       64001      31849 ERROR 
  0.0            8            8     891.188           0          9 MPI_Irecv() 
  0.0            2            2           2           0       1162 MPI_Barrier() 
  0.0            1            1           1           0       1908 ALLOC_SPACE 
  0.0        0.632            1           2     4920.75        948 SETBV 
  0.0       0.0136            1           1     1.01562       1172 READ_INPUT 
  0.0       0.0112            1           1          10       1158 BCAST_INPUTS 
  0.0            1            1          10           0        115 MPI_Bcast() 
  0.0       0.0878        0.271           1         4.5        271 PINTGR 
  0.0      0.00261       0.0277           1        5.25         28 EXCHANGE_4 
  0.0     0.000313       0.0035        0.25     0.65625         14 EXCHANGE_5 
  0.0      0.00341      0.00341    0.015625           0        218 VERIFY 
  0.0     0.000313      0.00337        0.25     0.65625         14 EXCHANGE_6 
  0.0      0.00286      0.00308           1           1          3 PROC_GRID 
  0.0     0.000969     0.000969           1           0          1 SETCOEFF 
  0.0     0.000578     0.000578           1           0          1 NEIGHBORS 
  0.0     0.000391     0.000391           1           0          0 MPI_Comm_size() 
  0.0     0.000375     0.000375           1           0          0 MPI_Comm_rank() 
  0.0     0.000375     0.000375           1           0          0 SUBDOMAIN 
  0.0     0.000219     0.000219           1           0          0 ISQRT2 
  0.0     1.56E-05     1.56E-05    0.015625           0          1 SET_CLASS 
