Reading Profile files in profile.*

FUNCTION SUMMARY (total):
---------------------------------------------------------------------------------------
%Time    Exclusive    Inclusive       #Call      #Subrs  Inclusive Name
              msec   total msec                          usec/call 
---------------------------------------------------------------------------------------
100.0        0.181 55:05:00.674          32          32 6196896071 .TAU application
100.0            3 55:05:00.674          32         545 6196896065 APPLU 
 98.0  1:46:38.328 54:00:33.685          64 1.00211E+10 3038026337 SSOR 
 27.9 14:46:37.665 15:23:43.385        9696       19392    5716108 RHS 
 15.3  8:25:55.399  8:25:55.399 2.49547E+09           0         12 JACLD 
 15.2  8:21:52.675  8:21:52.675 2.49547E+09           0         12 BLTS 
 14.9  8:13:40.111  8:13:40.111 2.49547E+09           0         12 BUTS 
 14.9  8:12:00.789  8:12:00.789 2.49547E+09           0         12 JACU 
  6.5     2:39.277  3:35:38.816 3.92215E+07 6.37349E+07        330 EXCHANGE_1 
  6.3  3:29:20.739  3:29:20.739 3.18675E+07           0        394 MPI_Recv() 
  1.7    22:26.253    54:53.903          64 1.26597E+10   51467246 SETIV 
  1.1    11:55.359    37:22.415       19456       94848     115256 EXCHANGE_3 
  1.1    35:18.385    35:18.385 1.37272E+10           0          0 EXACT 
  0.5    16:44.572    16:44.572 3.18992E+07           0         31 MPI_Send() 
  0.4    12:10.650    12:10.650       31688           0      23058 MPI_Wait() 
  0.1     1:57.763     4:43.010          32 1.05498E+09    8844091 ERROR 
  0.1     3:41.303     3:57.998          32          64    7437452 ERHS 
  0.0       17,871       55,619         128         128     434526 L2NORM 
  0.0       49,284       49,284         320           0     154014 MPI_Allreduce() 
  0.0       22,916       22,916          32           0     716153 MPI_Finalize() 
  0.0            1       19,004          32          96     593898 INIT_COMM 
  0.0       19,003       19,003          32           0     593851 MPI_Init() 
  0.0       10,642       10,642       31688           0        336 MPI_Irecv() 
  0.0        1,384        9,718          64 1.24848E+07     151848 SETBV 
  0.0          174          314          32         152       9825 PINTGR 
  0.0           88           88          32           0       2763 ALLOC_SPACE 
  0.0         0.66           28          32          33        905 READ_INPUT 
  0.0        0.309           28          32         320        884 BCAST_INPUTS 
  0.0           27           27         320           0         87 MPI_Bcast() 
  0.0        0.274            6          32         156        209 EXCHANGE_4 
  0.0         0.16            1          16          42        123 EXCHANGE_5 
  0.0            1            1          64           0         18 MPI_Barrier() 
  0.0        0.076        0.773           8          18         97 EXCHANGE_6 
  0.0         0.23         0.23           1           0        230 VERIFY 
  0.0        0.088          0.1          32          32          3 PROC_GRID 
  0.0        0.027        0.027          32           0          1 SETCOEFF 
  0.0        0.014        0.014          32           0          0 MPI_Comm_rank() 
  0.0        0.014        0.014          32           0          0 NEIGHBORS 
  0.0        0.012        0.012          32           0          0 ISQRT2 
  0.0        0.011        0.011          32           0          0 SUBDOMAIN 
  0.0         0.01         0.01          32           0          0 MPI_Comm_size() 
  0.0            0            0           1           0          0 SET_CLASS 

FUNCTION SUMMARY (mean):
---------------------------------------------------------------------------------------
%Time    Exclusive    Inclusive       #Call      #Subrs  Inclusive Name
              msec   total msec                          usec/call 
---------------------------------------------------------------------------------------
100.0      0.00566  1:43:16.896           1           1 6196896071 .TAU application
100.0        0.103  1:43:16.896           1     17.0312 6196896065 APPLU 
 98.0     3:19.947  1:41:16.052           2  3.1316E+08 3038026337 SSOR 
 27.9    27:42.427    28:51.980         303         606    5716108 RHS 
 15.3    15:48.606    15:48.606 7.79834E+07           0         12 JACLD 
 15.2    15:41.021    15:41.021 7.79834E+07           0         12 BLTS 
 14.9    15:25.628    15:25.628 7.79834E+07           0         12 BUTS 
 14.9    15:22.524    15:22.524 7.79834E+07           0         12 JACU 
  6.5        4,977     6:44.338 1.22567E+06 1.99172E+06        330 EXCHANGE_1 
  6.3     6:32.523     6:32.523      995858           0        394 MPI_Recv() 
  1.7       42,070     1:42.934           2 3.95617E+08   51467246 SETIV 
  1.1       22,354     1:10.075         608        2964     115256 EXCHANGE_3 
  1.1     1:06.199     1:06.199 4.28975E+08           0          0 EXACT 
  0.5       31,392       31,392      996849           0         31 MPI_Send() 
  0.4       22,832       22,832      990.25           0      23058 MPI_Wait() 
  0.1        3,680        8,844           1 3.29681E+07    8844091 ERROR 
  0.1        6,915        7,437           1           2    7437452 ERHS 
  0.0          558        1,738           4           4     434526 L2NORM 
  0.0        1,540        1,540          10           0     154014 MPI_Allreduce() 
  0.0          716          716           1           0     716153 MPI_Finalize() 
  0.0       0.0465          593           1           3     593898 INIT_COMM 
  0.0          593          593           1           0     593851 MPI_Init() 
  0.0          332          332      990.25           0        336 MPI_Irecv() 
  0.0           43          303           2      390150     151848 SETBV 
  0.0            5            9           1        4.75       9825 PINTGR 
  0.0            2            2           1           0       2763 ALLOC_SPACE 
  0.0       0.0206        0.905           1     1.03125        905 READ_INPUT 
  0.0      0.00966        0.884           1          10        884 BCAST_INPUTS 
  0.0        0.875        0.875          10           0         87 MPI_Bcast() 
  0.0      0.00856        0.209           1       4.875        209 EXCHANGE_4 
  0.0        0.005       0.0613         0.5      1.3125        123 EXCHANGE_5 
  0.0       0.0366       0.0366           2           0         18 MPI_Barrier() 
  0.0      0.00237       0.0242        0.25      0.5625         97 EXCHANGE_6 
  0.0      0.00719      0.00719     0.03125           0        230 VERIFY 
  0.0      0.00275      0.00313           1           1          3 PROC_GRID 
  0.0     0.000844     0.000844           1           0          1 SETCOEFF 
  0.0     0.000438     0.000438           1           0          0 MPI_Comm_rank() 
  0.0     0.000438     0.000438           1           0          0 NEIGHBORS 
  0.0     0.000375     0.000375           1           0          0 ISQRT2 
  0.0     0.000344     0.000344           1           0          0 SUBDOMAIN 
  0.0     0.000313     0.000313           1           0          0 MPI_Comm_size() 
  0.0            0            0     0.03125           0          0 SET_CLASS 
